7 0.015 -10 0.625 1.0 0.625 0.625 0.625 1.0
7 0.013 -10 0.46296296296296297 0.9907407407407407 0.46296296296296297 0.46296296296296297 0.46296296296296297 0.9907407407407407
7 0.011 -10 0.35714285714285715 0.9357142857142857 0.35714285714285715 0.35714285714285715 0.35714285714285715 0.9357142857142857
7 0.009 -10 0.1984126984126984 0.9206349206349206 0.1984126984126984 0.1984126984126984 0.1984126984126984 0.9206349206349206
7 0.007 -10 0.07987220447284345 0.7412140575079872 0.07987220447284345 0.07987220447284345 0.07987220447284345 0.7412140575079872
7 0.005 -10 0.018832391713747645 0.45310734463276836 0.018832391713747645 0.018832391713747645 0.018832391713747645 0.45310734463276836
7 0.003 -10 0.0030629747610879687 0.19946091644204852 0.0030629747610879687 0.0030629747610879687 0.0030629747610879687 0.19939965694682676
7 0.001 -10 0.0001597772248978567 0.020797668774204348 0.0001597772248978567 0.0001597772248978567 0.0001597772248978567 0.02078625611528307
7 0.0007 -10 0.00012026680728631827 0.013025820358395085 0.00012026680728631827 0.00012026680728631827 0.00012026680728631827 0.013016569065526907
7 0.001 -10 0.00010116583508350228 0.020959537712600004 0.00010116583508350228 0.00010116583508350228 0.00010116583508350228 0.02095346776249499
7 0.0007 -10 3.8269513816442575e-05 0.012991734550405925 3.8269513816442575e-05 3.8269513816442575e-05 3.8269513816442575e-05 0.01298790759902428
