7 0.181 -10 0.7246376811594203 0.9927536231884058 0.7246376811594203 0.7246376811594203 0.7246376811594203 0.9927536231884058
7 0.128 -10 0.5 0.8 0.5 0.5 0.5 0.795
7 0.090496 -10 0.28653295128939826 0.5358166189111748 0.28653295128939826 0.28653295128939826 0.28653295128939826 0.5243553008595988
7 0.064 -10 0.1697792869269949 0.2903225806451613 0.1697792869269949 0.1697792869269949 0.1697792869269949 0.2869269949066214
7 0.045249 -10 0.07776049766718507 0.13530326594090203 0.07776049766718507 0.07776049766718507 0.07776049766718507 0.13374805598755832
7 0.032 -10 0.02905287623474724 0.06072051133062173 0.02905287623474724 0.02905287623474724 0.02905287623474724 0.0589773387565369
7 0.022624 -10 0.010759629868732516 0.019690122659780502 0.010759629868732516 0.010759629868732516 0.010759629868732516 0.01872175597159458
7 0.016 -10 0.003097509602279767 0.006473795068764713 0.003097509602279767 0.003097509602279767 0.003097509602279767 0.006009168628422748
7 0.011312 -10 0.000915197774239013 0.0019127633481595373 0.000915197774239013 0.000915197774239013 0.000915197774239013 0.001812091592993246
7 0.008 -10 0.00036038633415020905 0.0006414876747873721 0.00036038633415020905 0.00036038633415020905 0.00036038633415020905 0.0005730142712988323
7 0.005656 -10 0.00011258357923463431 0.00020039877103764908 0.00011258357923463431 0.00011258357923463431 0.00011258357923463431 0.00017675621939837588
7 0.004 -10 3.336963950111054e-05 6.373601144712114e-05 3.336963950111054e-05 3.336963950111054e-05 3.336963950111054e-05 5.739577994191013e-05
7 0.002828 -10 1.370822589511288e-05 3.1666001817710755e-05 1.370822589511288e-05 1.370822589511288e-05 1.370822589511288e-05 2.851310986183479e-05
7 0.002 -10 5.378935229013547e-06 8.06840284352032e-06 5.378935229013547e-06 5.378935229013547e-06 5.378935229013547e-06 6.8850370931373395e-06
7 0.001414 -10 1.6240116752148145e-06 2.9394611321388143e-06 1.6240116752148145e-06 1.6240116752148145e-06 1.6240116752148145e-06 2.3710570458136293e-06
7 0.001 -10 1.2716414458415729e-06 2.5559993061415616e-06 1.2716414458415729e-06 1.2716414458415729e-06 1.2716414458415729e-06 1.7167159518861235e-06
