7 0.181 -10 0.676132521974307 0.9837728194726166 0.676132521974307 0.676132521974307 0.676132521974307 0.9817444219066938
7 0.128 -10 0.5047955577990914 0.8187783947501261 0.5047955577990914 0.5047955577990914 0.5047955577990914 0.8086824835941444
7 0.090496 -10 0.29359953024075164 0.5405167351732237 0.29359953024075164 0.29359953024075164 0.29359953024075164 0.5322959483264826
7 0.064 -10 0.1583029919265474 0.29555168592686404 0.1583029919265474 0.1583029919265474 0.1583029919265474 0.288902960265949
7 0.045249 -10 0.06954586549829612 0.13408442868071493 0.06954586549829612 0.06954586549829612 0.06954586549829612 0.1309548647332916
7 0.032 -10 0.02512373439188001 0.04974499409592242 0.02512373439188001 0.02512373439188001 0.02512373439188001 0.048086827626058336
7 0.022624 -10 0.009189740573623607 0.018085409448891258 0.009189740573623607 0.009189740573623607 0.009189740573623607 0.017442127608737604
7 0.016 -10 0.0028687243069879255 0.006058745736358498 0.0028687243069879255 0.0028687243069879255 0.0028687243069879255 0.0057431860625898265
7 0.011312 -10 0.0009697627960200935 0.0019434046432242674 0.0009697627960200935 0.0009697627960200935 0.0009697627960200935 0.0018212145309257355
7 0.008 -10 0.0003261753074854624 0.0006670285038077705 0.0003261753074854624 0.0003261753074854624 0.0003261753074854624 0.0006197330842223784
7 0.005656 -10 0.00010500590448200903 0.0001999312421337452 0.00010500590448200903 0.00010500590448200903 0.00010500590448200903 0.00018113518523146558
7 0.004 -10 3.470977370650644e-05 6.667747529019887e-05 3.470977370650644e-05 3.470977370650644e-05 3.470977370650644e-05 6.0013198738549634e-05
7 0.002828 -10 1.2557026637735444e-05 3.823614611190443e-05 1.2557026637735444e-05 1.2557026637735444e-05 1.2557026637735444e-05 3.495876215945548e-05
7 0.002 -10 4.528844206486692e-06 8.106631129611178e-06 4.528844206486692e-06 4.528844206486692e-06 4.528844206486692e-06 7.0015931432284255e-06
7 0.001414 -10 1.5163171908843584e-06 2.9295248127885803e-06 1.5163171908843584e-06 1.5163171908843584e-06 1.5163171908843584e-06 2.4822112414776945e-06
7 0.001 -10 1.481926625894538e-06 1.9902274585763643e-06 1.481926625894538e-06 1.481926625894538e-06 1.481926625894538e-06 8.847101956590392e-07
7 0.181 -10 0.676132521974307 0.9837728194726166 0.676132521974307 0.676132521974307 0.676132521974307 0.9817444219066938
7 0.128 -10 0.5047955577990914 0.8187783947501261 0.5047955577990914 0.5047955577990914 0.5047955577990914 0.8086824835941444
7 0.090496 -10 0.29359953024075164 0.5405167351732237 0.29359953024075164 0.29359953024075164 0.29359953024075164 0.5322959483264826
7 0.064 -10 0.1583029919265474 0.29555168592686404 0.1583029919265474 0.1583029919265474 0.1583029919265474 0.288902960265949
7 0.045249 -10 0.06954586549829612 0.13408442868071493 0.06954586549829612 0.06954586549829612 0.06954586549829612 0.1309548647332916
7 0.032 -10 0.02512373439188001 0.04974499409592242 0.02512373439188001 0.02512373439188001 0.02512373439188001 0.048086827626058336
7 0.022624 -10 0.009189740573623607 0.018085409448891258 0.009189740573623607 0.009189740573623607 0.009189740573623607 0.017442127608737604
7 0.016 -10 0.0028687243069879255 0.006058745736358498 0.0028687243069879255 0.0028687243069879255 0.0028687243069879255 0.0057431860625898265
7 0.011312 -10 0.0009697627960200935 0.0019434046432242674 0.0009697627960200935 0.0009697627960200935 0.0009697627960200935 0.0018212145309257355
7 0.008 -10 0.0003261753074854624 0.0006670285038077705 0.0003261753074854624 0.0003261753074854624 0.0003261753074854624 0.0006197330842223784
7 0.005656 -10 0.00010500590448200903 0.0001999312421337452 0.00010500590448200903 0.00010500590448200903 0.00010500590448200903 0.00018113518523146558
7 0.004 -10 3.470977370650644e-05 6.667747529019887e-05 3.470977370650644e-05 3.470977370650644e-05 3.470977370650644e-05 6.0013198738549634e-05
7 0.002828 -10 1.2557026637735444e-05 3.823614611190443e-05 1.2557026637735444e-05 1.2557026637735444e-05 1.2557026637735444e-05 3.495876215945548e-05
7 0.002 -10 4.528844206486692e-06 8.106631129611178e-06 4.528844206486692e-06 4.528844206486692e-06 4.528844206486692e-06 7.0015931432284255e-06
7 0.001414 -10 1.5163171908843584e-06 2.9295248127885803e-06 1.5163171908843584e-06 1.5163171908843584e-06 1.5163171908843584e-06 2.4822112414776945e-06
7 0.001 -10 1.481926625894538e-06 1.9902274585763643e-06 1.481926625894538e-06 1.481926625894538e-06 1.481926625894538e-06 8.847101956590392e-07
