10 0.181 -10 0.7189072609633357 0.9978432782171099 0.7189072609633357 0.7189072609633357 0.7189072609633357 0.9978432782171099
10 0.128 -10 0.573394495412844 0.8784403669724771 0.573394495412844 0.573394495412844 0.573394495412844 0.8767201834862385
10 0.090496 -10 0.33112582781456956 0.5592715231788079 0.33112582781456956 0.33112582781456956 0.33112582781456956 0.5562913907284768
10 0.064 -10 0.15130882130428203 0.2605537902859737 0.15130882130428203 0.15130882130428203 0.15130882130428203 0.2578302315024966
10 0.045249 -10 0.050846595820409825 0.08796461076930899 0.050846595820409825 0.050846595820409825 0.050846595820409825 0.08710021864036203
10 0.032 -10 0.014177157763411592 0.024483951457411817 0.014177157763411592 0.014177157763411592 0.014177157763411592 0.024172053986616763
10 0.022624 -10 0.0037003185974312388 0.006216535243684481 0.0037003185974312388 0.0037003185974312388 0.0037003185974312388 0.0061018253671641124
10 0.016 -10 0.0008126929637855888 0.0013523210917392198 0.0008126929637855888 0.0008126929637855888 0.0008126929637855888 0.001320626066151582
10 0.011312 -10 0.0001824855480570216 0.00029215936243929164 0.0001824855480570216 0.0001824855480570216 0.0001824855480570216 0.0002848599405170108
10 0.008 -10 4.231124140716865e-05 6.95173696319781e-05 4.231124140716865e-05 4.231124140716865e-05 4.231124140716865e-05 6.765567501006267e-05
10 0.005656 -10 1.034021328385693e-05 1.6978630212093078e-05 1.034021328385693e-05 1.034021328385693e-05 1.034021328385693e-05 1.6513320614319516e-05
10 0.004 -10 2.4425700547227776e-06 3.991159469417019e-06 2.4425700547227776e-06 2.4425700547227776e-06 2.4425700547227776e-06 3.89589923728283e-06
10 0.002828 -10 5.701568346540521e-07 9.458901886910725e-07 5.701568346540521e-07 5.701568346540521e-07 5.701568346540521e-07 9.208032879662942e-07
10 0.002 -10 1.2808032043540325e-07 2.69352913875653e-07 1.2808032043540325e-07 1.2808032043540325e-07 1.2808032043540325e-07 2.6346121913562446e-07
10 0.001414 -10 4.1024989505047694e-08 7.610135553186348e-08 4.1024989505047694e-08 4.1024989505047694e-08 4.1024989505047694e-08 7.441933096215652e-08
10 0.001 -10 1.5610188999748742e-08 2.5397777502591203e-08 1.5610188999748742e-08 1.5610188999748742e-08 1.5610188999748742e-08 2.506996353359648e-08
