6 0.181 -10 0.6516129032258065 0.9806451612903225 0.6516129032258065 0.6516129032258065 0.6516129032258065 0.9806451612903225
6 0.128 -10 0.5372340425531915 0.7872340425531915 0.5372340425531915 0.5372340425531915 0.5372340425531915 0.776595744680851
6 0.090496 -10 0.321656050955414 0.5095541401273885 0.321656050955414 0.321656050955414 0.321656050955414 0.5031847133757962
6 0.064 -10 0.20119521912350596 0.34462151394422313 0.20119521912350596 0.20119521912350596 0.20119521912350596 0.3426294820717131
6 0.045249 -10 0.09240622140896615 0.17840805123513268 0.09240622140896615 0.09240622140896615 0.09240622140896615 0.1747483989021043
6 0.032 -10 0.040271132376395534 0.08452950558213716 0.040271132376395534 0.040271132376395534 0.040271132376395534 0.08293460925039872
6 0.022624 -10 0.019573643410852715 0.035465116279069765 0.019573643410852715 0.019573643410852715 0.019573643410852715 0.03488372093023256
6 0.016 -10 0.008133354807537446 0.016669350942180704 0.008133354807537446 0.008133354807537446 0.008133354807537446 0.01650829441133838
6 0.011312 -10 0.005176832393644285 0.00743208610968734 0.005176832393644285 0.005176832393644285 0.005176832393644285 0.007380830343413634
6 0.008 -10 0.001474172784726986 0.0028169836381416666 0.001474172784726986 0.001474172784726986 0.001474172784726986 0.002787792097850043
6 0.005656 -10 0.0005642016825499681 0.0011842649178276559 0.0005642016825499681 0.0005642016825499681 0.0005642016825499681 0.0011730926072821121
6 0.004 -10 0.00024036974101945328 0.00048787917731671213 0.00024036974101945328 0.00024036974101945328 0.00024036974101945328 0.00047121988833516583
6 0.002828 -10 6.861534239055853e-05 0.00021807450403335928 6.861534239055853e-05 6.861534239055853e-05 6.861534239055853e-05 0.0002153570647307629
6 0.002 -10 5.004305684792163e-05 9.56268314024641e-05 5.004305684792163e-05 5.004305684792163e-05 5.004305684792163e-05 9.414040397133772e-05
6 0.001414 -10 1.9710413050244967e-05 4.234811516735799e-05 1.9710413050244967e-05 1.9710413050244967e-05 1.9710413050244967e-05 4.117719954061077e-05
6 0.001 -10 8.348268606286312e-06 1.6283256588499044e-05 8.348268606286312e-06 8.348268606286312e-06 8.348268606286312e-06 1.620060046368433e-05
