12 0.181 -10 1.0 1.0 1.0 1.0 1.0 0.0
12 0.128 -10 0.9245283018867925 0.9245283018867925 0.9245283018867925 0.9245283018867925 0.9245283018867925 0.0
12 0.090496 -10 0.6125 0.6125 0.6125 0.6125 0.6125 0.0
12 0.064 -10 0.23167848699763594 0.23167848699763594 0.23167848699763594 0.23167848699763594 0.23167848699763594 0.0
12 0.045249 -10 0.06767955801104972 0.06767955801104972 0.06767955801104972 0.06767955801104972 0.06767955801104972 0.0
12 0.032 -10 0.011651408869337772 0.011651408869337772 0.011651408869337772 0.011651408869337772 0.011651408869337772 0.0
12 0.022624 -10 0.0025974025974025974 0.0025974025974025974 0.0025974025974025974 0.0025974025974025974 0.0025974025974025974 0.0
12 0.016 -10 0.00044703950369491834 0.00044703950369491834 0.00044703950369491834 0.00044703950369491834 0.00044703950369491834 0.0
12 0.011312 -10 7.573497703993706e-05 7.573497703993706e-05 7.573497703993706e-05 7.573497703993706e-05 7.573497703993706e-05 0.0
12 0.008 -10 1.1340374394360362e-05 1.1340374394360362e-05 1.1340374394360362e-05 1.1340374394360362e-05 1.1340374394360362e-05 0.0
12 0.005656 -10 2.2866955781210926e-06 2.2866955781210926e-06 2.2866955781210926e-06 2.2866955781210926e-06 2.2866955781210926e-06 0.0
12 0.004 -10 5.208100302952538e-07 5.208100302952538e-07 5.208100302952538e-07 5.208100302952538e-07 5.208100302952538e-07 0.0
12 0.002828 -10 7.934910942502746e-08 7.934910942502746e-08 7.934910942502746e-08 7.934910942502746e-08 7.934910942502746e-08 0.0
12 0.002 -10 2.2850550493311442e-08 2.2850550493311442e-08 2.2850550493311442e-08 2.2850550493311442e-08 2.2850550493311442e-08 0.0
12 0.001414 -10 4.269383030804167e-09 4.269383030804167e-09 4.269383030804167e-09 4.269383030804167e-09 4.269383030804167e-09 0.0
12 0.001 -10 1.3038498981407416e-09 1.3038498981407416e-09 1.3038498981407416e-09 1.3038498981407416e-09 1.3038498981407416e-09 0.0
