12 0.181 -10 0.7092198581560284 0.9985815602836879 0.9460992907801419 0.8397163120567376 0.7092198581560284 0.9985815602836879
12 0.128 -10 0.48285852245292127 0.9077740222114921 0.8198937711250603 0.6422018348623854 0.48285852245292127 0.9072911636890391
12 0.090496 -10 0.19743336623889438 0.5770977295162882 0.4704837117472853 0.32161895360315895 0.19743336623889438 0.5759131293188549
12 0.064 -10 0.059988002399520096 0.24337132573485304 0.18938212357528494 0.11655668866226755 0.059988002399520096 0.24247150569886022
12 0.045249 -10 0.01330884505842583 0.07065665841518273 0.054739279725305436 0.031475418563177086 0.01330884505842583 0.0703372461337805
12 0.032 -10 0.002842499921831252 0.01550583707358948 0.01223696216348354 0.0071517298033274305 0.002842499921831252 0.01539213707671623
12 0.022624 -10 0.0005311847970661601 0.0028444945882892874 0.002298967801702341 0.001356645971706973 0.0005311847970661601 0.0028142170548565164
12 0.016 -10 9.731786135046439e-05 0.0004943747356603591 0.00040435571391117954 0.0002467980963847777 9.731786135046439e-05 0.0004887302997020322
12 0.011312 -10 1.7255668491413348e-05 8.586420641327282e-05 7.017880375457808e-05 4.355330727232729e-05 1.7255668491413348e-05 8.484612197227942e-05
12 0.008 -10 3.039915916898512e-06 1.548533168068102e-05 1.2627810718796418e-05 7.870342308850247e-06 3.039915916898512e-06 1.5275577482415022e-05
12 0.005656 -10 5.146686886091736e-07 3.01441450918393e-06 2.38548937170352e-06 1.419456243184101e-06 5.146686886091736e-07 2.967064989831886e-06
12 0.004 -10 9.16324764974106e-08 5.928621229382466e-07 4.6924991214323967e-07 2.7086560052634576e-07 9.16324764974106e-08 5.847068325299771e-07
