10 0.181 -10 1.0 1.0 1.0 1.0 1.0 0.0
10 0.128 -10 0.7553191489361702 0.7553191489361702 0.7553191489361702 0.7553191489361702 0.7553191489361702 0.0
10 0.090496 -10 0.4251497005988024 0.4251497005988024 0.4251497005988024 0.4251497005988024 0.4251497005988024 0.0
10 0.064 -10 0.20170454545454544 0.20170454545454544 0.20170454545454544 0.20170454545454544 0.20170454545454544 0.0
10 0.045249 -10 0.0412071967498549 0.0412071967498549 0.0412071967498549 0.0412071967498549 0.0412071967498549 0.0
10 0.032 -10 0.011685319289005925 0.011685319289005925 0.011685319289005925 0.011685319289005925 0.011685319289005925 0.0
10 0.022624 -10 0.002206887977122964 0.002206887977122964 0.002206887977122964 0.002206887977122964 0.002206887977122964 0.0
10 0.016 -10 0.0004721466713659669 0.0004721466713659669 0.0004721466713659669 0.0004721466713659669 0.0004721466713659669 0.0
10 0.011312 -10 5.8759512213288756e-05 5.8759512213288756e-05 5.8759512213288756e-05 5.8759512213288756e-05 5.8759512213288756e-05 0.0
10 0.008 -10 1.2359435358325272e-05 1.2359435358325272e-05 1.2359435358325272e-05 1.2359435358325272e-05 1.2359435358325272e-05 0.0
10 0.005656 -10 2.5686636350164858e-06 2.5686636350164858e-06 2.5686636350164858e-06 2.5686636350164858e-06 2.5686636350164858e-06 0.0
10 0.004 -10 5.050410027496638e-07 5.050410027496638e-07 5.050410027496638e-07 5.050410027496638e-07 5.050410027496638e-07 0.0
10 0.002828 -10 9.348357124590604e-08 9.348357124590604e-08 9.348357124590604e-08 9.348357124590604e-08 9.348357124590604e-08 0.0
10 0.002 -10 2.7565593252202743e-08 2.7565593252202743e-08 2.7565593252202743e-08 2.7565593252202743e-08 2.7565593252202743e-08 0.0
10 0.001414 -10 6.519461809564825e-09 6.519461809564825e-09 6.519461809564825e-09 6.519461809564825e-09 6.519461809564825e-09 0.0
10 0.001 -10 1.5266576519381756e-09 1.5266576519381756e-09 1.5266576519381756e-09 1.5266576519381756e-09 1.5266576519381756e-09 0.0
