6 0.181 -10 0.5813953488372093 0.9651162790697675 0.5813953488372093 0.5813953488372093 0.5813953488372093 0.9534883720930233
6 0.128 -10 0.4672897196261682 0.7757009345794392 0.4672897196261682 0.4672897196261682 0.4672897196261682 0.7663551401869159
6 0.090496 -10 0.2457002457002457 0.5577395577395577 0.2457002457002457 0.2457002457002457 0.2457002457002457 0.5577395577395577
6 0.064 -10 0.14684287812041116 0.315712187958884 0.14684287812041116 0.14684287812041116 0.14684287812041116 0.30983847283406757
6 0.045249 -10 0.09182736455463728 0.19008264462809918 0.09182736455463728 0.09182736455463728 0.09182736455463728 0.1891643709825528
6 0.032 -10 0.05249343832020997 0.08766404199475065 0.05249343832020997 0.05249343832020997 0.05249343832020997 0.08661417322834646
6 0.022624 -10 0.020512820512820513 0.031384615384615386 0.020512820512820513 0.020512820512820513 0.020512820512820513 0.031384615384615386
6 0.016 -10 0.008530967411704487 0.015355741341068077 0.008530967411704487 0.008530967411704487 0.008530967411704487 0.015355741341068077
6 0.011312 -10 0.0034600878862323103 0.0072315836822255284 0.0034600878862323103 0.0034600878862323103 0.0034600878862323103 0.007162381924500883
6 0.008 -10 0.001745383460746326 0.00321150556777324 0.001745383460746326 0.001745383460746326 0.001745383460746326 0.00321150556777324
6 0.005656 -10 0.0008244838730954423 0.0015500296814194314 0.0008244838730954423 0.0008244838730954423 0.0008244838730954423 0.0015170503264956138
6 0.004 -10 0.0003320824892903397 0.0006741274532593896 0.0003320824892903397 0.0003320824892903397 0.0003320824892903397 0.0006708066283664863
6 0.002828 -10 0.00013470589661591847 0.0002963529725550206 0.00013470589661591847 0.00013470589661591847 0.00013470589661591847 0.0002936588546227023
6 0.002 -10 0.00011303087777519062 0.0001650250815517783 0.00011303087777519062 0.00011303087777519062 0.00011303087777519062 0.0001616341552185226
6 0.001414 -10 3.938552282706132e-05 7.207550677352221e-05 3.938552282706132e-05 3.938552282706132e-05 3.938552282706132e-05 7.16816515452516e-05
6 0.001 -10 2.7557691337873556e-05 3.9131921699780445e-05 2.7557691337873556e-05 2.7557691337873556e-05 2.7557691337873556e-05 3.8856344786401715e-05
