6 0.181 -10 0.908273381294964 0.908273381294964 0.908273381294964 0.908273381294964 0.908273381294964 0.0
6 0.128 -10 0.6751336898395722 0.6751336898395722 0.6751336898395722 0.6751336898395722 0.6751336898395722 0.0
6 0.090496 -10 0.4265202702702703 0.4265202702702703 0.4265202702702703 0.4265202702702703 0.4265202702702703 0.0
6 0.064 -10 0.23159825728044026 0.23159825728044026 0.23159825728044026 0.23159825728044026 0.23159825728044026 0.0
6 0.045249 -10 0.11937123271480912 0.11937123271480912 0.11937123271480912 0.11937123271480912 0.11937123271480912 0.0
6 0.032 -10 0.05260416666666667 0.05260416666666667 0.05260416666666667 0.05260416666666667 0.05260416666666667 0.0
6 0.022624 -10 0.020839781285463738 0.020839781285463738 0.020839781285463738 0.020839781285463738 0.020839781285463738 0.0
6 0.016 -10 0.007451784739335094 0.007451784739335094 0.007451784739335094 0.007451784739335094 0.007451784739335094 0.0
6 0.011312 -10 0.0023673576538313693 0.0023673576538313693 0.0023673576538313693 0.0023673576538313693 0.0023673576538313693 0.0
6 0.008 -10 0.0007532518478908575 0.0007532518478908575 0.0007532518478908575 0.0007532518478908575 0.0007532518478908575 0.0
6 0.005656 -10 0.00023836034514577978 0.00023836034514577978 0.00023836034514577978 0.00023836034514577978 0.00023836034514577978 0.0
6 0.004 -10 8.731854600961161e-05 8.731854600961161e-05 8.731854600961161e-05 8.731854600961161e-05 8.731854600961161e-05 0.0
6 0.002829 -10 2.779993974294249e-05 2.779993974294249e-05 2.779993974294249e-05 2.779993974294249e-05 2.779993974294249e-05 0.0
6 0.001 -10 1.2629382506236761e-06 1.2629382506236761e-06 1.2629382506236761e-06 1.2629382506236761e-06 1.2629382506236761e-06 0.0
6 0.000707 -10 4.5464775235631543e-07 4.5464775235631543e-07 4.5464775235631543e-07 4.5464775235631543e-07 4.5464775235631543e-07 0.0
6 0.0005 -10 1.8194931450864134e-07 1.8194931450864134e-07 1.8194931450864134e-07 1.8194931450864134e-07 1.8194931450864134e-07 0.0
6 0.00035 -10 8.321410444186937e-08 8.321410444186937e-08 8.321410444186937e-08 8.321410444186937e-08 8.321410444186937e-08 0.0
6 0.00025 -10 4.12568666709231e-08 4.12568666709231e-08 4.12568666709231e-08 4.12568666709231e-08 4.12568666709231e-08 0.0
6 0.000177 -10 1.9339725527818398e-08 1.9339725527818398e-08 1.9339725527818398e-08 1.9339725527818398e-08 1.9339725527818398e-08 0.0
6 0.0001 -10 8.647925755427302e-09 8.647925755427302e-09 8.647925755427302e-09 8.647925755427302e-09 8.647925755427302e-09 0.0
