6 0.181 -10 0.6172839506172839 0.9876543209876543 0.6172839506172839 0.6172839506172839 0.6172839506172839 0.9876543209876543
6 0.128 -10 0.4716981132075472 0.7547169811320755 0.4716981132075472 0.4716981132075472 0.4716981132075472 0.7358490566037735
6 0.090496 -10 0.24752475247524752 0.5495049504950495 0.24752475247524752 0.24752475247524752 0.24752475247524752 0.5495049504950495
6 0.064 -10 0.1440922190201729 0.31412103746397696 0.1440922190201729 0.1440922190201729 0.1440922190201729 0.3112391930835735
6 0.045249 -10 0.09025270758122744 0.17870036101083034 0.09025270758122744 0.09025270758122744 0.09025270758122744 0.17689530685920576
6 0.032 -10 0.07142857142857142 0.10428571428571429 0.07142857142857142 0.07142857142857142 0.07142857142857142 0.10142857142857142
6 0.022624 -10 0.02066115702479339 0.03016528925619835 0.02066115702479339 0.02066115702479339 0.02066115702479339 0.03016528925619835
6 0.016 -10 0.009330098899048329 0.01642097406232506 0.009330098899048329 0.009330098899048329 0.009330098899048329 0.01642097406232506
6 0.011312 -10 0.0035801231562365746 0.008019475869969928 0.0035801231562365746 0.0035801231562365746 0.0035801231562365746 0.007876270943720464
6 0.008 -10 0.0020418163998693235 0.0034710878797778503 0.0020418163998693235 0.0020418163998693235 0.0020418163998693235 0.0034710878797778503
6 0.005656 -10 0.0007398857616384031 0.001464973808044038 0.0007398857616384031 0.0007398857616384031 0.0007398857616384031 0.00145017609281127
6 0.004 -10 0.0004131480226735635 0.0007849812430797706 0.0004131480226735635 0.0004131480226735635 0.0004131480226735635 0.0007767182826262993
6 0.002828 -10 0.00011650014912019087 0.0002912503728004772 0.00011650014912019087 0.00011650014912019087 0.00011650014912019087 0.0002889203698180734
6 0.002 -10 0.00011254949363982812 0.00016432226071414906 0.00011254949363982812 0.00011254949363982812 0.00011254949363982812 0.00016432226071414906
6 0.001414 -10 3.741461983753075e-05 6.884290050105659e-05 3.741461983753075e-05 3.741461983753075e-05 3.741461983753075e-05 6.884290050105659e-05
6 0.001 -10 2.3413950687410178e-05 3.277953096237425e-05 2.3413950687410178e-05 2.3413950687410178e-05 2.3413950687410178e-05 3.231125194862605e-05
