10 0.181 -10 0.6510416666666666 0.9947916666666666 0.931640625 0.7819010416666666 0.6510416666666666 0.9947916666666666
10 0.128 -10 0.44503782821539833 0.87716955941255 0.7708055184690699 0.5896751223854028 0.44503782821539833 0.8744993324432577
10 0.090496 -10 0.1941747572815534 0.553009708737864 0.45805825242718445 0.29883495145631067 0.1941747572815534 0.5502912621359223
10 0.064 -10 0.06781040211568455 0.25896792567979926 0.21163626500305147 0.1263307791415203 0.06781040211568455 0.25700142401844445
10 0.045249 -10 0.019080328181644724 0.08939133753100553 0.07204731921389047 0.041137187559626025 0.019080328181644724 0.08841824079374165
10 0.032 -10 0.004806583096208567 0.024479927708990233 0.02000019226332385 0.011487733599938476 0.004806583096208567 0.02409540106129355
10 0.022624 -10 0.0012130225246152597 0.006026295902288609 0.004889693796724112 0.002855455022944321 0.0012130225246152597 0.00591105876245016
10 0.016 -10 0.0002962220433041081 0.0013279634201323165 0.0011007611129180655 0.0006848653641190978 0.0002962220433041081 0.001293897885152344
10 0.011312 -10 6.657853887404372e-05 0.0003034649801878913 0.00025772552398142324 0.0001649150407910063 6.657853887404372e-05 0.00029554213406188007
10 0.008 -10 1.5089503465251657e-05 6.891376232580433e-05 5.776261926498335e-05 3.5897928743833696e-05 1.5089503465251657e-05 6.720864843423088e-05
10 0.005656 -10 3.170803444811595e-06 1.679891665061183e-05 1.4192516218976701e-05 8.672147421559714e-06 3.170803444811595e-06 1.641524943378963e-05
10 0.004 -10 7.52942462815208e-07 3.974030318738667e-06 3.324240973329143e-06 2.0065916634025295e-06 7.52942462815208e-07 3.8814183958123975e-06
