6 0.181 -10 0.6193868070610096 0.9544750696810158 0.6193868070610096 0.6193868070610096 0.6193868070610096 0.9519975224527718
6 0.128 -10 0.4670714619336759 0.7933208780943485 0.4670714619336759 0.4670714619336759 0.4670714619336759 0.7891172349369453
6 0.090496 -10 0.26392187912377935 0.5732383214568487 0.26392187912377935 0.26392187912377935 0.26392187912377935 0.5702032198469253
6 0.064 -10 0.15254366562428495 0.30714667073449775 0.15254366562428495 0.15254366562428495 0.15254366562428495 0.3033330790938906
6 0.045249 -10 0.07457121551081283 0.166331096196868 0.07457121551081283 0.07457121551081283 0.07457121551081283 0.16480238627889635
6 0.032 -10 0.043541680273441755 0.08253325495830884 0.043541680273441755 0.043541680273441755 0.043541680273441755 0.08188012975420722
6 0.022624 -10 0.02325283975305484 0.03575124112032182 0.02325283975305484 0.02325283975305484 0.02325283975305484 0.03528618432526072
6 0.016 -10 0.009508098522916895 0.017067036848635826 0.009508098522916895 0.009508098522916895 0.009508098522916895 0.016924415370792072
6 0.011312 -10 0.0034543149575291974 0.007737665504865402 0.0034543149575291974 0.0034543149575291974 0.0034543149575291974 0.007672033520672348
6 0.008 -10 0.0020113035258150806 0.0036434763370140188 0.0020113035258150806 0.0020113035258150806 0.0020113035258150806 0.00361028982883807
6 0.005656 -10 0.0008187671250261493 0.0016395811678648641 0.0008187671250261493 0.0008187671250261493 0.0008187671250261493 0.0016293465788020372
6 0.004 -10 0.0004175618148071595 0.0007413810021901117 0.0004175618148071595 0.0004175618148071595 0.0004175618148071595 0.0007332385468013721
6 0.002828 -10 0.00017207927692287838 0.0003217022082073211 0.00017207927692287838 0.00017207927692287838 0.00017207927692287838 0.00031972329652270803
6 0.0026 -10 0.00020110300978808568 0.00028999054011441956 0.00020110300978808568 0.00020110300978808568 0.00020110300978808568 0.0002865717889480221
6 0.0023 -10 0.0001191923668254746 0.0002243200343655432 0.0001191923668254746 0.0001191923668254746 0.0001191923668254746 0.00022312811069728845
6 0.002 -10 0.00012870780644379495 0.00017349812308623558 0.00012870780644379495 0.00012870780644379495 0.00012870780644379495 0.00016873593424781517
6 0.0018 -10 7.594730593640598e-05 0.00012797121050284408 7.594730593640598e-05 7.594730593640598e-05 7.594730593640598e-05 0.00012121190027450394
6 0.0016 -10 7.924143128725883e-05 0.00010444020643660713 7.924143128725883e-05 7.924143128725883e-05 7.924143128725883e-05 0.00010095358345996774
6 0.001414 -10 4.274144116531633e-05 7.34084252014308e-05 4.274144116531633e-05 4.274144116531633e-05 4.274144116531633e-05 7.306649367210826e-05
6 0.0012 -10 4.119603288794654e-05 5.5243880102736315e-05 4.119603288794654e-05 4.119603288794654e-05 4.119603288794654e-05 5.503789993829658e-05
6 0.001 -10 2.4157969153558874e-05 3.413521041397869e-05 2.4157969153558874e-05 2.4157969153558874e-05 2.4157969153558874e-05 3.400234158363412e-05
6 0.0009 -10 2.211747826863761e-05 2.9703773314780308e-05 2.211747826863761e-05 2.211747826863761e-05 2.211747826863761e-05 2.8133432357707036e-05
6 0.0008 -10 1.0607359252196448e-05 2.135261417467145e-05 1.0607359252196448e-05 1.0607359252196448e-05 1.0607359252196448e-05 2.1278362659906075e-05
6 0.0007 -10 7.027819913267285e-06 1.5812594804851393e-05 7.027819913267285e-06 7.027819913267285e-06 7.027819913267285e-06 1.5756372245545253e-05
