12 0.181 -10 1.0 1.0 1.0 1.0 1.0 0.0
12 0.128 -10 0.8849557522123894 0.8849557522123894 0.8849557522123894 0.8849557522123894 0.8849557522123894 0.0
12 0.090496 -10 0.5319148936170213 0.5319148936170213 0.5319148936170213 0.5319148936170213 0.5319148936170213 0.0
12 0.064 -10 0.25773195876288657 0.25773195876288657 0.25773195876288657 0.25773195876288657 0.25773195876288657 0.0
12 0.045249 -10 0.0847457627118644 0.0847457627118644 0.0847457627118644 0.0847457627118644 0.0847457627118644 0.0
12 0.032 -10 0.02376425855513308 0.02376425855513308 0.02376425855513308 0.02376425855513308 0.02376425855513308 0.0
12 0.022624 -10 0.006206554121151936 0.006206554121151936 0.006206554121151936 0.006206554121151936 0.006206554121151936 0.0
12 0.016 -10 0.00143067656694851 0.00143067656694851 0.00143067656694851 0.00143067656694851 0.00143067656694851 0.0
12 0.011312 -10 0.00033565832667610985 0.00033565832667610985 0.00033565832667610985 0.00033565832667610985 0.00033565832667610985 0.0
12 0.008 -10 0.00012731133732921183 0.00012731133732921183 0.00012731133732921183 0.00012731133732921183 0.00012731133732921183 0.0
12 0.005656 -10 2.035613464687399e-05 2.035613464687399e-05 2.035613464687399e-05 2.035613464687399e-05 2.035613464687399e-05 0.0
12 0.004 -10 9.802669325673396e-06 9.802669325673396e-06 9.802669325673396e-06 9.802669325673396e-06 9.802669325673396e-06 0.0
12 0.002828 -10 1.7559017702193932e-06 1.7559017702193932e-06 1.7559017702193932e-06 1.7559017702193932e-06 1.7559017702193932e-06 0.0
12 0.002 -10 2.6584775491384883e-07 2.6584775491384883e-07 2.6584775491384883e-07 2.6584775491384883e-07 2.6584775491384883e-07 0.0
12 0.001414 -10 1.8079728398509555e-07 1.8079728398509555e-07 1.8079728398509555e-07 1.8079728398509555e-07 1.8079728398509555e-07 0.0
12 0.001 -10 1.0032948846119382e-07 1.0032948846119382e-07 1.0032948846119382e-07 1.0032948846119382e-07 1.0032948846119382e-07 0.0
