10 0.181 -10 1.0 1.0 1.0 1.0 1.0 0.0
10 0.128 -10 0.8849557522123894 0.8849557522123894 0.8849557522123894 0.8849557522123894 0.8849557522123894 0.0
10 0.090496 -10 0.5649717514124294 0.5649717514124294 0.5649717514124294 0.5649717514124294 0.5649717514124294 0.0
10 0.064 -10 0.3003003003003003 0.3003003003003003 0.3003003003003003 0.3003003003003003 0.3003003003003003 0.0
10 0.045249 -10 0.11834319526627218 0.11834319526627218 0.11834319526627218 0.11834319526627218 0.11834319526627218 0.0
10 0.032 -10 0.03484320557491289 0.03484320557491289 0.03484320557491289 0.03484320557491289 0.03484320557491289 0.0
10 0.022624 -10 0.014568764568764568 0.014568764568764568 0.014568764568764568 0.014568764568764568 0.014568764568764568 0.0
10 0.016 -10 0.0033337778370449394 0.0033337778370449394 0.0033337778370449394 0.0033337778370449394 0.0033337778370449394 0.0
10 0.011312 -10 0.0012082401981513924 0.0012082401981513924 0.0012082401981513924 0.0012082401981513924 0.0012082401981513924 0.0
10 0.008 -10 0.00026986401552257815 0.00026986401552257815 0.00026986401552257815 0.00026986401552257815 0.00026986401552257815 0.0
10 0.005656 -10 0.00011531272233734275 0.00011531272233734275 0.00011531272233734275 0.00011531272233734275 0.00011531272233734275 0.0
10 0.004 -10 2.6292230251577206e-05 2.6292230251577206e-05 2.6292230251577206e-05 2.6292230251577206e-05 2.6292230251577206e-05 0.0
10 0.002828 -10 9.259185528707827e-06 9.259185528707827e-06 9.259185528707827e-06 9.259185528707827e-06 9.259185528707827e-06 0.0
10 0.002 -10 2.457287671424074e-06 2.457287671424074e-06 2.457287671424074e-06 2.457287671424074e-06 2.457287671424074e-06 0.0
10 0.001414 -10 1.0651403517866733e-06 1.0651403517866733e-06 1.0651403517866733e-06 1.0651403517866733e-06 1.0651403517866733e-06 0.0
10 0.001 -10 2.692053310871702e-07 2.692053310871702e-07 2.692053310871702e-07 2.692053310871702e-07 2.692053310871702e-07 0.0
