7 0.181 -10 0.6666666666666666 1.0 0.6666666666666666 0.6666666666666666 0.6666666666666666 1.0
7 0.128 -10 0.4 0.92 0.4 0.4 0.4 0.92
7 0.090496 -10 0.30303030303030304 0.5757575757575758 0.30303030303030304 0.30303030303030304 0.30303030303030304 0.5757575757575758
7 0.064 -10 0.15873015873015872 0.3492063492063492 0.15873015873015872 0.15873015873015872 0.15873015873015872 0.31746031746031744
7 0.045249 -10 0.11904761904761904 0.20238095238095238 0.11904761904761904 0.11904761904761904 0.11904761904761904 0.20238095238095238
7 0.032 -10 0.04672897196261682 0.11214953271028037 0.04672897196261682 0.04672897196261682 0.04672897196261682 0.11214953271028037
7 0.022624 -10 0.026041666666666668 0.041666666666666664 0.026041666666666668 0.026041666666666668 0.026041666666666668 0.041666666666666664
7 0.016 -10 0.010395010395010396 0.02286902286902287 0.010395010395010396 0.010395010395010396 0.010395010395010396 0.02286902286902287
7 0.011312 -10 0.0034602076124567475 0.011418685121107266 0.0034602076124567475 0.0034602076124567475 0.0034602076124567475 0.011418685121107266
7 0.008 -10 0.0010822510822510823 0.0021645021645021645 0.0010822510822510823 0.0010822510822510823 0.0010822510822510823 0.0021645021645021645
7 0.005656 -10 0.00045941103505306197 0.001194468691137961 0.00045941103505306197 0.00045941103505306197 0.00045941103505306197 0.001194468691137961
7 0.004 -10 0.0001488250264164422 0.0002976500528328844 0.0001488250264164422 0.0001488250264164422 0.0001488250264164422 0.0002976500528328844
7 0.002828 -10 0.000745489786789921 0.0008945877441479052 0.000745489786789921 0.000745489786789921 0.000745489786789921 0.0008945877441479052
7 0.002 -10 1.3520127413680746e-05 3.244830579283379e-05 1.3520127413680746e-05 1.3520127413680746e-05 1.3520127413680746e-05 3.244830579283379e-05
7 0.001414 -10 7.08981017033269e-06 5.175561424342863e-05 7.08981017033269e-06 7.08981017033269e-06 7.08981017033269e-06 5.175561424342863e-05
7 0.001 -10 1.6161853855143566e-06 6.125342611099412e-05 1.6161853855143566e-06 1.6161853855143566e-06 1.6161853855143566e-06 6.125342611099412e-05
