5 0.181 -10 0.8849557522123894 0.9557522123893806 0.8849557522123894 0.8849557522123894 0.8849557522123894 0.8495575221238938
5 0.128 -10 0.8620689655172413 0.9396551724137931 0.8620689655172413 0.8620689655172413 0.8620689655172413 0.8448275862068966
5 0.090496 -10 0.6622516556291391 0.7880794701986755 0.6622516556291391 0.6622516556291391 0.6622516556291391 0.5827814569536424
5 0.064 -10 0.44642857142857145 0.6116071428571429 0.44642857142857145 0.44642857142857145 0.44642857142857145 0.5
5 0.045249 -10 0.34965034965034963 0.44755244755244755 0.34965034965034963 0.34965034965034963 0.34965034965034963 0.32167832167832167
5 0.032 -10 0.2785515320334262 0.3955431754874652 0.2785515320334262 0.2785515320334262 0.2785515320334262 0.31197771587743733
5 0.022624 -10 0.23094688221709006 0.2863741339491917 0.23094688221709006 0.23094688221709006 0.23094688221709006 0.12240184757505773
5 0.016 -10 0.1466275659824047 0.17888563049853373 0.1466275659824047 0.1466275659824047 0.1466275659824047 0.07038123167155426
5 0.011312 -10 0.09606147934678194 0.1287223823246878 0.09606147934678194 0.09606147934678194 0.09606147934678194 0.059558117195004805
5 0.008 -10 0.06844626967830253 0.09103353867214237 0.06844626967830253 0.06844626967830253 0.06844626967830253 0.038329911019849415
5 0.005656 -10 0.05109862033725089 0.0633622892181911 0.05109862033725089 0.05109862033725089 0.05109862033725089 0.013796627491057742
5 0.004 -10 0.03710575139146568 0.04452690166975881 0.03710575139146568 0.03710575139146568 0.03710575139146568 0.00816326530612245
5 0.002828 -10 0.024606299212598427 0.030757874015748032 0.024606299212598427 0.024606299212598427 0.024606299212598427 0.006151574803149607
5 0.002 -10 0.01731301939058172 0.020602493074792245 0.01731301939058172 0.01731301939058172 0.01731301939058172 0.003289473684210526
5 0.001414 -10 0.012481278082875686 0.015227159261108337 0.012481278082875686 0.012481278082875686 0.012481278082875686 0.0027458811782326512
5 0.001 -10 0.008211528986697324 0.00993595007390376 0.008211528986697324 0.008211528986697324 0.008211528986697324 0.0017244210872064379
