6 0.181 -10 0.970873786407767 0.970873786407767 0.970873786407767 0.970873786407767 0.970873786407767 0.0
6 0.128 -10 0.8547008547008547 0.8547008547008547 0.8547008547008547 0.8547008547008547 0.8547008547008547 0.0
6 0.090496 -10 0.5347593582887701 0.5347593582887701 0.5347593582887701 0.5347593582887701 0.5347593582887701 0.0
6 0.064 -10 0.31645569620253167 0.31645569620253167 0.31645569620253167 0.31645569620253167 0.31645569620253167 0.0
6 0.045249 -10 0.21321961620469082 0.21321961620469082 0.21321961620469082 0.21321961620469082 0.21321961620469082 0.0
6 0.032 -10 0.09354536950420954 0.09354536950420954 0.09354536950420954 0.09354536950420954 0.09354536950420954 0.0
6 0.022624 -10 0.05 0.05 0.05 0.05 0.05 0.0
6 0.016 -10 0.034002040122407345 0.034002040122407345 0.034002040122407345 0.034002040122407345 0.034002040122407345 0.0
6 0.011312 -10 0.013281976358082082 0.013281976358082082 0.013281976358082082 0.013281976358082082 0.013281976358082082 0.0
6 0.008 -10 0.004855311711011847 0.004855311711011847 0.004855311711011847 0.004855311711011847 0.004855311711011847 0.0
6 0.005656 -10 0.00295630580027198 0.00295630580027198 0.00295630580027198 0.00295630580027198 0.00295630580027198 0.0
6 0.004 -10 0.0010168491910964685 0.0010168491910964685 0.0010168491910964685 0.0010168491910964685 0.0010168491910964685 0.0
6 0.002828 -10 0.0009141937725120217 0.0009141937725120217 0.0009141937725120217 0.0009141937725120217 0.0009141937725120217 0.0
6 0.002 -10 0.00036384011410025977 0.00036384011410025977 0.00036384011410025977 0.00036384011410025977 0.00036384011410025977 0.0
6 0.001414 -10 0.00018118141151190453 0.00018118141151190453 0.00018118141151190453 0.00018118141151190453 0.00018118141151190453 0.0
6 0.001 -10 7.612070612611831e-05 7.612070612611831e-05 7.612070612611831e-05 7.612070612611831e-05 7.612070612611831e-05 0.0
