6 0.181 -10 0.6131207847946045 0.9552421827099938 0.6131207847946045 0.6131207847946045 0.6131207847946045 0.9521765787860208
6 0.128 -10 0.46274872744099954 0.7950023137436372 0.46274872744099954 0.46274872744099954 0.46274872744099954 0.7903748264692272
6 0.090496 -10 0.2696871628910464 0.5817152103559871 0.2696871628910464 0.2696871628910464 0.2696871628910464 0.5782092772384034
6 0.064 -10 0.1519756838905775 0.30942249240121583 0.1519756838905775 0.1519756838905775 0.1519756838905775 0.3059270516717325
6 0.045249 -10 0.07291818579553741 0.16486801808371007 0.07291818579553741 0.07291818579553741 0.07291818579553741 0.16362840892518593
6 0.032 -10 0.04348771472059143 0.08140900195694717 0.04348771472059143 0.04348771472059143 0.04348771472059143 0.0807131985214177
6 0.022624 -10 0.023001725129384705 0.036273720529039676 0.023001725129384705 0.023001725129384705 0.023001725129384705 0.035882691201840136
6 0.016 -10 0.009549547828910302 0.017236933831183094 0.009549547828910302 0.009549547828910302 0.009549547828910302 0.01711278970940726
6 0.011312 -10 0.0034811062955807355 0.0076758393817555216 0.0034811062955807355 0.0034811062955807355 0.0034811062955807355 0.007609698362139488
6 0.008 -10 0.0019998560103672534 0.0036497372189202375 0.0019998560103672534 0.0019998560103672534 0.0019998560103672534 0.0036237390907854633
6 0.005656 -10 0.00083122548404338 0.0016724256738952805 0.00083122548404338 0.00083122548404338 0.00083122548404338 0.00166245096808676
6 0.004 -10 0.0004132207499626035 0.0007338800519335839 0.0004132207499626035 0.0004132207499626035 0.0004132207499626035 0.0007252024161843692
6 0.002828 -10 0.00016920164572288695 0.00032080632029059367 0.00016920164572288695 0.00016920164572288695 0.00016920164572288695 0.00031860669889619616
6 0.002 -10 0.00012740666410749149 0.00017148936988868352 0.00012740666410749149 0.00012740666410749149 0.00012740666410749149 0.00016499163001920146
6 0.001414 -10 4.339723445915741e-05 7.312434006368023e-05 4.339723445915741e-05 4.339723445915741e-05 4.339723445915741e-05 7.286395665692529e-05
6 0.001 -10 2.3481871748450544e-05 3.332077601105132e-05 2.3481871748450544e-05 2.3481871748450544e-05 2.3481871748450544e-05 3.322684852405752e-05
