11 0.181 -10 0.6825938566552902 0.9965870307167235 0.9228668941979522 0.7699658703071672 0.6825938566552902 0.9965870307167235
11 0.128 -10 0.4411116012351125 0.8738420820467578 0.6969563299514777 0.5200705778561976 0.4411116012351125 0.8694309660344067
11 0.090496 -10 0.15188335358444716 0.5165552855407047 0.3440157958687728 0.19441069258809235 0.15188335358444716 0.5118469015795869
11 0.064 -10 0.03733293511535877 0.21865900097065633 0.12424400806391399 0.05801538116926753 0.03733293511535877 0.2160456955125812
11 0.045249 -10 0.007415207106734491 0.07651752213439321 0.03875928754690119 0.014407747408385116 0.007415207106734491 0.0758056622521467
11 0.032 -10 0.0012702897022694997 0.02347495369794035 0.010631054518293442 0.003178264835078288 0.0012702897022694997 0.023313626905752127
11 0.022624 -10 0.00020284012688866977 0.006983582728650011 0.0027955426287796467 0.0006961473154819147 0.00020284012688866977 0.006954982270758709
11 0.016 -10 3.106158431225987e-05 0.0022070498117233127 0.0008123536145185324 0.00016627266082352708 3.106158431225987e-05 0.0022015208497157307
11 0.011312 -10 4.82942089390224e-06 0.0006741292037380259 0.00023881486320346577 4.176000246957267e-05 4.82942089390224e-06 0.000673134343033882
11 0.008 -10 7.889182222533821e-07 0.00020945936584471745 7.093715979035735e-05 1.1881897345358186e-05 7.889182222533821e-07 0.00020932367191048987
11 0.005656 -10 1.3423312339213325e-07 7.180277426680939e-05 2.4226796809182384e-05 3.421736548388869e-06 1.3423312339213325e-07 7.178062580144969e-05
11 0.004 -10 2.4411904206359106e-08 2.335450257566066e-05 7.970950549556169e-06 8.739217586834497e-07 2.4411904206359106e-08 2.3350254904328753e-05
