6 0.181 -10 0.6082725060827251 0.9659367396593674 0.6082725060827251 0.6082725060827251 0.6082725060827251 0.9562043795620438
6 0.128 -10 0.4677268475210477 0.7773620205799813 0.4677268475210477 0.4677268475210477 0.4677268475210477 0.7680074836295603
6 0.090496 -10 0.26260504201680673 0.5640756302521008 0.26260504201680673 0.26260504201680673 0.26260504201680673 0.5625
6 0.064 -10 0.15046644598254588 0.3021366235329522 0.15046644598254588 0.15046644598254588 0.15046644598254588 0.29822449593740596
6 0.045249 -10 0.07326007326007326 0.16336996336996337 0.07326007326007326 0.07326007326007326 0.07326007326007326 0.1621978021978022
6 0.032 -10 0.045236587351850176 0.08205916945625621 0.045236587351850176 0.045236587351850176 0.045236587351850176 0.08160680358273772
6 0.022624 -10 0.020965239632689002 0.03329280053671013 0.020965239632689002 0.020965239632689002 0.020965239632689002 0.033167009098914
6 0.016 -10 0.009041918333393613 0.015732937900104885 0.009041918333393613 0.009041918333393613 0.009041918333393613 0.015534015696770227
6 0.011312 -10 0.003176155961962356 0.007578308125242182 0.003176155961962356 0.003176155961962356 0.003176155961962356 0.007514785006002935
6 0.008 -10 0.0017584272626562803 0.0033796971988253707 0.0017584272626562803 0.0017584272626562803 0.0017584272626562803 0.0033550792171481826
6 0.005656 -10 0.0007536294795736266 0.0015434331741667872 0.0007536294795736266 0.0007536294795736266 0.0007536294795736266 0.0015283605845753147
6 0.004 -10 0.0003782651850775898 0.000711895078316024 0.0003782651850775898 0.0003782651850775898 0.0003782651850775898 0.0007096254872055584
6 0.002828 -10 0.00016960265828422488 0.0003259763092222802 0.00016960265828422488 0.00016960265828422488 0.00016960265828422488 0.0003239410773228695
6 0.002 -10 0.0001228585750371033 0.00017126485360172199 0.0001228585750371033 0.0001228585750371033 0.0001228585750371033 0.0001683162478008315
6 0.001414 -10 4.232119928121675e-05 7.567030431481555e-05 4.232119928121675e-05 4.232119928121675e-05 4.232119928121675e-05 7.533173472056581e-05
6 0.001 -10 2.5973745322647943e-05 3.620740097977123e-05 2.5973745322647943e-05 2.5973745322647943e-05 2.5973745322647943e-05 3.610350599848064e-05
