10 0.181 -10 0.9968847352024922 0.9968847352024922 0.9968847352024922 0.9968847352024922 0.9968847352024922 0.0
10 0.128 -10 0.8876560332871013 0.8876560332871013 0.8876560332871013 0.8876560332871013 0.8876560332871013 0.0
10 0.090496 -10 0.567124501550731 0.567124501550731 0.567124501550731 0.567124501550731 0.567124501550731 0.0
10 0.064 -10 0.27181991930346144 0.27181991930346144 0.27181991930346144 0.27181991930346144 0.27181991930346144 0.0
10 0.045249 -10 0.11203501094091904 0.11203501094091904 0.11203501094091904 0.11203501094091904 0.11203501094091904 0.0
10 0.032 -10 0.040105276350419855 0.040105276350419855 0.040105276350419855 0.040105276350419855 0.040105276350419855 0.0
10 0.022624 -10 0.012535255405828893 0.012535255405828893 0.012535255405828893 0.012535255405828893 0.012535255405828893 0.0
10 0.016 -10 0.0035501612827176484 0.0035501612827176484 0.0035501612827176484 0.0035501612827176484 0.0035501612827176484 0.0
10 0.011312 -10 0.0011284801048075898 0.0011284801048075898 0.0011284801048075898 0.0011284801048075898 0.0011284801048075898 0.0
10 0.008 -10 0.00029012660626442276 0.00029012660626442276 0.00029012660626442276 0.00029012660626442276 0.00029012660626442276 0.0
10 0.005656 -10 9.644245628990542e-05 9.644245628990542e-05 9.644245628990542e-05 9.644245628990542e-05 9.644245628990542e-05 0.0
10 0.004 -10 2.7690251824235954e-05 2.7690251824235954e-05 2.7690251824235954e-05 2.7690251824235954e-05 2.7690251824235954e-05 0.0
10 0.002828 -10 9.543690294664196e-06 9.543690294664196e-06 9.543690294664196e-06 9.543690294664196e-06 9.543690294664196e-06 0.0
10 0.002 -10 2.8298872778959653e-06 2.8298872778959653e-06 2.8298872778959653e-06 2.8298872778959653e-06 2.8298872778959653e-06 0.0
10 0.001414 -10 1.1756488971814957e-06 1.1756488971814957e-06 1.1756488971814957e-06 1.1756488971814957e-06 1.1756488971814957e-06 0.0
10 0.001 -10 2.873818855623221e-07 2.873818855623221e-07 2.873818855623221e-07 2.873818855623221e-07 2.873818855623221e-07 0.0
