6 0.181 -10 0.9785932721712538 0.9785932721712538 0.9785932721712538 0.9785932721712538 0.9785932721712538 0.0
6 0.128 -10 0.8040201005025126 0.8040201005025126 0.8040201005025126 0.8040201005025126 0.8040201005025126 0.0
6 0.090496 -10 0.5403123680878008 0.5403123680878008 0.5403123680878008 0.5403123680878008 0.5403123680878008 0.0
6 0.064 -10 0.3035333175243064 0.3035333175243064 0.3035333175243064 0.3035333175243064 0.3035333175243064 0.0
6 0.045249 -10 0.18089315997738836 0.18089315997738836 0.18089315997738836 0.18089315997738836 0.18089315997738836 0.0
6 0.032 -10 0.10670223407802601 0.10670223407802601 0.10670223407802601 0.10670223407802601 0.10670223407802601 0.0
6 0.022624 -10 0.047670477822055045 0.047670477822055045 0.047670477822055045 0.047670477822055045 0.047670477822055045 0.0
6 0.016 -10 0.028950761088367676 0.028950761088367676 0.028950761088367676 0.028950761088367676 0.028950761088367676 0.0
6 0.011312 -10 0.011830381899515694 0.011830381899515694 0.011830381899515694 0.011830381899515694 0.011830381899515694 0.0
6 0.008 -10 0.0057327379646093 0.0057327379646093 0.0057327379646093 0.0057327379646093 0.0057327379646093 0.0
6 0.005656 -10 0.0025668740888098326 0.0025668740888098326 0.0025668740888098326 0.0025668740888098326 0.0025668740888098326 0.0
6 0.004 -10 0.0010884242677795806 0.0010884242677795806 0.0010884242677795806 0.0010884242677795806 0.0010884242677795806 0.0
6 0.002828 -10 0.0007004774739031097 0.0007004774739031097 0.0007004774739031097 0.0007004774739031097 0.0007004774739031097 0.0
6 0.002 -10 0.0004335966981611435 0.0004335966981611435 0.0004335966981611435 0.0004335966981611435 0.0004335966981611435 0.0
6 0.001414 -10 0.0001871098832025026 0.0001871098832025026 0.0001871098832025026 0.0001871098832025026 0.0001871098832025026 0.0
6 0.001 -10 7.712408156064435e-05 7.712408156064435e-05 7.712408156064435e-05 7.712408156064435e-05 7.712408156064435e-05 0.0
