9 0.181 -10 0.651890482398957 0.9908735332464146 0.8878748370273793 0.7301173402868318 0.651890482398957 0.9895697522816167
9 0.128 -10 0.43956043956043955 0.8395604395604396 0.6562637362637362 0.48835164835164835 0.43956043956043955 0.8303296703296703
9 0.090496 -10 0.16957775139901646 0.5119552314736306 0.3249109716805155 0.2050195014414109 0.16957775139901646 0.5019501441410887
9 0.064 -10 0.05148005148005148 0.23994851994851996 0.13276705276705278 0.06759330759330759 0.05148005148005148 0.23567567567567568
9 0.045249 -10 0.012565813447933552 0.09000892172754803 0.0440431761350071 0.018346087633982985 0.012565813447933552 0.0878601676279514
9 0.032 -10 0.0027233782963090054 0.03136514783859082 0.013352723786803054 0.004520807971872949 0.0027233782963090054 0.030823195557625322
9 0.022624 -10 0.000528658581714757 0.010117996595438734 0.0036990240962581546 0.0010107952082386152 0.000528658581714757 0.009988475242918618
9 0.016 -10 0.00010832425305282119 0.0033422365036917447 0.0010647190832561793 0.0002388549779814707 0.00010832425305282119 0.00331288063111443
9 0.011312 -10 2.2380014754248525e-05 0.0010972249833565426 0.0002932677133396727 5.876991874465663e-05 2.2380014754248525e-05 0.0010901976587237084
9 0.008 -10 4.606508072762596e-06 0.00036816594469940496 9.529022599316706e-05 1.334505388679324e-05 4.606508072762596e-06 0.0003665490603658653
9 0.005656 -10 9.193351551657138e-07 0.0001220288711560762 3.072785822625882e-05 3.222269718855827e-06 9.193351551657138e-07 0.00012168503980804422
9 0.004 -10 1.9012636502637834e-07 4.274211799521509e-05 9.363723477549133e-06 1.0051980918944624e-06 1.9012636502637834e-07 4.2667398333759725e-05
