12 0.181 -10 0.998003992015968 0.998003992015968 0.998003992015968 0.998003992015968 0.998003992015968 0.0
12 0.128 -10 0.9041591320072333 0.9041591320072333 0.9041591320072333 0.9041591320072333 0.9041591320072333 0.0
12 0.090496 -10 0.6007810153199159 0.6007810153199159 0.6007810153199159 0.6007810153199159 0.6007810153199159 0.0
12 0.064 -10 0.26171159382360637 0.26171159382360637 0.26171159382360637 0.26171159382360637 0.26171159382360637 0.0
12 0.045249 -10 0.08789663355893469 0.08789663355893469 0.08789663355893469 0.08789663355893469 0.08789663355893469 0.0
12 0.032 -10 0.023178193955127015 0.023178193955127015 0.023178193955127015 0.023178193955127015 0.023178193955127015 0.0
12 0.022624 -10 0.006010030741307242 0.006010030741307242 0.006010030741307242 0.006010030741307242 0.006010030741307242 0.0
12 0.016 -10 0.0014296477490911015 0.0014296477490911015 0.0014296477490911015 0.0014296477490911015 0.0014296477490911015 0.0
12 0.011312 -10 0.000329299740808174 0.000329299740808174 0.000329299740808174 0.000329299740808174 0.000329299740808174 0.0
12 0.008 -10 0.00012351491075090457 0.00012351491075090457 0.00012351491075090457 0.00012351491075090457 0.00012351491075090457 0.0
12 0.005656 -10 2.6200740299297084e-05 2.6200740299297084e-05 2.6200740299297084e-05 2.6200740299297084e-05 2.6200740299297084e-05 0.0
12 0.004 -10 8.716330759108863e-06 8.716330759108863e-06 8.716330759108863e-06 8.716330759108863e-06 8.716330759108863e-06 0.0
12 0.002828 -10 1.7006451977477668e-06 1.7006451977477668e-06 1.7006451977477668e-06 1.7006451977477668e-06 1.7006451977477668e-06 0.0
12 0.002 -10 2.4209615476093644e-07 2.4209615476093644e-07 2.4209615476093644e-07 2.4209615476093644e-07 2.4209615476093644e-07 0.0
12 0.001414 -10 1.8713016372959103e-07 1.8713016372959103e-07 1.8713016372959103e-07 1.8713016372959103e-07 1.8713016372959103e-07 0.0
12 0.001 -10 1.0137734908126265e-07 1.0137734908126265e-07 1.0137734908126265e-07 1.0137734908126265e-07 1.0137734908126265e-07 0.0
