12 0.181 -10 1.0 1.0 1.0 1.0 1.0 0.0
12 0.128 -10 0.864406779661017 0.864406779661017 0.864406779661017 0.864406779661017 0.864406779661017 0.0
12 0.090496 -10 0.4834123222748815 0.4834123222748815 0.4834123222748815 0.4834123222748815 0.4834123222748815 0.0
12 0.064 -10 0.1493411420204978 0.1493411420204978 0.1493411420204978 0.1493411420204978 0.1493411420204978 0.0
12 0.045249 -10 0.04062126642771804 0.04062126642771804 0.04062126642771804 0.04062126642771804 0.04062126642771804 0.0
12 0.032 -10 0.006787330316742082 0.006787330316742082 0.006787330316742082 0.006787330316742082 0.006787330316742082 0.0
12 0.022624 -10 0.001019531015732763 0.001019531015732763 0.001019531015732763 0.001019531015732763 0.001019531015732763 0.0
12 0.016 -10 0.00012580493574697915 0.00012580493574697915 0.00012580493574697915 0.00012580493574697915 0.00012580493574697915 0.0
12 0.011312 -10 1.7326494690448584e-05 1.7326494690448584e-05 1.7326494690448584e-05 1.7326494690448584e-05 1.7326494690448584e-05 0.0
12 0.008 -10 2.3117113381463466e-06 2.3117113381463466e-06 2.3117113381463466e-06 2.3117113381463466e-06 2.3117113381463466e-06 0.0
12 0.005656 -10 2.746880710936678e-07 2.746880710936678e-07 2.746880710936678e-07 2.746880710936678e-07 2.746880710936678e-07 0.0
12 0.004 -10 3.595877696807535e-08 3.595877696807535e-08 3.595877696807535e-08 3.595877696807535e-08 3.595877696807535e-08 0.0
12 0.002828 -10 4.691756732347743e-09 4.691756732347743e-09 4.691756732347743e-09 4.691756732347743e-09 4.691756732347743e-09 0.0
12 0.002 -10 9.9425242252538e-10 9.9425242252538e-10 9.9425242252538e-10 9.9425242252538e-10 9.9425242252538e-10 0.0
12 0.001414 -10 7.733257923697722e-11 7.733257923697722e-11 7.733257923697722e-11 7.733257923697722e-11 7.733257923697722e-11 0.0
12 0.001 -10 3.781094960411028e-11 3.781094960411028e-11 3.781094960411028e-11 3.781094960411028e-11 3.781094960411028e-11 0.0
