7 0.181 -10 0.675219446320054 0.987846049966239 0.675219446320054 0.675219446320054 0.675219446320054 0.9831195138419987
7 0.128 -10 0.4982561036372696 0.8266068759342302 0.4982561036372696 0.4982561036372696 0.4982561036372696 0.8166417538614849
7 0.090496 -10 0.3136762860727729 0.5407779171894604 0.3136762860727729 0.3136762860727729 0.3136762860727729 0.5310539523212046
7 0.064 -10 0.15720798616569723 0.29885238170099043 0.15720798616569723 0.15720798616569723 0.15720798616569723 0.29193523030969976
7 0.045249 -10 0.06984215672579969 0.1337477301299064 0.06984215672579969 0.06984215672579969 0.06984215672579969 0.12990641150998744
7 0.032 -10 0.026842034626224667 0.05134881223996779 0.026842034626224667 0.026842034626224667 0.026842034626224667 0.049765132197020535
7 0.022624 -10 0.009013800127995962 0.017928448454583967 0.009013800127995962 0.009013800127995962 0.009013800127995962 0.01711720644306433
7 0.016 -10 0.0029745527016374913 0.005836072400612758 0.0029745527016374913 0.0029745527016374913 0.0029745527016374913 0.005571337210167021
7 0.011312 -10 0.0009501431390639 0.0018489785486183494 0.0009501431390639 0.0009501431390639 0.0009501431390639 0.0017169086522884672
7 0.008 -10 0.00030180825397285293 0.0006132743720728372 0.00030180825397285293 0.00030180825397285293 0.00030180825397285293 0.0005698139835007464
7 0.005656 -10 0.0001035452870844857 0.0001964254095992694 0.0001035452870844857 0.0001035452870844857 0.0001035452870844857 0.00018068652596242755
7 0.004 -10 3.655035017245734e-05 6.94091149774965e-05 3.655035017245734e-05 3.655035017245734e-05 3.655035017245734e-05 6.228179669386731e-05
7 0.002828 -10 1.2407551642897562e-05 3.6900058585977347e-05 1.2407551642897562e-05 1.2407551642897562e-05 1.2407551642897562e-05 3.353761209075211e-05
7 0.002 -10 4.754132027704153e-06 8.410059557008646e-06 4.754132027704153e-06 4.754132027704153e-06 4.754132027704153e-06 7.050377797085259e-06
7 0.001414 -10 1.4527498240665484e-06 2.7456971674857766e-06 1.4527498240665484e-06 1.4527498240665484e-06 1.4527498240665484e-06 2.2735534746641485e-06
7 0.001 -10 1.4512628204793391e-06 1.9229232371351244e-06 1.4512628204793391e-06 1.4512628204793391e-06 1.4512628204793391e-06 8.475374871599341e-07
