6 0.181 -10 0.6105006105006106 0.9511599511599511 0.6105006105006106 0.6105006105006106 0.6105006105006106 0.9481074481074481
6 0.128 -10 0.47641734159123394 0.7865650309671272 0.47641734159123394 0.47641734159123394 0.47641734159123394 0.7827536922343973
6 0.090496 -10 0.28137310073157007 0.5737197523916714 0.28137310073157007 0.28137310073157007 0.28137310073157007 0.5709060213843556
6 0.064 -10 0.14622020763269483 0.30735487644392456 0.14622020763269483 0.14622020763269483 0.14622020763269483 0.3039918116683726
6 0.045249 -10 0.06900835001035126 0.15892623007383894 0.06900835001035126 0.06900835001035126 0.06900835001035126 0.15747705472362156
6 0.032 -10 0.04072987943955686 0.07860866731834473 0.04072987943955686 0.04072987943955686 0.04072987943955686 0.07820136852394917
6 0.022624 -10 0.022008495279177764 0.033783040253537865 0.022008495279177764 0.022008495279177764 0.022008495279177764 0.033430904329071025
6 0.016 -10 0.009190923044401349 0.016525279633833625 0.009190923044401349 0.009190923044401349 0.009190923044401349 0.016313888403812395
6 0.011312 -10 0.0034681279045571203 0.007640285773739336 0.0034681279045571203 0.0034681279045571203 0.0034681279045571203 0.007577859471457307
6 0.008 -10 0.001899382130992788 0.0034017933966080834 0.001899382130992788 0.001899382130992788 0.001899382130992788 0.0033714032825121988
6 0.005656 -10 0.0007874573788693687 0.001541841547826224 0.0007874573788693687 0.0007874573788693687 0.0007874573788693687 0.0015300296871431833
6 0.004 -10 0.00039553269552367737 0.0007261980289814717 0.00039553269552367737 0.00039553269552367737 0.00039553269552367737 0.0007206605712441402
6 0.002828 -10 0.00017100717067268064 0.00032918880354491025 0.00017100717067268064 0.00017100717067268064 0.00017100717067268064 0.0003276497390088561
6 0.002 -10 0.00013481333206788552 0.00017822322499374467 0.00013481333206788552 0.00013481333206788552 0.00013481333206788552 0.0001724262517148256
6 0.001414 -10 4.451405453372307e-05 7.696480028880719e-05 4.451405453372307e-05 4.451405453372307e-05 4.451405453372307e-05 7.683125812520602e-05
6 0.001 -10 2.3215698845583125e-05 3.213052720228704e-05 2.3215698845583125e-05 2.3215698845583125e-05 2.3215698845583125e-05 3.196801731036796e-05
6 0.181 -10 0.6105006105006106 0.9511599511599511 0.6105006105006106 0.6105006105006106 0.6105006105006106 0.9481074481074481
6 0.128 -10 0.47641734159123394 0.7865650309671272 0.47641734159123394 0.47641734159123394 0.47641734159123394 0.7827536922343973
6 0.090496 -10 0.28137310073157007 0.5737197523916714 0.28137310073157007 0.28137310073157007 0.28137310073157007 0.5709060213843556
6 0.064 -10 0.14622020763269483 0.30735487644392456 0.14622020763269483 0.14622020763269483 0.14622020763269483 0.3039918116683726
6 0.045249 -10 0.06900835001035126 0.15892623007383894 0.06900835001035126 0.06900835001035126 0.06900835001035126 0.15747705472362156
6 0.032 -10 0.04072987943955686 0.07860866731834473 0.04072987943955686 0.04072987943955686 0.04072987943955686 0.07820136852394917
6 0.022624 -10 0.022008495279177764 0.033783040253537865 0.022008495279177764 0.022008495279177764 0.022008495279177764 0.033430904329071025
6 0.016 -10 0.009190923044401349 0.016525279633833625 0.009190923044401349 0.009190923044401349 0.009190923044401349 0.016313888403812395
6 0.011312 -10 0.0034681279045571203 0.007640285773739336 0.0034681279045571203 0.0034681279045571203 0.0034681279045571203 0.007577859471457307
6 0.008 -10 0.001899382130992788 0.0034017933966080834 0.001899382130992788 0.001899382130992788 0.001899382130992788 0.0033714032825121988
6 0.005656 -10 0.0007874573788693687 0.001541841547826224 0.0007874573788693687 0.0007874573788693687 0.0007874573788693687 0.0015300296871431833
6 0.004 -10 0.00039553269552367737 0.0007261980289814717 0.00039553269552367737 0.00039553269552367737 0.00039553269552367737 0.0007206605712441402
6 0.002828 -10 0.00017100717067268064 0.00032918880354491025 0.00017100717067268064 0.00017100717067268064 0.00017100717067268064 0.0003276497390088561
6 0.002 -10 0.00013481333206788552 0.00017822322499374467 0.00013481333206788552 0.00013481333206788552 0.00013481333206788552 0.0001724262517148256
6 0.001414 -10 4.451405453372307e-05 7.696480028880719e-05 4.451405453372307e-05 4.451405453372307e-05 4.451405453372307e-05 7.683125812520602e-05
6 0.001 -10 2.3215698845583125e-05 3.213052720228704e-05 2.3215698845583125e-05 2.3215698845583125e-05 2.3215698845583125e-05 3.196801731036796e-05
