6 0.181 -10 0.9795918367346939 0.9795918367346939 0.9795918367346939 0.9795918367346939 0.9795918367346939 0.0
6 0.128 -10 0.732824427480916 0.732824427480916 0.732824427480916 0.732824427480916 0.732824427480916 0.0
6 0.090496 -10 0.5363128491620112 0.5363128491620112 0.5363128491620112 0.5363128491620112 0.5363128491620112 0.0
6 0.064 -10 0.32 0.32 0.32 0.32 0.32 0.0
6 0.045249 -10 0.19161676646706588 0.19161676646706588 0.19161676646706588 0.19161676646706588 0.19161676646706588 0.0
6 0.032 -10 0.0854853072128228 0.0854853072128228 0.0854853072128228 0.0854853072128228 0.0854853072128228 0.0
6 0.022624 -10 0.03700848111025443 0.03700848111025443 0.03700848111025443 0.03700848111025443 0.03700848111025443 0.0
6 0.016 -10 0.012139605462822459 0.012139605462822459 0.012139605462822459 0.012139605462822459 0.012139605462822459 0.0
6 0.011312 -10 0.005460750853242321 0.005460750853242321 0.005460750853242321 0.005460750853242321 0.005460750853242321 0.0
6 0.008 -10 0.0026871186250909704 0.0026871186250909704 0.0026871186250909704 0.0026871186250909704 0.0026871186250909704 0.0
6 0.005656 -10 0.0009868826843209013 0.0009868826843209013 0.0009868826843209013 0.0009868826843209013 0.0009868826843209013 0.0
6 0.004 -10 0.00038875840285089496 0.00038875840285089496 0.00038875840285089496 0.00038875840285089496 0.00038875840285089496 0.0
6 0.002828 -10 0.00019309329423194125 0.00019309329423194125 0.00019309329423194125 0.00019309329423194125 0.00019309329423194125 0.0
6 0.002 -10 6.54919502888809e-05 6.54919502888809e-05 6.54919502888809e-05 6.54919502888809e-05 6.54919502888809e-05 0.0
6 0.001414 -10 3.079857826063104e-05 3.079857826063104e-05 3.079857826063104e-05 3.079857826063104e-05 3.079857826063104e-05 0.0
6 0.001 -10 1.3736985100951816e-05 1.3736985100951816e-05 1.3736985100951816e-05 1.3736985100951816e-05 1.3736985100951816e-05 0.0
