6 0.181 -10 0.9057971014492754 0.9057971014492754 0.9057971014492754 0.9057971014492754 0.9057971014492754 0.0
6 0.128 -10 0.6830601092896175 0.6830601092896175 0.6830601092896175 0.6830601092896175 0.6830601092896175 0.0
6 0.090496 -10 0.4154549231408392 0.4154549231408392 0.4154549231408392 0.4154549231408392 0.4154549231408392 0.0
6 0.064 -10 0.21353833013025839 0.21353833013025839 0.21353833013025839 0.21353833013025839 0.21353833013025839 0.0
6 0.045249 -10 0.11064394777605666 0.11064394777605666 0.11064394777605666 0.11064394777605666 0.11064394777605666 0.0
6 0.032 -10 0.05136106831022085 0.05136106831022085 0.05136106831022085 0.05136106831022085 0.05136106831022085 0.0
6 0.022624 -10 0.01925335489709082 0.01925335489709082 0.01925335489709082 0.01925335489709082 0.01925335489709082 0.0
6 0.016 -10 0.006801009269775634 0.006801009269775634 0.006801009269775634 0.006801009269775634 0.006801009269775634 0.0
6 0.011312 -10 0.002074817934726228 0.002074817934726228 0.002074817934726228 0.002074817934726228 0.002074817934726228 0.0
6 0.008 -10 0.0006545500720986905 0.0006545500720986905 0.0006545500720986905 0.0006545500720986905 0.0006545500720986905 0.0
6 0.005656 -10 0.00021564132809181145 0.00021564132809181145 0.00021564132809181145 0.00021564132809181145 0.00021564132809181145 0.0
6 0.004 -10 7.20557653979568e-05 7.20557653979568e-05 7.20557653979568e-05 7.20557653979568e-05 7.20557653979568e-05 0.0
6 0.002829 -10 2.7693380661690128e-05 2.7693380661690128e-05 2.7693380661690128e-05 2.7693380661690128e-05 2.7693380661690128e-05 0.0
6 0.002 -10 1.1339652997546553e-05 1.1339652997546553e-05 1.1339652997546553e-05 1.1339652997546553e-05 1.1339652997546553e-05 0.0
6 0.001414 -10 5.281557757855988e-06 5.281557757855988e-06 5.281557757855988e-06 5.281557757855988e-06 5.281557757855988e-06 0.0
6 0.001 -10 2.477431804013442e-06 2.477431804013442e-06 2.477431804013442e-06 2.477431804013442e-06 2.477431804013442e-06 0.0
6 0.000707 -10 1.430028394615203e-06 1.430028394615203e-06 1.430028394615203e-06 1.430028394615203e-06 1.430028394615203e-06 0.0
6 0.0005 -10 9.304121224861768e-07 9.304121224861768e-07 9.304121224861768e-07 9.304121224861768e-07 9.304121224861768e-07 0.0
6 0.00035 -10 5.429130715435856e-07 5.429130715435856e-07 5.429130715435856e-07 5.429130715435856e-07 5.429130715435856e-07 0.0
6 0.00025 -10 3.8007898232812586e-07 3.8007898232812586e-07 3.8007898232812586e-07 3.8007898232812586e-07 3.8007898232812586e-07 0.0
