6 0.181 -10 0.6197183098591549 0.9549295774647887 0.6197183098591549 0.6197183098591549 0.6197183098591549 0.9509859154929577
6 0.128 -10 0.4641350210970464 0.7881856540084389 0.4641350210970464 0.4641350210970464 0.4641350210970464 0.7827004219409283
6 0.090496 -10 0.2833590932509016 0.5788253477588872 0.2833590932509016 0.2833590932509016 0.2833590932509016 0.5747037609479649
6 0.064 -10 0.14467973168486123 0.3038274365382086 0.14467973168486123 0.14467973168486123 0.14467973168486123 0.30014467973168485
6 0.045249 -10 0.07612456747404844 0.1665743944636678 0.07612456747404844 0.07612456747404844 0.07612456747404844 0.1643598615916955
6 0.032 -10 0.045430140833436584 0.0824763556767026 0.045430140833436584 0.045430140833436584 0.045430140833436584 0.08169165324412506
6 0.022624 -10 0.022941041523285157 0.03484952762309954 0.022941041523285157 0.022941041523285157 0.022941041523285157 0.034411562284927734
6 0.016 -10 0.008938511169076001 0.016698764047682894 0.008938511169076001 0.008938511169076001 0.008938511169076001 0.016544371582035217
6 0.011312 -10 0.0032326414501041793 0.007740706890522189 0.0032326414501041793 0.0032326414501041793 0.0032326414501041793 0.007681931591429386
6 0.008 -10 0.0019454874418785627 0.0035920772676866918 0.0019454874418785627 0.0019454874418785627 0.0019454874418785627 0.0035690851433735813
6 0.005656 -10 0.0008036635367624926 0.0015634908806106673 0.0008036635367624926 0.0008036635367624926 0.0008036635367624926 0.0015474176098754175
6 0.004 -10 0.00041302919365436965 0.0007085328076598141 0.00041302919365436965 0.00041302919365436965 0.00041302919365436965 0.0007055289589786915
6 0.002828 -10 0.00016621124784756434 0.0003144414607007104 0.00016621124784756434 0.00016621124784756434 0.00016621124784756434 0.00031262824708782786
6 0.002 -10 0.00012820384317826185 0.0001854293768151042 0.00012820384317826185 0.00012820384317826185 0.00012820384317826185 0.0001798350272945982
6 0.001414 -10 4.998616746420354e-05 7.543367090052534e-05 4.998616746420354e-05 4.998616746420354e-05 4.998616746420354e-05 7.497925119630531e-05
6 0.001 -10 2.6834133779280857e-05 3.283522187901094e-05 2.6834133779280857e-05 2.6834133779280857e-05 2.6834133779280857e-05 3.266445920950642e-05
