6 0.181 -10 0.6181998021760633 0.9559223541048467 0.6181998021760633 0.6181998021760633 0.6181998021760633 0.9512858555885262
6 0.128 -10 0.4569339730408956 0.7834132967786155 0.4569339730408956 0.4569339730408956 0.4569339730408956 0.7802147589673292
6 0.090496 -10 0.2709806790775818 0.5701975449150476 0.2709806790775818 0.2709806790775818 0.2709806790775818 0.5659702463214373
6 0.064 -10 0.1475013275119476 0.3037937341436073 0.1475013275119476 0.1475013275119476 0.1475013275119476 0.29963419670777036
6 0.045249 -10 0.0727135232610561 0.16415077876183412 0.0727135232610561 0.0727135232610561 0.0727135232610561 0.16271832235359132
6 0.032 -10 0.04458275004235361 0.08233542277821865 0.04458275004235361 0.04458275004235361 0.04458275004235361 0.08158197430250287
6 0.022624 -10 0.02261762863210844 0.0351455331314333 0.02261762863210844 0.02261762863210844 0.02261762863210844 0.03479269812477241
6 0.016 -10 0.009040463305663488 0.016358718351598082 0.009040463305663488 0.009040463305663488 0.009040463305663488 0.016202318336410105
6 0.011312 -10 0.003438016347080127 0.007784012811424116 0.003438016347080127 0.003438016347080127 0.003438016347080127 0.007725222731889045
6 0.008 -10 0.0019719816897556144 0.003558046562826055 0.0019719816897556144 0.0019719816897556144 0.0019719816897556144 0.0035302416210005005
6 0.005656 -10 0.000815939076113816 0.0016162121219662467 0.000815939076113816 0.000815939076113816 0.000815939076113816 0.0016027491272103689
6 0.004 -10 0.0003908364791761542 0.0007180838631903482 0.0003908364791761542 0.0003908364791761542 0.0003908364791761542 0.0007111269738610126
6 0.002828 -10 0.0001751550450564459 0.00032428205041750395 0.0001751550450564459 0.0001751550450564459 0.0001751550450564459 0.00032204006584078145
6 0.002 -10 0.00013139840250552575 0.00017570594383038905 0.00013139840250552575 0.00013139840250552575 0.00013139840250552575 0.00017055512645217243
6 0.001414 -10 4.390540741544242e-05 7.625930213988194e-05 4.390540741544242e-05 4.390540741544242e-05 4.390540741544242e-05 7.581585752498598e-05
6 0.001 -10 2.4392248588313247e-05 3.4568694699357534e-05 2.4392248588313247e-05 2.4392248588313247e-05 2.4392248588313247e-05 3.4385752834945185e-05
