12 0.181 -10 1.0 1.0 1.0 1.0 1.0 0.0
12 0.128 -10 0.9345794392523364 0.9345794392523364 0.9345794392523364 0.9345794392523364 0.9345794392523364 0.0
12 0.090496 -10 0.5494505494505495 0.5494505494505495 0.5494505494505495 0.5494505494505495 0.5494505494505495 0.0
12 0.064 -10 0.2364066193853428 0.2364066193853428 0.2364066193853428 0.2364066193853428 0.2364066193853428 0.0
12 0.045249 -10 0.07451564828614009 0.07451564828614009 0.07451564828614009 0.07451564828614009 0.07451564828614009 0.0
12 0.032 -10 0.014124293785310734 0.014124293785310734 0.014124293785310734 0.014124293785310734 0.014124293785310734 0.0
12 0.022624 -10 0.003238341968911917 0.003238341968911917 0.003238341968911917 0.003238341968911917 0.003238341968911917 0.0
12 0.016 -10 0.00046861234512361993 0.00046861234512361993 0.00046861234512361993 0.00046861234512361993 0.00046861234512361993 0.0
12 0.011312 -10 7.644231357248566e-05 7.644231357248566e-05 7.644231357248566e-05 7.644231357248566e-05 7.644231357248566e-05 0.0
12 0.008 -10 1.387921392018536e-05 1.387921392018536e-05 1.387921392018536e-05 1.387921392018536e-05 1.387921392018536e-05 0.0
12 0.005656 -10 2.0993890232101314e-06 2.0993890232101314e-06 2.0993890232101314e-06 2.0993890232101314e-06 2.0993890232101314e-06 0.0
12 0.004 -10 4.6513516788442234e-07 4.6513516788442234e-07 4.6513516788442234e-07 4.6513516788442234e-07 4.6513516788442234e-07 0.0
12 0.002828 -10 9.627052964592188e-08 9.627052964592188e-08 9.627052964592188e-08 9.627052964592188e-08 9.627052964592188e-08 0.0
12 0.002 -10 2.1937672311448984e-08 2.1937672311448984e-08 2.1937672311448984e-08 2.1937672311448984e-08 2.1937672311448984e-08 0.0
12 0.001414 -10 4.268660397436678e-09 4.268660397436678e-09 4.268660397436678e-09 4.268660397436678e-09 4.268660397436678e-09 0.0
12 0.001 -10 9.978837174329257e-10 9.978837174329257e-10 9.978837174329257e-10 9.978837174329257e-10 9.978837174329257e-10 0.0
