7 0.181 -10 0.6693440428380187 0.9872824631860776 0.6693440428380187 0.6693440428380187 0.6693440428380187 0.9866131191432396
7 0.128 -10 0.5133470225872689 0.8167351129363449 0.5133470225872689 0.5133470225872689 0.5133470225872689 0.8116016427104723
7 0.090496 -10 0.3318951211417192 0.5725190839694656 0.3318951211417192 0.3318951211417192 0.3318951211417192 0.5635579156986392
7 0.064 -10 0.1671402306535183 0.3349490222296507 0.1671402306535183 0.1671402306535183 0.1671402306535183 0.33026909577135216
7 0.045249 -10 0.0813140348024069 0.18100504147015775 0.0813140348024069 0.0813140348024069 0.0813140348024069 0.17832167832167833
7 0.032 -10 0.04469673266884191 0.08854422741697582 0.04469673266884191 0.04469673266884191 0.04469673266884191 0.08747150583292361
7 0.022624 -10 0.015507482360238816 0.030968442273396915 0.015507482360238816 0.015507482360238816 0.015507482360238816 0.03061177017911142
7 0.016 -10 0.005766879656755323 0.015414869322506977 0.005766879656755323 0.005766879656755323 0.005766879656755323 0.015195727895550275
7 0.011312 -10 0.0023965642854403926 0.004690076306606848 0.0023965642854403926 0.0023965642854403926 0.0023965642854403926 0.004620575942329077
7 0.008 -10 0.0008732648227971022 0.0016434843965041463 0.0008732648227971022 0.0008732648227971022 0.0008732648227971022 0.0016190329814658273
7 0.005656 -10 0.0002817320435264738 0.0005840305262303802 0.0002817320435264738 0.0002817320435264738 0.0002817320435264738 0.0005741699047069536
7 0.004 -10 0.00011252420254941585 0.00022122258221215157 0.00011252420254941585 0.00011252420254941585 0.00011252420254941585 0.00021593394469232902
7 0.002828 -10 4.626182695171477e-05 0.00021752311032696285 4.626182695171477e-05 4.626182695171477e-05 4.626182695171477e-05 0.00021622777917231485
7 0.002 -10 1.4869023308725546e-05 2.978265368737727e-05 1.4869023308725546e-05 1.4869023308725546e-05 1.4869023308725546e-05 2.9366321034732953e-05
7 0.001414 -10 4.979941616857664e-06 9.591367554067862e-06 4.979941616857664e-06 4.979941616857664e-06 4.979941616857664e-06 9.511688488198138e-06
7 0.001 -10 1.6507180669811473e-06 3.666244826765128e-06 1.6507180669811473e-06 1.6507180669811473e-06 1.6507180669811473e-06 3.5870103595500332e-06
