12 0.181 -10 0.9950248756218906 0.9950248756218906 0.9950248756218906 0.9950248756218906 0.9950248756218906 0.0
12 0.128 -10 0.832639467110741 0.832639467110741 0.832639467110741 0.832639467110741 0.832639467110741 0.0
12 0.090496 -10 0.4355400696864111 0.4355400696864111 0.4355400696864111 0.4355400696864111 0.4355400696864111 0.0
12 0.064 -10 0.1575299306868305 0.1575299306868305 0.1575299306868305 0.1575299306868305 0.1575299306868305 0.0
12 0.045249 -10 0.03666764447051921 0.03666764447051921 0.03666764447051921 0.03666764447051921 0.03666764447051921 0.0
12 0.032 -10 0.006854761317210935 0.006854761317210935 0.006854761317210935 0.006854761317210935 0.006854761317210935 0.0
12 0.022624 -10 0.001003651283368896 0.001003651283368896 0.001003651283368896 0.001003651283368896 0.001003651283368896 0.0
12 0.016 -10 0.00013195463610738046 0.00013195463610738046 0.00013195463610738046 0.00013195463610738046 0.00013195463610738046 0.0
12 0.011312 -10 1.692664268962592e-05 1.692664268962592e-05 1.692664268962592e-05 1.692664268962592e-05 1.692664268962592e-05 0.0
12 0.008 -10 2.252263422261387e-06 2.252263422261387e-06 2.252263422261387e-06 2.252263422261387e-06 2.252263422261387e-06 0.0
12 0.005656 -10 3.049829487815125e-07 3.049829487815125e-07 3.049829487815125e-07 3.049829487815125e-07 3.049829487815125e-07 0.0
12 0.004 -10 3.521749139944063e-08 3.521749139944063e-08 3.521749139944063e-08 3.521749139944063e-08 3.521749139944063e-08 0.0
