5 0.181 -10 0.6451612903225806 0.9032258064516129 0.6451612903225806 0.6451612903225806 0.6451612903225806 0.8709677419354839
5 0.128 -10 0.44052863436123346 0.6343612334801763 0.44052863436123346 0.44052863436123346 0.44052863436123346 0.5991189427312775
5 0.090496 -10 0.2949852507374631 0.4778761061946903 0.2949852507374631 0.2949852507374631 0.2949852507374631 0.4778761061946903
5 0.064 -10 0.19342359767891681 0.3288201160541586 0.19342359767891681 0.19342359767891681 0.19342359767891681 0.3288201160541586
5 0.045249 -10 0.12706480304955528 0.19186785260482847 0.12706480304955528 0.12706480304955528 0.12706480304955528 0.18678526048284624
5 0.032 -10 0.06064281382656155 0.10491206791995149 0.06064281382656155 0.06064281382656155 0.06064281382656155 0.10309278350515463
5 0.022624 -10 0.025799793601651185 0.03869969040247678 0.025799793601651185 0.025799793601651185 0.025799793601651185 0.03715170278637771
5 0.016 -10 0.013135426244581637 0.017076054117956128 0.013135426244581637 0.013135426244581637 0.013135426244581637 0.016156574280835414
5 0.011312 -10 0.005529138560212319 0.007685502598695123 0.005529138560212319 0.005529138560212319 0.005529138560212319 0.007077297357071769
5 0.008 -10 0.002228759917981635 0.002852812695016493 0.002228759917981635 0.002228759917981635 0.002228759917981635 0.002719087099937595
5 0.005656 -10 0.0008872563372283887 0.0011977960552583247 0.0008872563372283887 0.0008872563372283887 0.0008872563372283887 0.001091325294790918
5 0.004 -10 0.0005238646543279078 0.0006915013437128383 0.0005238646543279078 0.0005238646543279078 0.0005238646543279078 0.0005395805939577451
5 0.002828 -10 0.00023612472107767323 0.0003376583511410727 0.00023612472107767323 0.00023612472107767323 0.00023612472107767323 0.00028807215971476133
5 0.002 -10 0.00010387980690821491 0.00013192735477343293 0.00010387980690821491 0.00010387980690821491 0.00010387980690821491 9.972461463188632e-05
5 0.001414 -10 3.700666416008195e-05 4.921886333290899e-05 3.700666416008195e-05 3.700666416008195e-05 3.700666416008195e-05 3.515633095207785e-05
5 0.001 -10 2.357934449422306e-05 3.843433152558359e-05 2.357934449422306e-05 2.357934449422306e-05 2.357934449422306e-05 2.5465692053760904e-05
