5 0.181 -10 0.9103322712790168 0.9745106964041875 0.9103322712790168 0.9103322712790168 0.9103322712790168 0.8875739644970414
5 0.128 -10 0.7840062720501764 0.9133673069384555 0.7840062720501764 0.7840062720501764 0.7840062720501764 0.8102704821638573
5 0.090496 -10 0.6635700066357001 0.7707365627073657 0.6635700066357001 0.6635700066357001 0.6635700066357001 0.5905773059057731
5 0.064 -10 0.49800796812749004 0.6312250996015937 0.49800796812749004 0.49800796812749004 0.49800796812749004 0.48630478087649404
5 0.045249 -10 0.3849114703618168 0.5015396458814473 0.3849114703618168 0.3849114703618168 0.3849114703618168 0.376058506543495
5 0.032 -10 0.2645852626008731 0.38007672972615425 0.2645852626008731 0.2645852626008731 0.2645852626008731 0.2893239846540548
5 0.022624 -10 0.19573302016050106 0.24026228224701507 0.19573302016050106 0.19573302016050106 0.19573302016050106 0.10207477001370131
5 0.016 -10 0.14221716561188935 0.1795491715850103 0.14221716561188935 0.14221716561188935 0.14221716561188935 0.07729502951006187
5 0.011312 -10 0.10462987182840701 0.12932252157991106 0.10462987182840701 0.10462987182840701 0.10462987182840701 0.050954747580434216
5 0.008 -10 0.06957489737702637 0.09152577749947818 0.06957489737702637 0.06957489737702637 0.06957489737702637 0.03934460446670841
5 0.005656 -10 0.05030181086519115 0.06109154929577465 0.05030181086519115 0.05030181086519115 0.05030181086519115 0.012022132796780684
5 0.004 -10 0.0376095377787807 0.04464252134341269 0.0376095377787807 0.0376095377787807 0.0376095377787807 0.007766369551318215
5 0.002828 -10 0.025057004685659877 0.030018291613420532 0.025057004685659877 0.025057004685659877 0.025057004685659877 0.0053997845097597036
5 0.0026 -10 0.023587687227267368 0.02875339073003892 0.023587687227267368 0.023587687227267368 0.023587687227267368 0.005519518811180564
5 0.0023 -10 0.021122892991424107 0.025537577626631742 0.021122892991424107 0.021122892991424107 0.021122892991424107 0.004668159351104728
5 0.002 -10 0.01720489307158956 0.021153416031519365 0.01720489307158956 0.01720489307158956 0.01720489307158956 0.004172186569860468
5 0.0018 -10 0.01658209796703479 0.02027990581368355 0.01658209796703479 0.01658209796703479 0.01658209796703479 0.0038967930222531754
5 0.0016 -10 0.014165911151405258 0.017282411604714415 0.014165911151405258 0.014165911151405258 0.014165911151405258 0.0032156618313689935
5 0.001414 -10 0.012546815304605309 0.015476496678230648 0.012546815304605309 0.012546815304605309 0.012546815304605309 0.003067696341975998
5 0.0012 -10 0.010254306808859722 0.012705086136177194 0.010254306808859722 0.010254306808859722 0.010254306808859722 0.0025123051681706318
5 0.001 -10 0.008926339843610525 0.010970471667797336 0.008926339843610525 0.008926339843610525 0.008926339843610525 0.0021155425429356944
5 0.0009 -10 0.007477026835049311 0.009308898409636392 0.007477026835049311 0.007477026835049311 0.007477026835049311 0.0018692567087623278
5 0.0008 -10 0.007122557852976161 0.008860461969102344 0.007122557852976161 0.007122557852976161 0.007122557852976161 0.0017806394632440402
5 0.0007 -10 0.006511518876893224 0.007931029992055947 0.006511518876893224 0.006511518876893224 0.006511518876893224 0.0014390456717934025
