6 0.181 -10 0.6108735491753207 0.9529627367135003 0.6108735491753207 0.6108735491753207 0.6108735491753207 0.9499083689676237
6 0.128 -10 0.4791566842357451 0.7958792525155726 0.4791566842357451 0.4791566842357451 0.4791566842357451 0.7886919022520364
6 0.090496 -10 0.28901734104046245 0.5690751445086705 0.28901734104046245 0.28901734104046245 0.28901734104046245 0.5635838150289018
6 0.064 -10 0.18399264029438822 0.32769089236430543 0.18399264029438822 0.18399264029438822 0.18399264029438822 0.3236430542778289
6 0.045249 -10 0.11362345188046813 0.19452334961936144 0.11362345188046813 0.11362345188046813 0.11362345188046813 0.19315986819679581
6 0.032 -10 0.06058035984733749 0.10516750469497789 0.06058035984733749 0.06058035984733749 0.06058035984733749 0.10444054037680983
6 0.022624 -10 0.03403791824092039 0.061438442424861295 0.03403791824092039 0.03403791824092039 0.03403791824092039 0.06099594948772933
6 0.016 -10 0.023122456529781725 0.03514613392526822 0.023122456529781725 0.023122456529781725 0.023122456529781725 0.03486866444691084
6 0.011312 -10 0.008047577276860802 0.01737471934074247 0.008047577276860802 0.008047577276860802 0.008047577276860802 0.017302291145250722
6 0.008 -10 0.0036020978617947092 0.008461327877355772 0.0036020978617947092 0.0036020978617947092 0.0036020978617947092 0.008443317388046798
6 0.005656 -10 0.0015252644808609814 0.0035523409759252254 0.0015252644808609814 0.0015252644808609814 0.0015252644808609814 0.0035340378021548936
6 0.004 -10 0.001332187651952654 0.0018357545843907573 0.001332187651952654 0.001332187651952654 0.001332187651952654 0.001829093646130994
6 0.002828 -10 0.00019531570439827527 0.0008601703621700043 0.00019531570439827527 0.00019531570439827527 0.00019531570439827527 0.0008593890993524113
6 0.002 -10 0.0002644667266477203 0.0004919081115647597 0.0002644667266477203 0.0002644667266477203 0.0002644667266477203 0.000491643644838112
6 0.001414 -10 6.822171237862504e-05 0.00026197137553392015 6.822171237862504e-05 6.822171237862504e-05 6.822171237862504e-05 0.00026190315382154157
6 0.001 -10 9.812784822212456e-05 0.00014464044827941158 9.812784822212456e-05 9.812784822212456e-05 9.812784822212456e-05 0.00014464044827941158
