6 0.181 -10 0.5910165484633569 0.9787234042553191 0.8114657210401891 0.6382978723404256 0.5910165484633569 0.9769503546099291
6 0.128 -10 0.3755163349605708 0.8043559894855427 0.6053323319564401 0.42621104018024786 0.3755163349605708 0.795343597446489
6 0.090496 -10 0.20329335230737955 0.517381581622281 0.38158162228095144 0.24517178288269972 0.20329335230737955 0.5116893677576744
6 0.064 -10 0.0891503967192654 0.30115004011767854 0.211286440224659 0.1306053311937238 0.0891503967192654 0.2971382722653116
6 0.045249 -10 0.035873152532644566 0.1684603242932989 0.10804993542832544 0.060051657339647006 0.035873152532644566 0.16673841297173195
6 0.032 -10 0.014758187104296109 0.0860549890051506 0.05008928703198099 0.02169453504331528 0.014758187104296109 0.08490385041101552
6 0.022624 -10 0.005331371388662306 0.04065703820993874 0.023111494969851095 0.010646748663158625 0.005331371388662306 0.04009191284274054
6 0.016 -10 0.0018899447380158604 0.017043521647427028 0.01044572456701366 0.0041106298051844965 0.0018899447380158604 0.01681105844465108
6 0.011312 -10 0.0006723321858864027 0.007164371772805508 0.004582616179001721 0.0016505755163511188 0.0006723321858864027 0.007053436962134251
6 0.008 -10 0.00025107226688379395 0.003073375618924522 0.0018845484352297574 0.0007730515097352016 0.00025107226688379395 0.0030181397202100873
6 0.005656 -10 8.593706158670924e-05 0.0012817512735657684 0.0007898475330434447 0.0003156468272079831 8.593706158670924e-05 0.0012597513857995708
6 0.004 -10 3.2610497736635796e-05 0.0005347143313876172 0.00031638704904084046 0.0001109735237977716 3.2610497736635796e-05 0.000526039938989672
