5 0.181 -10 0.8968609865470852 0.9730941704035875 0.8968609865470852 0.8968609865470852 0.8968609865470852 0.8789237668161435
5 0.128 -10 0.7782101167315175 0.9260700389105059 0.7782101167315175 0.7782101167315175 0.7782101167315175 0.8365758754863813
5 0.090496 -10 0.6734006734006734 0.797979797979798 0.6734006734006734 0.6734006734006734 0.6734006734006734 0.6161616161616161
5 0.064 -10 0.5 0.6075 0.5 0.5 0.5 0.4675
5 0.045249 -10 0.37523452157598497 0.4803001876172608 0.37523452157598497 0.37523452157598497 0.37523452157598497 0.33583489681050654
5 0.032 -10 0.27739251040221913 0.361997226074896 0.27739251040221913 0.27739251040221913 0.27739251040221913 0.26768377253814146
5 0.022624 -10 0.2038735983690112 0.23751274209989806 0.2038735983690112 0.2038735983690112 0.2038735983690112 0.15188583078491336
5 0.016 -10 0.15847860538827258 0.1735340729001585 0.15847860538827258 0.15847860538827258 0.15847860538827258 0.03565768621236133
5 0.011312 -10 0.1358695652173913 0.1514945652173913 0.1358695652173913 0.1358695652173913 0.1358695652173913 0.03192934782608696
5 0.008 -10 0.0998003992015968 0.11526946107784432 0.0998003992015968 0.0998003992015968 0.0998003992015968 0.02694610778443114
5 0.005656 -10 0.06611570247933884 0.07900826446280992 0.06611570247933884 0.06611570247933884 0.06611570247933884 0.01785123966942149
5 0.004 -10 0.04898359049718344 0.05878030859662013 0.04898359049718344 0.04898359049718344 0.04898359049718344 0.01591966691158462
5 0.002828 -10 0.035631569570639586 0.04044183146267593 0.035631569570639586 0.035631569570639586 0.035631569570639586 0.00944236593621949
5 0.002 -10 0.02600780234070221 0.02951885565669701 0.02600780234070221 0.02600780234070221 0.02600780234070221 0.005331599479843953
5 0.001414 -10 0.015942606616181746 0.019131127939418093 0.015942606616181746 0.015942606616181746 0.015942606616181746 0.0040653646871263455
5 0.001 -10 0.011526048870447211 0.013197325956662056 0.011526048870447211 0.011526048870447211 0.011526048870447211 0.00247810050714615
