5 0.181 -10 0.9123255177447314 0.9720828391570112 0.9123255177447314 0.9123255177447314 0.9123255177447314 0.8847732871088404
5 0.128 -10 0.7982120051085568 0.915948275862069 0.7982120051085568 0.7982120051085568 0.7982120051085568 0.8128192848020435
5 0.090496 -10 0.6531252041016263 0.7733655541767357 0.6531252041016263 0.6531252041016263 0.6531252041016263 0.5934295604467377
5 0.064 -10 0.5041084841457881 0.6337147754196704 0.5041084841457881 0.5041084841457881 0.5041084841457881 0.4862630438070273
5 0.045249 -10 0.37408349543618136 0.5034041598084692 0.37408349543618136 0.37408349543618136 0.37408349543618136 0.3832859494239114
5 0.032 -10 0.27446890267332713 0.38642476807377724 0.27446890267332713 0.27446890267332713 0.27446890267332713 0.2879727726848548
5 0.022624 -10 0.19649839853805193 0.24249867363580987 0.19649839853805193 0.19649839853805193 0.19649839853805193 0.10382975378750663
5 0.016 -10 0.1419144256013624 0.18031646916909103 0.1419144256013624 0.1419144256013624 0.1419144256013624 0.07849286880011354
5 0.011312 -10 0.10148884130189885 0.13078866978575707 0.10148884130189885 0.10148884130189885 0.10148884130189885 0.05720925984188038
5 0.008 -10 0.07185146864401909 0.09331350232798759 0.07185146864401909 0.07185146864401909 0.07185146864401909 0.03956141863539691
5 0.005656 -10 0.05074957116612364 0.061396831196776386 0.05074957116612364 0.05074957116612364 0.05074957116612364 0.012108847680237102
5 0.004 -10 0.03591347725060783 0.04359177868678779 0.03591347725060783 0.03591347725060783 0.03591347725060783 0.008421710415267538
5 0.002828 -10 0.025412573124679167 0.03084578125873557 0.025412573124679167 0.025412573124679167 0.025412573124679167 0.005834726789426337
5 0.002 -10 0.017968838440376698 0.02186268573040633 0.017968838440376698 0.017968838440376698 0.017968838440376698 0.004089707629029737
5 0.001414 -10 0.012682983748024625 0.01530201989199171 0.012682983748024625 0.012682983748024625 0.012682983748024625 0.0027205000139512822
5 0.001 -10 0.009048013282483499 0.011041290608614614 0.009048013282483499 0.009048013282483499 0.009048013282483499 0.002052994213795506
