7 0.181 -10 0.700770847932726 0.9880868955851436 0.700770847932726 0.700770847932726 0.700770847932726 0.9880868955851436
7 0.128 -10 0.48053820278712156 0.8197981739548295 0.48053820278712156 0.48053820278712156 0.48053820278712156 0.8135511773185968
7 0.090496 -10 0.32289312237649337 0.5556990636099451 0.32289312237649337 0.32289312237649337 0.32289312237649337 0.5482725217952857
7 0.064 -10 0.17436791630340018 0.34176111595466435 0.17436791630340018 0.17436791630340018 0.17436791630340018 0.33827375762859635
7 0.045249 -10 0.09005763688760807 0.19803674351585016 0.09005763688760807 0.09005763688760807 0.09005763688760807 0.1964157060518732
7 0.032 -10 0.034949148988222135 0.08936497396288401 0.034949148988222135 0.034949148988222135 0.034949148988222135 0.08870094013210779
7 0.022624 -10 0.014822500555843771 0.037871488920180836 0.014822500555843771 0.014822500555843771 0.014822500555843771 0.037486103905728894
7 0.016 -10 0.00974725371126685 0.022808573684364432 0.00974725371126685 0.00974725371126685 0.00974725371126685 0.022701353893540496
7 0.011312 -10 0.0024777313891401033 0.009908447825171272 0.0024777313891401033 0.0024777313891401033 0.0024777313891401033 0.009871281854334172
7 0.008 -10 0.0009177182953566208 0.0029064138413944177 0.0009177182953566208 0.0009177182953566208 0.0009177182953566208 0.002894483503554782
7 0.005656 -10 0.0003162306320596512 0.0012061036306755097 0.0003162306320596512 0.0003162306320596512 0.0003162306320596512 0.0012019926324587343
7 0.004 -10 0.00015162526361947397 0.0002782323587417347 0.00015162526361947397 0.00015162526361947397 0.00015162526361947397 0.0002748966029421063
7 0.002828 -10 0.0003180248873555849 0.0006500428697548156 0.0003180248873555849 0.0003180248873555849 0.0003180248873555849 0.0006487707702053932
7 0.002 -10 1.5784889586117985e-05 3.469518731028733e-05 1.5784889586117985e-05 1.5784889586117985e-05 1.5784889586117985e-05 3.4284780181048264e-05
7 0.001414 -10 5.327888316719858e-06 4.8169438271464245e-05 5.327888316719858e-06 5.327888316719858e-06 5.327888316719858e-06 4.8132143053247205e-05
7 0.001 -10 2.1529666762332307e-06 5.898052209540935e-05 2.1529666762332307e-06 2.1529666762332307e-06 2.1529666762332307e-06 5.8900862328388724e-05
