6 0.181 -10 1.0 1.0 1.0 1.0 1.0 0.0
6 0.128 -10 0.8403361344537815 0.8403361344537815 0.8403361344537815 0.8403361344537815 0.8403361344537815 0.0
6 0.090496 -10 0.49504950495049505 0.49504950495049505 0.49504950495049505 0.49504950495049505 0.49504950495049505 0.0
6 0.064 -10 0.25906735751295334 0.25906735751295334 0.25906735751295334 0.25906735751295334 0.25906735751295334 0.0
6 0.045249 -10 0.17064846416382254 0.17064846416382254 0.17064846416382254 0.17064846416382254 0.17064846416382254 0.0
6 0.032 -10 0.09017132551848513 0.09017132551848513 0.09017132551848513 0.09017132551848513 0.09017132551848513 0.0
6 0.022624 -10 0.041701417848206836 0.041701417848206836 0.041701417848206836 0.041701417848206836 0.041701417848206836 0.0
6 0.016 -10 0.016512549537648614 0.016512549537648614 0.016512549537648614 0.016512549537648614 0.016512549537648614 0.0
6 0.011312 -10 0.007257947452460444 0.007257947452460444 0.007257947452460444 0.007257947452460444 0.007257947452460444 0.0
6 0.008 -10 0.002826935037032849 0.002826935037032849 0.002826935037032849 0.002826935037032849 0.002826935037032849 0.0
6 0.005656 -10 0.0012169595482646157 0.0012169595482646157 0.0012169595482646157 0.0012169595482646157 0.0012169595482646157 0.0
6 0.004 -10 0.00042356369550853055 0.00042356369550853055 0.00042356369550853055 0.00042356369550853055 0.00042356369550853055 0.0
6 0.002828 -10 0.00023259383998474185 0.00023259383998474185 0.00023259383998474185 0.00023259383998474185 0.00023259383998474185 0.0
6 0.002 -10 7.231295891611552e-05 7.231295891611552e-05 7.231295891611552e-05 7.231295891611552e-05 7.231295891611552e-05 0.0
6 0.001414 -10 4.347506639729515e-05 4.347506639729515e-05 4.347506639729515e-05 4.347506639729515e-05 4.347506639729515e-05 0.0
6 0.001 -10 1.669861947503214e-05 1.669861947503214e-05 1.669861947503214e-05 1.669861947503214e-05 1.669861947503214e-05 0.0
