12 0.181 -10 0.9900990099009901 0.9900990099009901 0.9900990099009901 0.9900990099009901 0.9900990099009901 0.0
12 0.128 -10 0.8695652173913043 0.8695652173913043 0.8695652173913043 0.8695652173913043 0.8695652173913043 0.0
12 0.090496 -10 0.5376344086021505 0.5376344086021505 0.5376344086021505 0.5376344086021505 0.5376344086021505 0.0
12 0.064 -10 0.21929824561403508 0.21929824561403508 0.21929824561403508 0.21929824561403508 0.21929824561403508 0.0
12 0.045249 -10 0.06983240223463687 0.06983240223463687 0.06983240223463687 0.06983240223463687 0.06983240223463687 0.0
12 0.032 -10 0.01622849724115547 0.01622849724115547 0.01622849724115547 0.01622849724115547 0.01622849724115547 0.0
12 0.022624 -10 0.0030262680062946375 0.0030262680062946375 0.0030262680062946375 0.0030262680062946375 0.0030262680062946375 0.0
12 0.016 -10 0.00048664642217550417 0.00048664642217550417 0.00048664642217550417 0.00048664642217550417 0.00048664642217550417 0.0
12 0.011312 -10 9.441069786499648e-05 9.441069786499648e-05 9.441069786499648e-05 9.441069786499648e-05 9.441069786499648e-05 0.0
12 0.008 -10 1.8069374109405722e-05 1.8069374109405722e-05 1.8069374109405722e-05 1.8069374109405722e-05 1.8069374109405722e-05 0.0
12 0.005656 -10 3.1926584181143775e-06 3.1926584181143775e-06 3.1926584181143775e-06 3.1926584181143775e-06 3.1926584181143775e-06 0.0
12 0.004 -10 4.907363454697502e-07 4.907363454697502e-07 4.907363454697502e-07 4.907363454697502e-07 4.907363454697502e-07 0.0
12 0.002828 -10 1.1118596286024818e-07 1.1118596286024818e-07 1.1118596286024818e-07 1.1118596286024818e-07 1.1118596286024818e-07 0.0
12 0.002 -10 2.7068381866738104e-08 2.7068381866738104e-08 2.7068381866738104e-08 2.7068381866738104e-08 2.7068381866738104e-08 0.0
12 0.001414 -10 7.474982698937637e-09 7.474982698937637e-09 7.474982698937637e-09 7.474982698937637e-09 7.474982698937637e-09 0.0
12 0.001 -10 1.5383475335611783e-09 1.5383475335611783e-09 1.5383475335611783e-09 1.5383475335611783e-09 1.5383475335611783e-09 0.0
