5 0.181 -10 0.564652738565782 0.9582156973461321 0.7114624505928854 0.5770750988142292 0.564652738565782 0.9525691699604744
5 0.128 -10 0.34106412005457026 0.6657571623465212 0.47748976807639837 0.3509549795361528 0.34106412005457026 0.6289222373806276
5 0.090496 -10 0.18375597206909225 0.4364204336640941 0.2822491730981257 0.1922087467842705 0.18375597206909225 0.40904079382579933
5 0.064 -10 0.08192020971573687 0.24019005488654052 0.14164004259850904 0.08740886376669124 0.08192020971573687 0.22257720979765708
5 0.045249 -10 0.031144886009717203 0.10938083966612683 0.06294381462563847 0.03510028653295129 0.031144886009717203 0.09897844773888127
5 0.032 -10 0.012102435009923997 0.04329041003049813 0.02779929321779542 0.013772571041293508 0.012102435009923997 0.03759016314082393
5 0.022624 -10 0.0046576401600365155 0.018118220222542048 0.011676703881211545 0.00566834807476444 0.0046576401600365155 0.015607752176282364
5 0.016 -10 0.0016463805147573318 0.007003702709777689 0.004359615603077414 0.0020530365019023927 0.0016463805147573318 0.006027399064526592
5 0.011312 -10 0.0005844354324500761 0.002851460474923921 0.0019338968459773017 0.0007661948519420498 0.0005844354324500761 0.002473330750128722
5 0.008 -10 0.00020786382092781262 0.0009680218140608234 0.0006082095400347798 0.0002704308310270842 0.00020786382092781262 0.0008291687816810446
5 0.005656 -10 9.50275594176445e-05 0.0003695621785752195 0.00024517110329752285 0.00012030489022273795 9.50275594176445e-05 0.00029258985544692743
5 0.004 -10 4.111551490254451e-05 0.0001746587073060091 0.00014110844714553276 5.184666429210863e-05 4.111551490254451e-05 0.00014057394545179968
