5 0.181 -10 0.9174311926605505 0.9752293577981651 0.9174311926605505 0.9174311926605505 0.9174311926605505 0.8853211009174312
5 0.128 -10 0.7874015748031497 0.9125984251968504 0.7874015748031497 0.7874015748031497 0.7874015748031497 0.8078740157480315
5 0.090496 -10 0.6626905235255136 0.777998674618953 0.6626905235255136 0.6626905235255136 0.6626905235255136 0.5944333996023857
5 0.064 -10 0.5058168942842691 0.6525037936267072 0.5058168942842691 0.5058168942842691 0.5058168942842691 0.496206373292868
5 0.045249 -10 0.3688675765400221 0.4765769088897086 0.3688675765400221 0.3688675765400221 0.3688675765400221 0.3341940243452601
5 0.032 -10 0.2653927813163482 0.3646496815286624 0.2653927813163482 0.2653927813163482 0.2653927813163482 0.2627388535031847
5 0.022624 -10 0.19109497420217847 0.23925090770112745 0.19109497420217847 0.19109497420217847 0.19109497420217847 0.1570800687941907
5 0.016 -10 0.17749378771742988 0.2055378061767838 0.17749378771742988 0.17749378771742988 0.17749378771742988 0.053425630102946396
5 0.011312 -10 0.1361841209314994 0.1549775296200463 0.1361841209314994 0.1361841209314994 0.1361841209314994 0.03390984611194335
5 0.008 -10 0.08996041741633681 0.10363440086362001 0.08996041741633681 0.08996041741633681 0.08996041741633681 0.023569629363080245
5 0.005656 -10 0.0654407434068451 0.07492965120083764 0.0654407434068451 0.0654407434068451 0.0654407434068451 0.016883711798966035
5 0.004 -10 0.04725004725004725 0.05429030429030429 0.04725004725004725 0.04725004725004725 0.04725004725004725 0.01271026271026271
5 0.002828 -10 0.03313233052812935 0.03866542972632695 0.03313233052812935 0.03313233052812935 0.03313233052812935 0.008349347293088595
5 0.002 -10 0.023609405987345358 0.027410520351307963 0.023609405987345358 0.023609405987345358 0.023609405987345358 0.005760695060912267
5 0.001414 -10 0.016892177232723526 0.01973006300782108 0.016892177232723526 0.016892177232723526 0.016892177232723526 0.004391966080508116
5 0.001 -10 0.01108070074351502 0.012931177767682028 0.01108070074351502 0.01108070074351502 0.01108070074351502 0.00275909448513524
