6 0.181 -10 0.6211180124223602 0.9440993788819876 0.6211180124223602 0.6211180124223602 0.6211180124223602 0.937888198757764
6 0.128 -10 0.5128205128205128 0.8205128205128205 0.5128205128205128 0.5128205128205128 0.5128205128205128 0.8102564102564103
6 0.090496 -10 0.273224043715847 0.5846994535519126 0.273224043715847 0.273224043715847 0.273224043715847 0.5737704918032787
6 0.064 -10 0.15015015015015015 0.2957957957957958 0.15015015015015015 0.15015015015015015 0.15015015015015015 0.2912912912912913
6 0.045249 -10 0.07886435331230283 0.15457413249211358 0.07886435331230283 0.07886435331230283 0.07886435331230283 0.1529968454258675
6 0.032 -10 0.044444444444444446 0.07555555555555556 0.044444444444444446 0.044444444444444446 0.044444444444444446 0.07511111111111111
6 0.022624 -10 0.021367521367521368 0.03162393162393162 0.021367521367521368 0.021367521367521368 0.021367521367521368 0.030982905982905984
6 0.016 -10 0.009611687812379853 0.01787773933102653 0.009611687812379853 0.009611687812379853 0.009611687812379853 0.01778162245290273
6 0.011312 -10 0.0030233401862377555 0.007135082839521103 0.0030233401862377555 0.0030233401862377555 0.0030233401862377555 0.007135082839521103
6 0.008 -10 0.0023311110075061774 0.003706466501934822 0.0023311110075061774 0.0023311110075061774 0.0023311110075061774 0.0036598442817846986
6 0.005656 -10 0.000758495145631068 0.0014259708737864077 0.000758495145631068 0.000758495145631068 0.000758495145631068 0.0014183859223300972
6 0.004 -10 0.0004065305060491739 0.0006911018602835957 0.0004065305060491739 0.0004065305060491739 0.0004065305060491739 0.000687036555223104
6 0.002828 -10 0.00015240208547013758 0.00027889581641035174 0.00015240208547013758 0.00015240208547013758 0.00015240208547013758 0.000275847774700949
6 0.002 -10 0.0001322389239983232 0.00017587776891776988 0.0001322389239983232 0.0001322389239983232 0.0001322389239983232 0.00017058821195783694
6 0.001414 -10 5.474892144624751e-05 8.321836059829622e-05 5.474892144624751e-05 5.474892144624751e-05 5.474892144624751e-05 8.157589295490879e-05
6 0.001 -10 2.549818350940679e-05 3.161774755166442e-05 2.549818350940679e-05 2.549818350940679e-05 2.549818350940679e-05 3.136276571657035e-05
