5 0.181 -10 0.9191176470588235 0.9733455882352942 0.9191176470588235 0.9191176470588235 0.9191176470588235 0.8777573529411765
5 0.128 -10 0.7874015748031497 0.915748031496063 0.7874015748031497 0.7874015748031497 0.7874015748031497 0.8228346456692913
5 0.090496 -10 0.6341154090044389 0.7488902980342422 0.6341154090044389 0.6341154090044389 0.6341154090044389 0.5770450221940393
5 0.064 -10 0.5065856129685917 0.6286727456940223 0.5065856129685917 0.5065856129685917 0.5065856129685917 0.49544072948328266
5 0.045249 -10 0.3831417624521073 0.5065134099616858 0.3831417624521073 0.3831417624521073 0.3831417624521073 0.37203065134099617
5 0.032 -10 0.27114967462039047 0.38313449023861174 0.27114967462039047 0.27114967462039047 0.27114967462039047 0.2890455531453362
5 0.022624 -10 0.19293845263360987 0.23943661971830985 0.19293845263360987 0.19293845263360987 0.19293845263360987 0.10283619525371407
5 0.016 -10 0.13991884706870014 0.1793759619420736 0.13991884706870014 0.13991884706870014 0.13991884706870014 0.07835455435847209
5 0.011312 -10 0.1025010250102501 0.13335383353833538 0.1025010250102501 0.1025010250102501 0.1025010250102501 0.05688806888068881
5 0.008 -10 0.07317965605561653 0.09476765459202342 0.07317965605561653 0.07317965605561653 0.07317965605561653 0.0398097328942554
5 0.005656 -10 0.05259835893120135 0.06201346517988639 0.05259835893120135 0.05259835893120135 0.05259835893120135 0.010993057016621082
5 0.004 -10 0.03693034936110495 0.044316419233325945 0.03693034936110495 0.03693034936110495 0.03693034936110495 0.008087746510081985
5 0.002828 -10 0.024951344877488898 0.03009132192225161 0.024951344877488898 0.024951344877488898 0.024951344877488898 0.00543939318329258
5 0.002 -10 0.018218918524996356 0.021735169800320652 0.018218918524996356 0.018218918524996356 0.018218918524996356 0.003680221542049264
5 0.001414 -10 0.01255760802682305 0.015081687240214484 0.01255760802682305 0.01255760802682305 0.01255760802682305 0.0026245400776060174
5 0.001 -10 0.008920129163470287 0.010614953704529641 0.008920129163470287 0.008920129163470287 0.008920129163470287 0.001801866091020998
