7 0.181 -10 0.6862946949420081 0.9848328872417816 0.6862946949420081 0.6862946949420081 0.6862946949420081 0.9831857799739208
7 0.128 -10 0.5082333807684488 0.8200345598698923 0.5082333807684488 0.5082333807684488 0.5082333807684488 0.8113945923968287
7 0.090496 -10 0.30825190345550385 0.5397182577602416 0.30825190345550385 0.30825190345550385 0.30825190345550385 0.5309330785117599
7 0.064 -10 0.15687012722167318 0.29319026777730717 0.15687012722167318 0.15687012722167318 0.15687012722167318 0.2877155003372708
7 0.045249 -10 0.06663912249603497 0.13061934400447814 0.06663912249603497 0.06663912249603497 0.06663912249603497 0.12723407658167957
7 0.032 -10 0.02578741883409922 0.05156710144254821 0.02578741883409922 0.02578741883409922 0.02578741883409922 0.05007143115017045
7 0.022624 -10 0.008774893275360539 0.01787796755921956 0.008774893275360539 0.008774893275360539 0.008774893275360539 0.017188260947776222
7 0.016 -10 0.002983036367091262 0.005885232448634351 0.002983036367091262 0.002983036367091262 0.002983036367091262 0.005583945775558133
7 0.011312 -10 0.0009457805749343368 0.0018954388502259044 0.0009457805749343368 0.0009457805749343368 0.0009457805749343368 0.0017761759197266846
7 0.008 -10 0.0003113568145358299 0.0006403364247743878 0.0003113568145358299 0.0003113568145358299 0.0003113568145358299 0.0005928856462391272
7 0.005656 -10 0.00010362160407652364 0.00019741988008659285 0.00010362160407652364 0.00010362160407652364 0.00010362160407652364 0.0001803534018951894
7 0.004 -10 3.4676444379064706e-05 6.670707605200677e-05 3.4676444379064706e-05 3.4676444379064706e-05 3.4676444379064706e-05 5.934179926589343e-05
7 0.002828 -10 1.233347297003649e-05 3.726065518977724e-05 1.233347297003649e-05 1.233347297003649e-05 1.233347297003649e-05 3.40021516310936e-05
7 0.002 -10 4.611137829094008e-06 8.309731481810312e-06 4.611137829094008e-06 4.611137829094008e-06 4.611137829094008e-06 7.058268674994198e-06
7 0.001414 -10 1.5136863445184562e-06 2.842551586371209e-06 1.5136863445184562e-06 1.5136863445184562e-06 1.5136863445184562e-06 2.39238126751142e-06
7 0.001 -10 1.4851454007515547e-06 1.9425701841830338e-06 1.4851454007515547e-06 1.4851454007515547e-06 1.4851454007515547e-06 8.221764938560607e-07
