6 0.181 -10 0.6150061500615006 0.958179581795818 0.6150061500615006 0.6150061500615006 0.6150061500615006 0.95079950799508
6 0.128 -10 0.45413260672116257 0.7783832879200726 0.45413260672116257 0.45413260672116257 0.45413260672116257 0.7720254314259763
6 0.090496 -10 0.27078256160303277 0.569997292174384 0.27078256160303277 0.27078256160303277 0.27078256160303277 0.5667479014351475
6 0.064 -10 0.14963339817447255 0.30869370043393685 0.14963339817447255 0.14963339817447255 0.14963339817447255 0.3046535986832261
6 0.045249 -10 0.07315288953913679 0.16174103877103146 0.07315288953913679 0.07315288953913679 0.07315288953913679 0.16035113386978786
6 0.032 -10 0.04343293954134816 0.0811761640027797 0.04343293954134816 0.04343293954134816 0.04343293954134816 0.08061153578874218
6 0.022624 -10 0.02173062714589943 0.0342691990090834 0.02173062714589943 0.02173062714589943 0.02173062714589943 0.03407362336477031
6 0.016 -10 0.009429958979678438 0.016643877599132443 0.009429958979678438 0.009429958979678438 0.009429958979678438 0.016492998255457587
6 0.011312 -10 0.0031458906802988595 0.007484073928430987 0.0031458906802988595 0.0031458906802988595 0.0031458906802988595 0.007433739677546205
6 0.008 -10 0.0018230211105844606 0.0034254566667882014 0.0018230211105844606 0.0018230211105844606 0.0018230211105844606 0.0033981113501294347
6 0.005656 -10 0.0007814368122379256 0.0016042897755244613 0.0007814368122379256 0.0007814368122379256 0.0007814368122379256 0.0015894424760919408
6 0.004 -10 0.00038002483082244596 0.000716726830931133 0.00038002483082244596 0.00038002483082244596 0.00038002483082244596 0.000714066657115376
6 0.002828 -10 0.00017099567876820184 0.000332928586561689 0.00017099567876820184 0.00017099567876820184 0.00017099567876820184 0.00033121862977400696
6 0.002 -10 0.000130178263510486 0.00017795368621883434 0.000130178263510486 0.000130178263510486 0.000130178263510486 0.00017365780352298832
6 0.001414 -10 4.4630878533850646e-05 7.734531249916317e-05 4.4630878533850646e-05 4.4630878533850646e-05 4.4630878533850646e-05 7.685437283529082e-05
6 0.001 -10 2.5043466065790437e-05 3.4585026636856595e-05 2.5043466065790437e-05 2.5043466065790437e-05 2.5043466065790437e-05 3.440972237439606e-05
