7 0.181 -10 0.6578947368421053 0.9881578947368421 0.6578947368421053 0.6578947368421053 0.6578947368421053 0.9828947368421053
7 0.128 -10 0.4835589941972921 0.8191489361702128 0.4835589941972921 0.4835589941972921 0.4835589941972921 0.809477756286267
7 0.090496 -10 0.30921459492888065 0.5225726654298083 0.30921459492888065 0.30921459492888065 0.30921459492888065 0.5139146567717996
7 0.064 -10 0.15413070283600494 0.30117139334155363 0.15413070283600494 0.15413070283600494 0.15413070283600494 0.29469790382244143
7 0.045249 -10 0.0675584380489123 0.1310633698148899 0.0675584380489123 0.0675584380489123 0.0675584380489123 0.1278205647885421
7 0.032 -10 0.027953262145692402 0.05277575893106726 0.027953262145692402 0.027953262145692402 0.027953262145692402 0.05121037625090848
7 0.022624 -10 0.009098684330245847 0.01806998707986825 0.009098684330245847 0.009098684330245847 0.009098684330245847 0.017269302858806616
7 0.016 -10 0.003059451256822576 0.006131140318672443 0.003059451256822576 0.003059451256822576 0.003059451256822576 0.005874146413099347
7 0.011312 -10 0.0008934618250566009 0.0017476113298107111 0.0008934618250566009 0.0008934618250566009 0.0008934618250566009 0.0016314612925533531
7 0.008 -10 0.0002952964008093484 0.0005870492448089846 0.0002952964008093484 0.0002952964008093484 0.0002952964008093484 0.0005445265630924384
7 0.005656 -10 0.0001054611139562176 0.00019573582750273988 0.0001054611139562176 0.0001054611139562176 0.0001054611139562176 0.00018139311600469428
7 0.004 -10 3.560454487742815e-05 6.921523524172033e-05 3.560454487742815e-05 3.560454487742815e-05 3.560454487742815e-05 6.309125352280268e-05
7 0.002828 -10 1.1745832402476115e-05 3.6412080447675956e-05 1.1745832402476115e-05 1.1745832402476115e-05 1.1745832402476115e-05 3.342863901744702e-05
7 0.002 -10 4.699280184938104e-06 8.505697134737969e-06 4.699280184938104e-06 4.699280184938104e-06 4.699280184938104e-06 7.2180943640649275e-06
7 0.001414 -10 1.486162633975258e-06 2.7404838970503754e-06 1.486162633975258e-06 1.486162633975258e-06 1.486162633975258e-06 2.2322162762308374e-06
7 0.001 -10 1.373737276493426e-06 1.8517978487131382e-06 1.373737276493426e-06 1.373737276493426e-06 1.373737276493426e-06 8.544645859789109e-07
