7 0.181 -10 0.7046764894298526 0.9846252402306214 0.7046764894298526 0.7046764894298526 0.7046764894298526 0.982703395259449
7 0.128 -10 0.5235602094240838 0.829128986197049 0.5235602094240838 0.5235602094240838 0.5235602094240838 0.8215135649690624
7 0.090496 -10 0.3003003003003003 0.5405405405405406 0.3003003003003003 0.3003003003003003 0.3003003003003003 0.5298935298935299
7 0.064 -10 0.15618344455487718 0.28936532727530884 0.15618344455487718 0.15618344455487718 0.15618344455487718 0.2834019593923044
7 0.045249 -10 0.06827633294022717 0.13307677983986096 0.06827633294022717 0.06827633294022717 0.06827633294022717 0.13009744894792377
7 0.032 -10 0.026573899598975697 0.05343769628448567 0.026573899598975697 0.026573899598975697 0.026573899598975697 0.05218147557617046
7 0.022624 -10 0.009466926003063841 0.01836583644594385 0.009466926003063841 0.009466926003063841 0.009466926003063841 0.01753102569840095
7 0.016 -10 0.0030691193580518346 0.006015473941781596 0.0030691193580518346 0.0030691193580518346 0.0030691193580518346 0.005677870812395894
7 0.011312 -10 0.0009114690146108483 0.0018121661226853866 0.0009114690146108483 0.0009114690146108483 0.0009114690146108483 0.0017003040163467826
7 0.008 -10 0.00033165785813546174 0.0006530644733831002 0.00033165785813546174 0.00033165785813546174 0.00033165785813546174 0.0006024112732315023
7 0.005656 -10 0.00010323630809693627 0.00019633668776253697 0.00010323630809693627 0.00010323630809693627 0.00010323630809693627 0.00018038198560210136
7 0.004 -10 3.500826115399004e-05 6.702490726391184e-05 3.500826115399004e-05 3.500826115399004e-05 3.500826115399004e-05 5.922761273415952e-05
7 0.002828 -10 1.2191053220995955e-05 3.071037134125436e-05 1.2191053220995955e-05 1.2191053220995955e-05 1.2191053220995955e-05 2.730795921503094e-05
7 0.002 -10 4.934892660117909e-06 8.335482329544613e-06 4.934892660117909e-06 4.934892660117909e-06 4.934892660117909e-06 7.151108091116314e-06
7 0.001414 -10 1.5405194009050013e-06 2.8065462540123845e-06 1.5405194009050013e-06 1.5405194009050013e-06 1.5405194009050013e-06 2.378001766124266e-06
7 0.001 -10 1.468335688603846e-06 2.903300111557605e-06 1.468335688603846e-06 1.468335688603846e-06 1.468335688603846e-06 1.8234059551207762e-06
