7 0.181 -10 0.6629541235746487 0.9834261469106338 0.6629541235746487 0.6629541235746487 0.6629541235746487 0.9824980111376292
7 0.128 -10 0.513874614594039 0.8171634121274409 0.513874614594039 0.513874614594039 0.513874614594039 0.8082219938335046
7 0.090496 -10 0.3168367023636018 0.5439452506178316 0.3168367023636018 0.3168367023636018 0.3168367023636018 0.534313414865978
7 0.064 -10 0.15684798293493946 0.29183135704874835 0.15684798293493946 0.15684798293493946 0.15684798293493946 0.2857770249074597
7 0.045249 -10 0.06680294467380123 0.1313345892286932 0.06680294467380123 0.06680294467380123 0.06680294467380123 0.12772723021630794
7 0.032 -10 0.02573340195573855 0.05087493566649511 0.02573340195573855 0.02573340195573855 0.02573340195573855 0.049279464745239324
7 0.022624 -10 0.008873382160597569 0.017897611817925298 0.008873382160597569 0.008873382160597569 0.008873382160597569 0.017169994480756297
7 0.016 -10 0.003051701934168686 0.006011242469925478 0.003051701934168686 0.003051701934168686 0.003051701934168686 0.0056902034264509314
7 0.011312 -10 0.0009369726600747517 0.0018842520194103257 0.0009369726600747517 0.0009369726600747517 0.0009369726600747517 0.001776687558033744
7 0.008 -10 0.00030527896941727494 0.0006307674066099735 0.00030527896941727494 0.00030527896941727494 0.00030527896941727494 0.000581312213564375
7 0.005656 -10 0.00010393128828153107 0.00019649249362506263 0.00010393128828153107 0.00010393128828153107 0.00010393128828153107 0.00017845002197938885
7 0.004 -10 3.471046718504713e-05 6.744243774054658e-05 3.471046718504713e-05 3.471046718504713e-05 3.471046718504713e-05 6.0285139406989854e-05
7 0.002828 -10 1.2570936095309459e-05 3.758709892497528e-05 1.2570936095309459e-05 1.2570936095309459e-05 1.2570936095309459e-05 3.417031849427017e-05
7 0.002 -10 4.463915998414424e-06 8.127898249912983e-06 4.463915998414424e-06 4.463915998414424e-06 4.463915998414424e-06 6.976207922322062e-06
7 0.001414 -10 1.4729949886665969e-06 2.855842684026798e-06 1.4729949886665969e-06 1.4729949886665969e-06 1.4729949886665969e-06 2.419541568383752e-06
7 0.001 -10 1.5010092119493058e-06 1.98883720583283e-06 1.5010092119493058e-06 1.5010092119493058e-06 1.5010092119493058e-06 8.51972828702426e-07
