6 0.181 -10 0.9746588693957114 0.9746588693957114 0.9746588693957114 0.9746588693957114 0.9746588693957114 0.0
6 0.128 -10 0.8084074373484236 0.8084074373484236 0.8084074373484236 0.8084074373484236 0.8084074373484236 0.0
6 0.090496 -10 0.5141388174807198 0.5141388174807198 0.5141388174807198 0.5141388174807198 0.5141388174807198 0.0
6 0.064 -10 0.31655587211142766 0.31655587211142766 0.31655587211142766 0.31655587211142766 0.31655587211142766 0.0
6 0.045249 -10 0.1757469244288225 0.1757469244288225 0.1757469244288225 0.1757469244288225 0.1757469244288225 0.0
6 0.032 -10 0.09310120100549298 0.09310120100549298 0.09310120100549298 0.09310120100549298 0.09310120100549298 0.0
6 0.022624 -10 0.04333131120547708 0.04333131120547708 0.04333131120547708 0.04333131120547708 0.04333131120547708 0.0
6 0.016 -10 0.020286444597719805 0.020286444597719805 0.020286444597719805 0.020286444597719805 0.020286444597719805 0.0
6 0.011312 -10 0.008191282836805073 0.008191282836805073 0.008191282836805073 0.008191282836805073 0.008191282836805073 0.0
6 0.008 -10 0.003600282262129351 0.003600282262129351 0.003600282262129351 0.003600282262129351 0.003600282262129351 0.0
6 0.005656 -10 0.0017312090244464026 0.0017312090244464026 0.0017312090244464026 0.0017312090244464026 0.0017312090244464026 0.0
6 0.004 -10 0.0007303268212525105 0.0007303268212525105 0.0007303268212525105 0.0007303268212525105 0.0007303268212525105 0.0
6 0.002828 -10 0.0003174558831559178 0.0003174558831559178 0.0003174558831559178 0.0003174558831559178 0.0003174558831559178 0.0
6 0.002 -10 0.00013826452852556227 0.00013826452852556227 0.00013826452852556227 0.00013826452852556227 0.00013826452852556227 0.0
6 0.001414 -10 5.141231691045702e-05 5.141231691045702e-05 5.141231691045702e-05 5.141231691045702e-05 5.141231691045702e-05 0.0
6 0.001 -10 2.3165987030661155e-05 2.3165987030661155e-05 2.3165987030661155e-05 2.3165987030661155e-05 2.3165987030661155e-05 0.0
