6 0.181 -10 0.9727626459143969 0.9727626459143969 0.9727626459143969 0.9727626459143969 0.9727626459143969 0.0
6 0.128 -10 0.8051529790660226 0.8051529790660226 0.8051529790660226 0.8051529790660226 0.8051529790660226 0.0
6 0.090496 -10 0.5243838489774515 0.5243838489774515 0.5243838489774515 0.5243838489774515 0.5243838489774515 0.0
6 0.064 -10 0.29171528588098017 0.29171528588098017 0.29171528588098017 0.29171528588098017 0.29171528588098017 0.0
6 0.045249 -10 0.1635322976287817 0.1635322976287817 0.1635322976287817 0.1635322976287817 0.1635322976287817 0.0
6 0.032 -10 0.08200754469411185 0.08200754469411185 0.08200754469411185 0.08200754469411185 0.08200754469411185 0.0
6 0.022624 -10 0.03890747801727492 0.03890747801727492 0.03890747801727492 0.03890747801727492 0.03890747801727492 0.0
6 0.016 -10 0.01615195761726321 0.01615195761726321 0.01615195761726321 0.01615195761726321 0.01615195761726321 0.0
6 0.011312 -10 0.006481553498742579 0.006481553498742579 0.006481553498742579 0.006481553498742579 0.006481553498742579 0.0
6 0.008 -10 0.0026838720759213733 0.0026838720759213733 0.0026838720759213733 0.0026838720759213733 0.0026838720759213733 0.0
6 0.005656 -10 0.0010790000690560045 0.0010790000690560045 0.0010790000690560045 0.0010790000690560045 0.0010790000690560045 0.0
6 0.004 -10 0.0004106116841197163 0.0004106116841197163 0.0004106116841197163 0.0004106116841197163 0.0004106116841197163 0.0
6 0.002828 -10 0.00017108774508747202 0.00017108774508747202 0.00017108774508747202 0.00017108774508747202 0.00017108774508747202 0.0
6 0.002 -10 7.477113490245545e-05 7.477113490245545e-05 7.477113490245545e-05 7.477113490245545e-05 7.477113490245545e-05 0.0
6 0.001414 -10 2.929627620013587e-05 2.929627620013587e-05 2.929627620013587e-05 2.929627620013587e-05 2.929627620013587e-05 0.0
6 0.001 -10 1.227162987664754e-05 1.227162987664754e-05 1.227162987664754e-05 1.227162987664754e-05 1.227162987664754e-05 0.0
