5 0.181 -10 0.9147457006952068 0.9716428832784486 0.9147457006952068 0.9147457006952068 0.9147457006952068 0.8838272960117087
5 0.128 -10 0.8032128514056225 0.9172690763052209 0.8032128514056225 0.8032128514056225 0.8032128514056225 0.8094779116465863
5 0.090496 -10 0.6489292667099286 0.762881245944192 0.6489292667099286 0.6489292667099286 0.6489292667099286 0.5868916288124595
5 0.064 -10 0.5043373007867662 0.6336493847084931 0.5043373007867662 0.5043373007867662 0.5043373007867662 0.48033084526931613
5 0.045249 -10 0.37735849056603776 0.4989433962264151 0.37735849056603776 0.37735849056603776 0.37735849056603776 0.3757735849056604
5 0.032 -10 0.2788933511825078 0.3900044622936189 0.2788933511825078 0.2788933511825078 0.2788933511825078 0.2969098616688978
5 0.022624 -10 0.19689690478065686 0.24434905883279515 0.19689690478065686 0.19689690478065686 0.19689690478065686 0.10596991415294951
5 0.016 -10 0.14160695573366563 0.17924608456767396 0.14160695573366563 0.14160695573366563 0.14160695573366563 0.07663768444305984
5 0.011312 -10 0.1027284681130835 0.13056788297172914 0.1027284681130835 0.1027284681130835 0.1027284681130835 0.05535009861932939
5 0.008 -10 0.07288948496289925 0.09391081242619939 0.07288948496289925 0.07288948496289925 0.07288948496289925 0.03944778926192107
5 0.005656 -10 0.05115769872208069 0.06120507075109733 0.05115769872208069 0.05115769872208069 0.05115769872208069 0.011459324513746073
5 0.004 -10 0.03568242640499554 0.04348974130240856 0.03568242640499554 0.03568242640499554 0.03568242640499554 0.008777876895628903
5 0.002828 -10 0.025580550595771023 0.0310240917625511 0.025580550595771023 0.025580550595771023 0.025580550595771023 0.005811901095359177
5 0.002 -10 0.018331738472086263 0.022221733375862966 0.018331738472086263 0.018331738472086263 0.018331738472086263 0.004128307503913826
5 0.001414 -10 0.0125484999523157 0.015294111741882376 0.0125484999523157 0.0125484999523157 0.0125484999523157 0.002851019189166127
5 0.001 -10 0.009138896606179355 0.011112898273114097 0.009138896606179355 0.009138896606179355 0.009138896606179355 0.0020196961499656376
