6 0.181 -10 0.5865102639296188 0.9442815249266863 0.5865102639296188 0.5865102639296188 0.5865102639296188 0.9413489736070382
6 0.128 -10 0.45558086560364464 0.7722095671981777 0.45558086560364464 0.45558086560364464 0.45558086560364464 0.7676537585421412
6 0.090496 -10 0.2824858757062147 0.5621468926553672 0.2824858757062147 0.2824858757062147 0.2824858757062147 0.5536723163841808
6 0.064 -10 0.18761726078799248 0.32082551594746717 0.18761726078799248 0.18761726078799248 0.18761726078799248 0.31801125703564725
6 0.045249 -10 0.11641443538998836 0.20663562281722933 0.11641443538998836 0.11641443538998836 0.11641443538998836 0.20547147846332944
6 0.032 -10 0.056179775280898875 0.09775280898876404 0.056179775280898875 0.056179775280898875 0.056179775280898875 0.09691011235955056
6 0.022624 -10 0.03815337657382678 0.06352537199542159 0.03815337657382678 0.03815337657382678 0.03815337657382678 0.06333460511255246
6 0.016 -10 0.023952095808383235 0.03413173652694611 0.023952095808383235 0.023952095808383235 0.023952095808383235 0.034011976047904194
6 0.011312 -10 0.008016996031586964 0.01639475688459534 0.008016996031586964 0.008016996031586964 0.008016996031586964 0.016274501944121538
6 0.008 -10 0.0038377403384886976 0.008558160954829796 0.0038377403384886976 0.0038377403384886976 0.0038377403384886976 0.008558160954829796
6 0.005656 -10 0.0013537570141535296 0.0034182364607376623 0.0013537570141535296 0.0013537570141535296 0.0013537570141535296 0.0034114676756668945
6 0.004 -10 0.0013519359723123514 0.001912989400821977 0.0013519359723123514 0.0013519359723123514 0.0013519359723123514 0.001912989400821977
6 0.002828 -10 0.00020234292877225392 0.0008751331669399982 0.00020234292877225392 0.00020234292877225392 0.00020234292877225392 0.0008731097376522757
6 0.002 -10 0.0002488205904014969 0.00045782988633875433 0.0002488205904014969 0.0002488205904014969 0.0002488205904014969 0.00045782988633875433
6 0.001414 -10 6.21381810228131e-05 0.00024762065137591023 6.21381810228131e-05 6.21381810228131e-05 6.21381810228131e-05 0.00024762065137591023
6 0.001 -10 0.00010001965386198388 0.0001470288911771163 0.00010001965386198388 0.00010001965386198388 0.00010001965386198388 0.0001470288911771163
