7 0.181 -10 0.6802721088435374 0.9816326530612245 0.6802721088435374 0.6802721088435374 0.6802721088435374 0.9812925170068028
7 0.128 -10 0.5007511266900351 0.8077115673510266 0.5007511266900351 0.5007511266900351 0.5007511266900351 0.800701051577366
7 0.090496 -10 0.3086896125945362 0.5360395122704121 0.3086896125945362 0.3086896125945362 0.3086896125945362 0.5240006173792252
7 0.064 -10 0.1534330648254699 0.29144610663598003 0.1534330648254699 0.1534330648254699 0.1534330648254699 0.2862293824319141
7 0.045249 -10 0.0703037120359955 0.1326279527559055 0.0703037120359955 0.0703037120359955 0.0703037120359955 0.12907761529808773
7 0.032 -10 0.02678380115706021 0.05261677737304478 0.02678380115706021 0.02678380115706021 0.02678380115706021 0.05103653310477823
7 0.022624 -10 0.009321749505947276 0.018676125135165367 0.009321749505947276 0.009321749505947276 0.009321749505947276 0.017930385174689586
7 0.016 -10 0.003029284089291178 0.006019187485421571 0.003029284089291178 0.003029284089291178 0.003029284089291178 0.0057132297924031615
7 0.011312 -10 0.000953567462752463 0.0018484905265456495 0.000953567462752463 0.000953567462752463 0.000953567462752463 0.0017250035401192056
7 0.008 -10 0.00030892095763025495 0.0006479617086294599 0.00030892095763025495 0.00030892095763025495 0.00030892095763025495 0.0005980709739721737
7 0.005656 -10 0.00010507998688601764 0.00019881133518834536 0.00010507998688601764 0.00010507998688601764 0.00010507998688601764 0.0001810002774111654
7 0.004 -10 3.484045232941174e-05 6.541294924847053e-05 3.484045232941174e-05 3.484045232941174e-05 3.484045232941174e-05 5.7173182272564666e-05
7 0.002828 -10 1.2383282378087033e-05 3.755230381154893e-05 1.2383282378087033e-05 1.2383282378087033e-05 1.2383282378087033e-05 3.405402653973934e-05
7 0.0026 -10 9.607623226294642e-06 2.437454012510951e-05 9.607623226294642e-06 9.607623226294642e-06 9.607623226294642e-06 2.1991849564988437e-05
7 0.0023 -10 6.553730081035169e-06 1.1934342477565041e-05 6.553730081035169e-06 6.553730081035169e-06 6.553730081035169e-06 1.0177942815847616e-05
7 0.002 -10 4.671135152405711e-06 8.326298409163178e-06 4.671135152405711e-06 4.671135152405711e-06 4.671135152405711e-06 7.074434188318448e-06
7 0.0018 -10 2.8477812157679787e-06 8.856599581038415e-06 2.8477812157679787e-06 2.8477812157679787e-06 2.8477812157679787e-06 8.141806495880652e-06
7 0.0016 -10 2.349920290351263e-06 4.229856522632274e-06 2.349920290351263e-06 2.349920290351263e-06 2.349920290351263e-06 3.632976768883053e-06
7 0.001414 -10 1.5586278812717083e-06 2.9356756143752622e-06 1.5586278812717083e-06 1.5586278812717083e-06 1.5586278812717083e-06 2.4867907845690106e-06
7 0.0012 -10 2.377493439336573e-06 3.126403872727593e-06 2.377493439336573e-06 2.377493439336573e-06 2.377493439336573e-06 1.4669134520706654e-06
7 0.001 -10 1.5308564274328235e-06 1.9793973606706407e-06 1.5308564274328235e-06 1.5308564274328235e-06 1.5308564274328235e-06 8.412056068743365e-07
7 0.0009 -10 4.030865939949801e-07 6.977428942053105e-07 4.030865939949801e-07 4.030865939949801e-07 4.030865939949801e-07 5.820570417287512e-07
7 0.0008 -10 8.516056075040843e-07 1.0772810934926665e-06 8.516056075040843e-07 8.516056075040843e-07 8.516056075040843e-07 4.4453812711713197e-07
7 0.0007 -10 6.85872983083497e-07 8.312780554971984e-07 6.85872983083497e-07 6.85872983083497e-07 6.85872983083497e-07 7.839528196644371e-07
