5 0.181 -10 0.9090909090909091 0.9654545454545455 0.9090909090909091 0.9090909090909091 0.9090909090909091 0.86
5 0.128 -10 0.7923930269413629 0.9001584786053882 0.7923930269413629 0.7923930269413629 0.7923930269413629 0.7844690966719493
5 0.090496 -10 0.6535947712418301 0.7503267973856209 0.6535947712418301 0.6535947712418301 0.6535947712418301 0.5777777777777777
5 0.064 -10 0.5197505197505198 0.6444906444906445 0.5197505197505198 0.5197505197505198 0.5197505197505198 0.49272349272349275
5 0.045249 -10 0.38819875776397517 0.5015527950310559 0.38819875776397517 0.38819875776397517 0.38819875776397517 0.3781055900621118
5 0.032 -10 0.29515938606847697 0.3919716646989374 0.29515938606847697 0.29515938606847697 0.29515938606847697 0.2939787485242031
5 0.022624 -10 0.20807324178110695 0.2505201831044528 0.20807324178110695 0.20807324178110695 0.20807324178110695 0.10112359550561797
5 0.016 -10 0.14573010784027982 0.17924803264354416 0.14573010784027982 0.14573010784027982 0.14573010784027982 0.06995045176333431
5 0.011312 -10 0.10442773600668337 0.13074352548036758 0.10442773600668337 0.10442773600668337 0.10442773600668337 0.05179615705931495
5 0.008 -10 0.07206687806284232 0.09339867396944364 0.07206687806284232 0.07206687806284232 0.07206687806284232 0.03920438166618622
5 0.005656 -10 0.050090162292125824 0.06010819475055099 0.050090162292125824 0.050090162292125824 0.050090162292125824 0.011721097976357443
5 0.004 -10 0.035208788113513134 0.04189845785508063 0.035208788113513134 0.035208788113513134 0.035208788113513134 0.007605098232518837
5 0.002828 -10 0.025147110596992407 0.030176532716390887 0.025147110596992407 0.025147110596992407 0.025147110596992407 0.0054820701101443445
5 0.002 -10 0.017731125217206285 0.021702897265860492 0.017731125217206285 0.017731125217206285 0.017731125217206285 0.004220007801695095
5 0.001414 -10 0.01305721672368318 0.01585146110255138 0.01305721672368318 0.01305721672368318 0.01305721672368318 0.003003159846447131
5 0.001 -10 0.009461275001419191 0.011675213351751281 0.009461275001419191 0.009461275001419191 0.009461275001419191 0.0022517834503377673
