6 0.181 -10 0.6544502617801047 0.9764397905759162 0.6544502617801047 0.6544502617801047 0.6544502617801047 0.974476439790576
6 0.128 -10 0.49261083743842365 0.8142857142857143 0.49261083743842365 0.49261083743842365 0.49261083743842365 0.8078817733990148
6 0.090496 -10 0.2884338044418806 0.49235650418229016 0.2884338044418806 0.2884338044418806 0.2884338044418806 0.48687626189789446
6 0.064 -10 0.16846361185983827 0.2975067385444744 0.16846361185983827 0.16846361185983827 0.16846361185983827 0.2953167115902965
6 0.045249 -10 0.0911244760342628 0.17459449608164754 0.0911244760342628 0.0911244760342628 0.0911244760342628 0.1734098778932021
6 0.032 -10 0.038945359660396466 0.08458932118238112 0.038945359660396466 0.038945359660396466 0.038945359660396466 0.0836546325505316
6 0.022624 -10 0.019090527280363482 0.04081554732541713 0.019090527280363482 0.019090527280363482 0.019090527280363482 0.040261922034286586
6 0.016 -10 0.008999199071282656 0.01762043178157144 0.008999199071282656 0.008999199071282656 0.008999199071282656 0.017440447800145788
6 0.011312 -10 0.0036980333858454076 0.006885738164444149 0.0036980333858454076 0.0036980333858454076 0.0036980333858454076 0.006782193229640477
6 0.008 -10 0.0016999661706732037 0.0031245378216973483 0.0016999661706732037 0.0016999661706732037 0.0016999661706732037 0.003073538836577152
6 0.005656 -10 0.0006229206131283011 0.0012900685897887115 0.0006229206131283011 0.0006229206131283011 0.0006229206131283011 0.0012695122095554776
6 0.004 -10 0.00023909916996723145 0.0005353430415566313 0.00023909916996723145 0.00023909916996723145 0.00023909916996723145 0.0005274527689477126
6 0.002828 -10 6.916769202006112e-05 0.0002167023790988515 6.916769202006112e-05 6.916769202006112e-05 6.916769202006112e-05 0.00021345149757390862
6 0.002 -10 4.771270766419243e-05 9.027244290065207e-05 4.771270766419243e-05 4.771270766419243e-05 4.771270766419243e-05 8.841164730174857e-05
6 0.001414 -10 1.9568978761728644e-05 4.3814943447510434e-05 1.9568978761728644e-05 1.9568978761728644e-05 1.9568978761728644e-05 4.340399489351413e-05
6 0.001 -10 9.89634019089011e-06 1.8426985435437386e-05 9.89634019089011e-06 9.89634019089011e-06 9.89634019089011e-06 1.821916229142869e-05
