5 0.181 -10 0.9149130832570905 0.970722781335773 0.9149130832570905 0.9149130832570905 0.9149130832570905 0.8700823421774931
5 0.128 -10 0.7930214115781126 0.9048374306106265 0.7930214115781126 0.7930214115781126 0.7930214115781126 0.80253766851705
5 0.090496 -10 0.6553079947575361 0.762778505897772 0.6553079947575361 0.6553079947575361 0.6553079947575361 0.601572739187418
5 0.064 -10 0.5136106831022085 0.637904468412943 0.5136106831022085 0.5136106831022085 0.5136106831022085 0.4899845916795069
5 0.045249 -10 0.38008361839604715 0.5039908779931584 0.38008361839604715 0.38008361839604715 0.38008361839604715 0.38730520714557204
5 0.032 -10 0.28506271379703535 0.3888255416191562 0.28506271379703535 0.28506271379703535 0.28506271379703535 0.29047890535917903
5 0.022624 -10 0.19573302016050106 0.24094734781757682 0.19573302016050106 0.19573302016050106 0.19573302016050106 0.10060677236249756
5 0.016 -10 0.1416831963729102 0.17852082742986683 0.1416831963729102 0.1416831963729102 0.1416831963729102 0.07480872768489658
5 0.011312 -10 0.10025062656641603 0.12771929824561404 0.10025062656641603 0.10025062656641603 0.10025062656641603 0.05263157894736842
5 0.008 -10 0.0709471443774388 0.091025186236254 0.0709471443774388 0.0709471443774388 0.0709471443774388 0.037531039375665126
5 0.005656 -10 0.050385448682420515 0.06121832014914093 0.050385448682420515 0.050385448682420515 0.050385448682420515 0.012495591273240288
5 0.004 -10 0.035409510994653164 0.042597641726567756 0.035409510994653164 0.035409510994653164 0.035409510994653164 0.00828582557274884
5 0.002828 -10 0.024860161591050343 0.030304536979490367 0.024860161591050343 0.024860161591050343 0.024860161591050343 0.00584213797389683
5 0.002 -10 0.017662851490744667 0.02165465592765296 0.017662851490744667 0.017662851490744667 0.017662851490744667 0.0041860958033064855
5 0.001414 -10 0.012984314947543367 0.01576295834631765 0.012984314947543367 0.012984314947543367 0.012984314947543367 0.0029084865482497143
5 0.001 -10 0.009357688276688127 0.011519314268603083 0.009357688276688127 0.009357688276688127 0.009357688276688127 0.0021990567450217097
