12 0.181 -10 1.0 1.0 1.0 1.0 1.0 0.0
12 0.128 -10 0.9337068160597572 0.9337068160597572 0.9337068160597572 0.9337068160597572 0.9337068160597572 0.0
12 0.090496 -10 0.6464124111182935 0.6464124111182935 0.6464124111182935 0.6464124111182935 0.6464124111182935 0.0
12 0.064 -10 0.27056277056277056 0.27056277056277056 0.27056277056277056 0.27056277056277056 0.27056277056277056 0.0
12 0.045249 -10 0.08833922261484099 0.08833922261484099 0.08833922261484099 0.08833922261484099 0.08833922261484099 0.0
12 0.032 -10 0.021112635912593686 0.021112635912593686 0.021112635912593686 0.021112635912593686 0.021112635912593686 0.0
12 0.022624 -10 0.0043891797939719 0.0043891797939719 0.0043891797939719 0.0043891797939719 0.0043891797939719 0.0
12 0.016 -10 0.0007423893951159687 0.0007423893951159687 0.0007423893951159687 0.0007423893951159687 0.0007423893951159687 0.0
12 0.011312 -10 0.00015110850935837663 0.00015110850935837663 0.00015110850935837663 0.00015110850935837663 0.00015110850935837663 0.0
12 0.008 -10 2.6194928143251888e-05 2.6194928143251888e-05 2.6194928143251888e-05 2.6194928143251888e-05 2.6194928143251888e-05 0.0
12 0.005656 -10 5.454010039338083e-06 5.454010039338083e-06 5.454010039338083e-06 5.454010039338083e-06 5.454010039338083e-06 0.0
12 0.004 -10 1.034225585946711e-06 1.034225585946711e-06 1.034225585946711e-06 1.034225585946711e-06 1.034225585946711e-06 0.0
