5 0.181 -10 0.912106135986733 0.9718076285240465 0.912106135986733 0.912106135986733 0.912106135986733 0.8714759535655058
5 0.128 -10 0.7965242577842143 0.9312092686459088 0.7965242577842143 0.7965242577842143 0.7965242577842143 0.8233164373642288
5 0.090496 -10 0.6493506493506493 0.768595041322314 0.6493506493506493 0.6493506493506493 0.6493506493506493 0.5844155844155844
5 0.064 -10 0.4968383017163505 0.6282746160794941 0.4968383017163505 0.4968383017163505 0.4968383017163505 0.485546522131888
5 0.045249 -10 0.3697478991596639 0.49815126050420167 0.3697478991596639 0.3697478991596639 0.3697478991596639 0.38285714285714284
5 0.032 -10 0.26634382566585957 0.37723970944309926 0.26634382566585957 0.26634382566585957 0.26634382566585957 0.2891041162227603
5 0.022624 -10 0.20198310686742563 0.2541314726404701 0.20198310686742563 0.20198310686742563 0.20198310686742563 0.11127432978332721
5 0.016 -10 0.141643059490085 0.17859902137522535 0.141643059490085 0.141643059490085 0.141643059490085 0.07442698944115375
5 0.011312 -10 0.09771697610375767 0.12623256640312694 0.09771697610375767 0.09771697610375767 0.09771697610375767 0.055521009149862306
5 0.008 -10 0.0702247191011236 0.09148365679264556 0.0702247191011236 0.0702247191011236 0.0702247191011236 0.03830439223697651
5 0.005656 -10 0.05255613951266125 0.06502627806975633 0.05255613951266125 0.05255613951266125 0.05255613951266125 0.01409460105112279
5 0.004 -10 0.035658713692946056 0.043438796680497924 0.035658713692946056 0.035658713692946056 0.035658713692946056 0.00862292531120332
5 0.002828 -10 0.025648798004057175 0.031524704455895725 0.025648798004057175 0.025648798004057175 0.025648798004057175 0.006272296966446708
5 0.002 -10 0.018039292859719898 0.021975138574567878 0.018039292859719898 0.018039292859719898 0.018039292859719898 0.004034241857719177
5 0.001414 -10 0.012744461951988136 0.015478728334414682 0.012744461951988136 0.012744461951988136 0.012744461951988136 0.0027690240059319677
5 0.001 -10 0.008657599798514042 0.010751164840700165 0.008657599798514042 0.008657599798514042 0.008657599798514042 0.0021250472232716283
