6 0.181 -10 0.99 0.99 0.99 0.99 0.99 0.0
6 0.128 -10 0.8608695652173913 0.8608695652173913 0.8608695652173913 0.8608695652173913 0.8608695652173913 0.0
6 0.090496 -10 0.47368421052631576 0.47368421052631576 0.47368421052631576 0.47368421052631576 0.47368421052631576 0.0
6 0.064 -10 0.336734693877551 0.336734693877551 0.336734693877551 0.336734693877551 0.336734693877551 0.0
6 0.045249 -10 0.188212927756654 0.188212927756654 0.188212927756654 0.188212927756654 0.188212927756654 0.0
6 0.032 -10 0.09357277882797732 0.09357277882797732 0.09357277882797732 0.09357277882797732 0.09357277882797732 0.0
6 0.022624 -10 0.043118466898954703 0.043118466898954703 0.043118466898954703 0.043118466898954703 0.043118466898954703 0.0
6 0.016 -10 0.018774890953916178 0.018774890953916178 0.018774890953916178 0.018774890953916178 0.018774890953916178 0.0
6 0.011312 -10 0.007508532423208191 0.007508532423208191 0.007508532423208191 0.007508532423208191 0.007508532423208191 0.0
6 0.008 -10 0.0038437645597142415 0.0038437645597142415 0.0038437645597142415 0.0038437645597142415 0.0038437645597142415 0.0
6 0.005656 -10 0.0018658474528355227 0.0018658474528355227 0.0018658474528355227 0.0018658474528355227 0.0018658474528355227 0.0
6 0.004 -10 0.0006593143131143611 0.0006593143131143611 0.0006593143131143611 0.0006593143131143611 0.0006593143131143611 0.0
6 0.002828 -10 0.0002977640625845921 0.0002977640625845921 0.0002977640625845921 0.0002977640625845921 0.0002977640625845921 0.0
6 0.002 -10 0.0001423505965784093 0.0001423505965784093 0.0001423505965784093 0.0001423505965784093 0.0001423505965784093 0.0
6 0.001414 -10 5.064423041999414e-05 5.064423041999414e-05 5.064423041999414e-05 5.064423041999414e-05 5.064423041999414e-05 0.0
6 0.001 -10 2.123407283673057e-05 2.123407283673057e-05 2.123407283673057e-05 2.123407283673057e-05 2.123407283673057e-05 0.0
