10 0.181 -10 1.0 1.0 1.0 1.0 1.0 0.0
10 0.128 -10 0.8648648648648649 0.8648648648648649 0.8648648648648649 0.8648648648648649 0.8648648648648649 0.0
10 0.090496 -10 0.6575342465753424 0.6575342465753424 0.6575342465753424 0.6575342465753424 0.6575342465753424 0.0
10 0.064 -10 0.25196850393700787 0.25196850393700787 0.25196850393700787 0.25196850393700787 0.25196850393700787 0.0
10 0.045249 -10 0.07966804979253111 0.07966804979253111 0.07966804979253111 0.07966804979253111 0.07966804979253111 0.0
10 0.032 -10 0.023768259470165882 0.023768259470165882 0.023768259470165882 0.023768259470165882 0.023768259470165882 0.0
10 0.022624 -10 0.005953857603572314 0.005953857603572314 0.005953857603572314 0.005953857603572314 0.005953857603572314 0.0
10 0.016 -10 0.0012479363552458825 0.0012479363552458825 0.0012479363552458825 0.0012479363552458825 0.0012479363552458825 0.0
10 0.011312 -10 0.00024310690626202873 0.00024310690626202873 0.00024310690626202873 0.00024310690626202873 0.00024310690626202873 0.0
10 0.008 -10 8.440977781763795e-05 8.440977781763795e-05 8.440977781763795e-05 8.440977781763795e-05 8.440977781763795e-05 0.0
10 0.005656 -10 1.6872268142521456e-05 1.6872268142521456e-05 1.6872268142521456e-05 1.6872268142521456e-05 1.6872268142521456e-05 0.0
10 0.004 -10 3.5210544384358304e-06 3.5210544384358304e-06 3.5210544384358304e-06 3.5210544384358304e-06 3.5210544384358304e-06 0.0
10 0.002828 -10 1.013067355313272e-06 1.013067355313272e-06 1.013067355313272e-06 1.013067355313272e-06 1.013067355313272e-06 0.0
10 0.002 -10 2.8504733772229824e-07 2.8504733772229824e-07 2.8504733772229824e-07 2.8504733772229824e-07 2.8504733772229824e-07 0.0
10 0.001414 -10 8.982446399386781e-08 8.982446399386781e-08 8.982446399386781e-08 8.982446399386781e-08 8.982446399386781e-08 0.0
10 0.001 -10 2.657170402438862e-08 2.657170402438862e-08 2.657170402438862e-08 2.657170402438862e-08 2.657170402438862e-08 0.0
