10 0.181 -10 1.0 1.0 1.0 1.0 1.0 0.0
10 0.128 -10 0.8181818181818182 0.8181818181818182 0.8181818181818182 0.8181818181818182 0.8181818181818182 0.0
10 0.090496 -10 0.5294117647058824 0.5294117647058824 0.5294117647058824 0.5294117647058824 0.5294117647058824 0.0
10 0.064 -10 0.24146341463414633 0.24146341463414633 0.24146341463414633 0.24146341463414633 0.24146341463414633 0.0
10 0.045249 -10 0.09500959692898273 0.09500959692898273 0.09500959692898273 0.09500959692898273 0.09500959692898273 0.0
10 0.032 -10 0.028374892519346516 0.028374892519346516 0.028374892519346516 0.028374892519346516 0.028374892519346516 0.0
10 0.022624 -10 0.006087812077235273 0.006087812077235273 0.006087812077235273 0.006087812077235273 0.006087812077235273 0.0
10 0.016 -10 0.0014817697419625218 0.0014817697419625218 0.0014817697419625218 0.0014817697419625218 0.0014817697419625218 0.0
10 0.011312 -10 0.00036021350837041593 0.00036021350837041593 0.00036021350837041593 0.00036021350837041593 0.00036021350837041593 0.0
10 0.008 -10 6.880681340356726e-05 6.880681340356726e-05 6.880681340356726e-05 6.880681340356726e-05 6.880681340356726e-05 0.0
10 0.005656 -10 1.596742773771226e-05 1.596742773771226e-05 1.596742773771226e-05 1.596742773771226e-05 1.596742773771226e-05 0.0
10 0.004 -10 3.2022437183703635e-06 3.2022437183703635e-06 3.2022437183703635e-06 3.2022437183703635e-06 3.2022437183703635e-06 0.0
10 0.002828 -10 1.0886332536090913e-06 1.0886332536090913e-06 1.0886332536090913e-06 1.0886332536090913e-06 1.0886332536090913e-06 0.0
10 0.002 -10 2.89659469422733e-07 2.89659469422733e-07 2.89659469422733e-07 2.89659469422733e-07 2.89659469422733e-07 0.0
10 0.001414 -10 6.337413918618679e-08 6.337413918618679e-08 6.337413918618679e-08 6.337413918618679e-08 6.337413918618679e-08 0.0
10 0.001 -10 2.169130149511295e-08 2.169130149511295e-08 2.169130149511295e-08 2.169130149511295e-08 2.169130149511295e-08 0.0
