6 0.181 -10 0.8947368421052632 0.8947368421052632 0.8947368421052632 0.8947368421052632 0.8947368421052632 0.0
6 0.128 -10 0.6666666666666666 0.6666666666666666 0.6666666666666666 0.6666666666666666 0.6666666666666666 0.0
6 0.090496 -10 0.4214876033057851 0.4214876033057851 0.4214876033057851 0.4214876033057851 0.4214876033057851 0.0
6 0.064 -10 0.19805825242718447 0.19805825242718447 0.19805825242718447 0.19805825242718447 0.19805825242718447 0.0
6 0.045249 -10 0.10386965376782077 0.10386965376782077 0.10386965376782077 0.10386965376782077 0.10386965376782077 0.0
6 0.032 -10 0.049132947976878616 0.049132947976878616 0.049132947976878616 0.049132947976878616 0.049132947976878616 0.0
6 0.022624 -10 0.019126195387211702 0.019126195387211702 0.019126195387211702 0.019126195387211702 0.019126195387211702 0.0
6 0.016 -10 0.008113912974305942 0.008113912974305942 0.008113912974305942 0.008113912974305942 0.008113912974305942 0.0
6 0.011312 -10 0.002349526639485868 0.002349526639485868 0.002349526639485868 0.002349526639485868 0.002349526639485868 0.0
6 0.008 -10 0.000777563481959765 0.000777563481959765 0.000777563481959765 0.000777563481959765 0.000777563481959765 0.0
6 0.005656 -10 0.0003236605372130289 0.0003236605372130289 0.0003236605372130289 0.0003236605372130289 0.0003236605372130289 0.0
6 0.004 -10 8.28304630953744e-05 8.28304630953744e-05 8.28304630953744e-05 8.28304630953744e-05 8.28304630953744e-05 0.0
6 0.002828 -10 3.165493882217559e-05 3.165493882217559e-05 3.165493882217559e-05 3.165493882217559e-05 3.165493882217559e-05 0.0
6 0.002 -10 9.85382716850856e-06 9.85382716850856e-06 9.85382716850856e-06 9.85382716850856e-06 9.85382716850856e-06 0.0
6 0.001414 -10 3.4010401514463175e-06 3.4010401514463175e-06 3.4010401514463175e-06 3.4010401514463175e-06 3.4010401514463175e-06 0.0
6 0.001 -10 1.3632827120622346e-06 1.3632827120622346e-06 1.3632827120622346e-06 1.3632827120622346e-06 1.3632827120622346e-06 0.0
