5 0.181 -10 0.8620689655172413 0.9568965517241379 0.8620689655172413 0.8620689655172413 0.8620689655172413 0.9051724137931034
5 0.128 -10 0.78125 0.9296875 0.78125 0.78125 0.78125 0.8359375
5 0.090496 -10 0.6756756756756757 0.8243243243243243 0.6756756756756757 0.6756756756756757 0.6756756756756757 0.6283783783783784
5 0.064 -10 0.5076142131979695 0.6142131979695431 0.5076142131979695 0.5076142131979695 0.5076142131979695 0.467005076142132
5 0.045249 -10 0.390625 0.484375 0.390625 0.390625 0.390625 0.328125
5 0.032 -10 0.2824858757062147 0.3531073446327684 0.2824858757062147 0.2824858757062147 0.2824858757062147 0.2457627118644068
5 0.022624 -10 0.21321961620469082 0.24307036247334754 0.21321961620469082 0.21321961620469082 0.21321961620469082 0.15565031982942432
5 0.016 -10 0.1564945226917058 0.17370892018779344 0.1564945226917058 0.1564945226917058 0.1564945226917058 0.03599374021909233
5 0.011312 -10 0.14265335235378032 0.16119828815977175 0.14265335235378032 0.14265335235378032 0.14265335235378032 0.04136947218259629
5 0.008 -10 0.10515247108307045 0.11777076761303891 0.10515247108307045 0.10515247108307045 0.10515247108307045 0.025236593059936908
5 0.005656 -10 0.06527415143603134 0.07767624020887728 0.06527415143603134 0.06527415143603134 0.06527415143603134 0.016318537859007835
5 0.004 -10 0.049091801669121256 0.05694648993618066 0.049091801669121256 0.049091801669121256 0.049091801669121256 0.013254786450662739
5 0.002828 -10 0.03341129301703976 0.03875709989976612 0.03341129301703976 0.03341129301703976 0.03341129301703976 0.009355162044771133
5 0.002 -10 0.026588673225206062 0.03004520074448285 0.026588673225206062 0.026588673225206062 0.026588673225206062 0.005583621377293273
5 0.001414 -10 0.016090104585679808 0.01995172968624296 0.016090104585679808 0.016090104585679808 0.016090104585679808 0.004505229283990346
5 0.001 -10 0.011770244821092278 0.013653483992467044 0.011770244821092278 0.011770244821092278 0.011770244821092278 0.0025894538606403015
