12 0.181 -10 0.7358351729212657 0.9992641648270787 0.7358351729212657 0.7358351729212657 0.7358351729212657 0.9992641648270787
12 0.128 -10 0.628140703517588 0.9120603015075377 0.628140703517588 0.628140703517588 0.628140703517588 0.9114321608040201
12 0.090496 -10 0.3465003465003465 0.5706860706860707 0.3465003465003465 0.3465003465003465 0.3465003465003465 0.5686070686070686
12 0.064 -10 0.14310246136233543 0.24985689753863766 0.14310246136233543 0.14310246136233543 0.14310246136233543 0.2484258729250143
12 0.045249 -10 0.04031445273130417 0.07034872001612578 0.04031445273130417 0.04031445273130417 0.04031445273130417 0.06994557548881274
12 0.032 -10 0.008569127148708633 0.01503881814598365 0.008569127148708633 0.008569127148708633 0.008569127148708633 0.014944557747347854
12 0.022624 -10 0.0016467655055323086 0.0028456107935598295 0.0016467655055323086 0.0016467655055323086 0.0016467655055323086 0.00281761577996578
12 0.016 -10 0.0003018506159412744 0.0005077127360132235 0.0003018506159412744 0.0003018506159412744 0.0003018506159412744 0.0005031849767741044
12 0.011312 -10 4.837311304346648e-05 8.489481339128368e-05 4.837311304346648e-05 4.837311304346648e-05 4.837311304346648e-05 8.363711245215354e-05
12 0.008 -10 8.836124891980582e-06 1.563994105880563e-05 8.836124891980582e-06 8.836124891980582e-06 8.836124891980582e-06 1.5383693436938192e-05
12 0.005656 -10 1.6122717379732617e-06 3.016560421747973e-06 1.6122717379732617e-06 1.6122717379732617e-06 1.6122717379732617e-06 2.966579997870802e-06
12 0.004 -10 3.0090292391734263e-07 5.666002057363561e-07 3.0090292391734263e-07 3.0090292391734263e-07 3.0090292391734263e-07 5.590776326384226e-07
12 0.002828 -10 6.314755927212109e-08 1.2339033081772463e-07 6.314755927212109e-08 6.314755927212109e-08 6.314755927212109e-08 1.217484942766495e-07
12 0.002 -10 1.3273689740435722e-08 2.6945590173084516e-08 1.3273689740435722e-08 1.3273689740435722e-08 1.3273689740435722e-08 2.6547379480871445e-08
12 0.001414 -10 3.185968541625394e-09 6.164849128045137e-09 3.185968541625394e-09 3.185968541625394e-09 3.185968541625394e-09 6.069270071796375e-09
12 0.001 -10 7.040492480481727e-10 1.4327402197780316e-09 7.040492480481727e-10 7.040492480481727e-10 7.040492480481727e-10 1.41795518556902e-09
