10 0.181 -10 0.6917808219178082 1.0 0.6917808219178082 0.6917808219178082 0.6917808219178082 1.0
10 0.128 -10 0.5941176470588235 0.8764705882352941 0.5941176470588235 0.5941176470588235 0.5941176470588235 0.8764705882352941
10 0.090496 -10 0.3519163763066202 0.5923344947735192 0.3519163763066202 0.3519163763066202 0.3519163763066202 0.5923344947735192
10 0.064 -10 0.14616497829232997 0.2503617945007236 0.14616497829232997 0.14616497829232997 0.14616497829232997 0.24891461649782923
10 0.045249 -10 0.04662973222530009 0.0817174515235457 0.04662973222530009 0.04662973222530009 0.04662973222530009 0.0817174515235457
10 0.032 -10 0.013639432815665091 0.025523295070898042 0.013639432815665091 0.013639432815665091 0.013639432815665091 0.02525320729237002
10 0.022624 -10 0.0037731619844590556 0.006462940824865511 0.0037731619844590556 0.0037731619844590556 0.0037731619844590556 0.006313508667065152
10 0.016 -10 0.00078569261526733 0.0014780356128791356 0.00078569261526733 0.00078569261526733 0.00078569261526733 0.0014313608040513735
10 0.011312 -10 0.00019064985172726878 0.00032844627921331456 0.00019064985172726878 0.00019064985172726878 0.00019064985172726878 0.00032278341233032634
10 0.008 -10 3.565384563791084e-05 6.001142335093904e-05 3.565384563791084e-05 3.565384563791084e-05 3.565384563791084e-05 5.8599389860328705e-05
10 0.005656 -10 1.1366585434969965e-05 2.014474052336261e-05 1.1366585434969965e-05 1.1366585434969965e-05 1.1366585434969965e-05 1.946949782425548e-05
10 0.004 -10 2.441118765213487e-06 4.157152748680394e-06 2.441118765213487e-06 2.441118765213487e-06 2.441118765213487e-06 4.132983255955508e-06
10 0.002828 -10 5.271660707106432e-07 9.238454902552856e-07 5.271660707106432e-07 5.271660707106432e-07 5.271660707106432e-07 8.925286939754454e-07
10 0.002 -10 1.289531662400764e-07 2.783345568350164e-07 1.289531662400764e-07 1.289531662400764e-07 1.289531662400764e-07 2.7067397270194254e-07
10 0.001414 -10 4.777299199768943e-08 8.230198621384119e-08 4.777299199768943e-08 4.777299199768943e-08 4.777299199768943e-08 7.993698660999518e-08
10 0.001 -10 1.7717937377470224e-08 2.684004375002915e-08 1.7717937377470224e-08 1.7717937377470224e-08 1.7717937377470224e-08 2.6489193504930728e-08
