5 0.181 -10 0.9033423667570009 0.9728997289972899 0.9033423667570009 0.9033423667570009 0.9033423667570009 0.8807588075880759
5 0.128 -10 0.777000777000777 0.9106449106449106 0.777000777000777 0.777000777000777 0.777000777000777 0.8111888111888111
5 0.090496 -10 0.6702412868632708 0.7727882037533512 0.6702412868632708 0.6702412868632708 0.6702412868632708 0.5911528150134048
5 0.064 -10 0.5005005005005005 0.6341341341341341 0.5005005005005005 0.5005005005005005 0.5005005005005005 0.4964964964964965
5 0.045249 -10 0.390625 0.506640625 0.390625 0.390625 0.390625 0.38046875
5 0.032 -10 0.2617801047120419 0.37722513089005233 0.2617801047120419 0.2617801047120419 0.2617801047120419 0.2879581151832461
5 0.022624 -10 0.19500780031201248 0.23849453978159127 0.19500780031201248 0.19500780031201248 0.19500780031201248 0.10042901716068643
5 0.016 -10 0.1409046075806679 0.17880794701986755 0.1409046075806679 0.1409046075806679 0.1409046075806679 0.07961110328307736
5 0.011312 -10 0.10435145570280706 0.13002191380569758 0.10435145570280706 0.10435145570280706 0.10435145570280706 0.050401753104455806
5 0.008 -10 0.07000350017500875 0.09170458522926146 0.07000350017500875 0.07000350017500875 0.07000350017500875 0.039901995099754985
5 0.005656 -10 0.050319529009208476 0.06209429879736326 0.050319529009208476 0.050319529009208476 0.050319529009208476 0.012730840839329743
5 0.004 -10 0.03693307726399764 0.04406116117594918 0.03693307726399764 0.03693307726399764 0.03693307726399764 0.007829812379967499
5 0.002828 -10 0.02485089463220676 0.029647117296222665 0.02485089463220676 0.02485089463220676 0.02485089463220676 0.005243538767395626
5 0.002 -10 0.017123287671232876 0.02118150684931507 0.017123287671232876 0.017123287671232876 0.017123287671232876 0.004263698630136987
5 0.001414 -10 0.012343240841315295 0.015231559198183075 0.012343240841315295 0.012343240841315295 0.012343240841315295 0.003011750765280932
5 0.001 -10 0.00913208649912332 0.011296390999415547 0.00913208649912332 0.00913208649912332 0.00913208649912332 0.002237361192285213
