10 0.181 -10 0.984251968503937 0.984251968503937 0.984251968503937 0.984251968503937 0.984251968503937 0.0
10 0.128 -10 0.7880220646178093 0.7880220646178093 0.7880220646178093 0.7880220646178093 0.7880220646178093 0.0
10 0.090496 -10 0.4086636697997548 0.4086636697997548 0.4086636697997548 0.4086636697997548 0.4086636697997548 0.0
10 0.064 -10 0.1714971702966901 0.1714971702966901 0.1714971702966901 0.1714971702966901 0.1714971702966901 0.0
10 0.045249 -10 0.04829751267809708 0.04829751267809708 0.04829751267809708 0.04829751267809708 0.04829751267809708 0.0
10 0.032 -10 0.011223596489259018 0.011223596489259018 0.011223596489259018 0.011223596489259018 0.011223596489259018 0.0
10 0.022624 -10 0.0022491419523451802 0.0022491419523451802 0.0022491419523451802 0.0022491419523451802 0.0022491419523451802 0.0
10 0.016 -10 0.0003851712163090737 0.0003851712163090737 0.0003851712163090737 0.0003851712163090737 0.0003851712163090737 0.0
10 0.011312 -10 7.187062712153107e-05 7.187062712153107e-05 7.187062712153107e-05 7.187062712153107e-05 7.187062712153107e-05 0.0
10 0.008 -10 1.3544053523932478e-05 1.3544053523932478e-05 1.3544053523932478e-05 1.3544053523932478e-05 1.3544053523932478e-05 0.0
10 0.005656 -10 2.556564259062414e-06 2.556564259062414e-06 2.556564259062414e-06 2.556564259062414e-06 2.556564259062414e-06 0.0
10 0.004 -10 4.951945888752229e-07 4.951945888752229e-07 4.951945888752229e-07 4.951945888752229e-07 4.951945888752229e-07 0.0
