10 0.181 -10 0.998003992015968 0.998003992015968 0.998003992015968 0.998003992015968 0.998003992015968 0.0
10 0.128 -10 0.9208103130755064 0.9208103130755064 0.9208103130755064 0.9208103130755064 0.9208103130755064 0.0
10 0.090496 -10 0.5938242280285035 0.5938242280285035 0.5938242280285035 0.5938242280285035 0.5938242280285035 0.0
10 0.064 -10 0.2915451895043732 0.2915451895043732 0.2915451895043732 0.2915451895043732 0.2915451895043732 0.0
10 0.045249 -10 0.10444955086693128 0.10444955086693128 0.10444955086693128 0.10444955086693128 0.10444955086693128 0.0
10 0.032 -10 0.031191515907673113 0.031191515907673113 0.031191515907673113 0.031191515907673113 0.031191515907673113 0.0
10 0.022624 -10 0.008141002157365572 0.008141002157365572 0.008141002157365572 0.008141002157365572 0.008141002157365572 0.0
10 0.016 -10 0.0019476244824187937 0.0019476244824187937 0.0019476244824187937 0.0019476244824187937 0.0019476244824187937 0.0
10 0.011312 -10 0.00042921733935038814 0.00042921733935038814 0.00042921733935038814 0.00042921733935038814 0.00042921733935038814 0.0
10 0.008 -10 0.00011117863360125161 0.00011117863360125161 0.00011117863360125161 0.00011117863360125161 0.00011117863360125161 0.0
10 0.005656 -10 2.6463449953170277e-05 2.6463449953170277e-05 2.6463449953170277e-05 2.6463449953170277e-05 2.6463449953170277e-05 0.0
10 0.004 -10 6.598771162316857e-06 6.598771162316857e-06 6.598771162316857e-06 6.598771162316857e-06 6.598771162316857e-06 0.0
