7 0.181 -10 0.6557377049180327 0.9836065573770492 0.6557377049180327 0.6557377049180327 0.6557377049180327 0.9836065573770492
7 0.128 -10 0.5305039787798409 0.8143236074270557 0.5305039787798409 0.5305039787798409 0.5305039787798409 0.8010610079575596
7 0.090496 -10 0.31545741324921134 0.5425867507886435 0.31545741324921134 0.31545741324921134 0.31545741324921134 0.5362776025236593
7 0.064 -10 0.15174506828528073 0.3338391502276176 0.15174506828528073 0.15174506828528073 0.15174506828528073 0.3300455235204856
7 0.045249 -10 0.09111617312072894 0.2041002277904328 0.09111617312072894 0.09111617312072894 0.09111617312072894 0.20182232346241458
7 0.032 -10 0.036818851251840944 0.09131075110456553 0.036818851251840944 0.036818851251840944 0.036818851251840944 0.09094256259204712
7 0.022624 -10 0.016964967342437867 0.03944354907116804 0.016964967342437867 0.016964967342437867 0.016964967342437867 0.03927389939774366
7 0.016 -10 0.00930925339787749 0.022249115620927202 0.00930925339787749 0.00930925339787749 0.00930925339787749 0.022202569353937815
7 0.011312 -10 0.0024846572415335305 0.010100131686833802 0.0024846572415335305 0.0024846572415335305 0.0024846572415335305 0.010087708400626134
7 0.008 -10 0.0007542814903093685 0.002617356771373509 0.0007542814903093685 0.0007542814903093685 0.0007542814903093685 0.0025984997341157745
7 0.005656 -10 0.0002819772810904625 0.0011659760573090627 0.0002819772810904625 0.0002819772810904625 0.0002819772810904625 0.0011617463980927057
7 0.004 -10 0.00012802720322014022 0.00025989522253688465 0.00012802720322014022 0.00012802720322014022 0.00012802720322014022 0.00025605440644028044
7 0.002828 -10 0.0003059212589271647 0.0006638491318719475 0.0003059212589271647 0.0003059212589271647 0.0003059212589271647 0.0006623195255773117
7 0.002 -10 1.633565057259314e-05 3.6020109512567875e-05 1.633565057259314e-05 1.633565057259314e-05 1.633565057259314e-05 3.593843125970491e-05
7 0.001414 -10 5.485603896556102e-06 4.695676935452023e-05 5.485603896556102e-06 5.485603896556102e-06 5.485603896556102e-06 4.6929341335037455e-05
7 0.001 -10 2.370184519812941e-06 6.0297494184041225e-05 2.370184519812941e-06 2.370184519812941e-06 2.370184519812941e-06 6.021453772584777e-05
