5 0.001 -10 2.8184895995521264e-07
5 0.001414 -10 9.054750754720266e-07
5 0.002 -10 2.5018238295717577e-06
5 0.002828 -10 6.386304493378296e-06
5 0.004 -10 2.0673655189066778e-05
5 0.005656 -10 5.2563025695960745e-05
5 0.008 -10 0.00012847261477743404
5 0.011312 -10 0.0003522007262378975
5 0.016 -10 0.0008817953353026762
5 0.022624 -10 0.0028686996184629507
5 0.032 -10 0.0063399480124262985
5 0.045249 -10 0.018204988166757693
5 0.064 -10 0.04450378282153983
5 0.090496 -10 0.09930486593843098
5 0.128 -10 0.18587360594795538
5 0.181 -10 0.4
5 0.256 -10 0.423728813559322
5 0.362 -10 0.5181347150259067
