3 0.001 -10 2.712222613596337e-06
3 0.001414 -10 0.00011182795698924731
3 0.002 -10 0.00012471264367816092
3 0.002828 -10 0.00030125786163522013
3 0.004 -10 0.0003496688741721854
3 0.005656 -10 0.000666887417218543
3 0.008 -10 0.0012529801324503312
3 0.011312 -10 0.0023410596026490066
3 0.016 -10 0.004358278145695364
3 0.022624 -10 0.008002649006622517
3 0.032 -10 0.01552317880794702
3 0.045249 -10 0.029805960264900663
3 0.064 -10 0.05570728476821192
3 0.090496 -10 0.10013841059602649
3 0.128 -10 0.1744933774834437
3 0.181 -10 0.2755013245033113
3 0.256 -10 0.39260066225165563
3 0.362 -10 0.4834026490066225
