7 0.001 -10 2.0113565211899425e-09
7 0.001414 -10 4.579633180541505e-09
7 0.002 -10 5.7290502953325424e-08
7 0.002828 -10 3.3206043499916987e-07
7 0.004 -10 1.6805324459234608e-06
7 0.005656 -10 1.8531976744186047e-06
7 0.008 -10 1.9926873857404022e-05
7 0.011312 -10 8.040201005025126e-05
7 0.016 -10 0.00028878504672897194
7 0.022624 -10 0.001011
7 0.032 -10 0.003496
7 0.045249 -10 0.011134
7 0.064 -10 0.035521
7 0.090496 -10 0.098607
7 0.128 -10 0.220751
7 0.181 -10 0.374755
7 0.256 -10 0.479003
7 0.362 -10 0.499703
