3 0.001 -10 2.1310760975308288e-05
3 0.001414 -10 4.1636584234557196e-05
3 0.002 -10 6.771603955971031e-05
3 0.002828 -10 0.0001291517442588821
3 0.004 -10 0.00027600825816708434
3 0.005656 -10 0.0005351542849803599
3 0.008 -10 0.0010516131746098516
3 0.011312 -10 0.0019904458598726115
3 0.016 -10 0.004609144542772861
3 0.022624 -10 0.007618467164406522
3 0.032 -10 0.01653165812530997
3 0.045249 -10 0.028019052956010086
3 0.064 -10 0.049850448654037885
3 0.090496 -10 0.1017293997965412
3 0.128 -10 0.17271157167530224
3 0.181 -10 0.2801120448179272
3 0.256 -10 0.352112676056338
3 0.362 -10 0.47393364928909953
