0.001 0.023605226197080033
0.0012742749 0.04776347527046068
0.0016237767 0.1001401962747847
0.002069138 0.20855057351407716
0.0026366508 0.382262996941896
0.0033598182 0.6153846153846154
0.0042813323 0.8467400508044031
0.0054555947 0.9560229445506692
0.0069519279 0.9910802775024777
0.0088586679 1.0
0.0112883789 0.999000999000999
0.0143844988 1.0
0.0183298071 0.999000999000999
0.0233572146 0.999000999000999
0.0297635144 1.0
0.0379269019 0.999000999000999
0.0483293023 1.0
0.061584821 1.0
0.078475997 1.0
0.0999999999 1.0
