0.0001 0.00014802664778703898
0.000132162 0.00027701566737786394
0.0001746681 0.0004543338861062281
0.000230845 0.0007970989103395116
0.0003050895 0.0016239314625391113
0.0004032127 0.0032933157179236795
0.0005328942 0.006593975931987848
0.0007042841 0.014107249086428146
0.0009307964 0.030845845101828452
0.0012301599 0.06901139103683379
0.0016258048 0.1554889471712252
0.0021486974 0.2974910394265233
0.002839763 0.5348988910632746
0.0037530896 0.8086785009861933
0.0049601611 0.9490740740740741
0.0065554517 0.9926470588235294
0.0086638209 1.0
0.0114502853 1.0
0.0151329344 1.0
0.0199999999 1.0
