0.0001 0.000150572884654244
0.000132162 0.0002543644488036858
0.0001746681 0.0004895313716179501
0.000230845 0.0008081030105069553
0.0003050895 0.0016025563979660353
0.0004032127 0.003137806171437178
0.0005328942 0.00631751847874155
0.0007042841 0.014159893517600749
0.0009307964 0.03090712409210323
0.0012301599 0.07174630506528913
0.0016258048 0.15246226558926665
0.0021486974 0.3014772384684956
0.002839763 0.552791597567717
0.0037530896 0.78125
0.0049601611 0.940733772342427
0.0065554517 0.9970089730807578
0.0086638209 1.0
0.0114502853 1.0
0.0151329344 1.0
0.0199999999 0.999000999000999
