0.0001 2.7685716617642644e-05
0.000132162 3.6464252507072335e-05
0.0001746681 5.863324727927074e-05
0.000230845 9.844791932783699e-05
0.0003050895 0.0001784181164328081
0.0004032127 0.0003249669508610974
0.0005328942 0.0006453107526194777
0.0007042841 0.0014403224017664113
0.0009307964 0.0033670373774819275
0.0012301599 0.00751614091260983
0.0016258048 0.017866075895090403
0.0021486974 0.04113195129976966
0.002839763 0.09892175289346128
0.0037530896 0.21204410517387617
0.0049601611 0.41339396444811904
0.0065554517 0.6297229219143576
0.0086638209 0.8481764206955047
0.0114502853 0.9699321047526673
0.0151329344 0.998003992015968
0.0199999999 1.0
