0.001 0.013706481919904303
0.0012742749 0.02261466663925495
0.0016237767 0.03605020810801953
0.002069138 0.05597679507404203
0.0026366508 0.09215045656362571
0.0033598182 0.1389941875157948
0.0042813323 0.22545603607296577
0.0054555947 0.3450439146800502
0.0069519279 0.5132991133924405
0.0088586679 0.6646525679758308
0.0112883789 0.8365019011406845
0.0143844988 0.9377664109121909
0.0183298071 0.9830205540661304
0.0233572146 0.9918845807033363
0.0297635144 0.9945750452079566
0.0379269019 0.9972801450589301
0.0483293023 0.9972801450589301
0.061584821 0.9990917347865577
0.078475997 0.9972801450589301
0.0999999999 0.9945750452079566
