0.0199999999 0.9881422924901185
0.0151329344 0.9671179883945842
0.0114502853 0.9066183136899365
0.0086638209 0.78064012490242
0.0065554517 0.6693440428380187
0.0049601611 0.5333333333333333
0.0037530896 0.39354584809130266
0.002839763 0.30553009471432935
0.0021486974 0.21810250817884405
0.0016258048 0.15785319652722968
0.0012301599 0.12146240738491437
0.0009307964 0.07701786814540973
0.0007042841 0.05757383844780931
0.0005328942 0.039446175693266534
0.0004032127 0.026415891800507185
0.0003050895 0.018133352675576187
0.000230845 0.012902726346076926
0.0001746681 0.009086778736937756
0.000132162 0.006298498437972387
0.0001 0.004317584225274274
