0.001 0.012797379096760984 0
0.0012742749 0.02215182863345369 0
0.0016237767 0.03680394538294505 0
0.002069138 0.06399590426212723 0
0.0026366508 0.10218679746576742 0
0.0033598182 0.16957775139901646 0
0.0042813323 0.2608242044861763 0
0.0054555947 0.411522633744856 0
0.0069519279 0.6150061500615006 0
0.0088586679 0.7598784194528876 0
0.0112883789 0.9267840593141798 0
0.0143844988 0.9871668311944719 0
0.0183298071 1.0 0
0.0233572146 0.9920634920634921 0
0.0297635144 0.998003992015968 0
0.0379269019 0.9960159362549801 0
0.0483293023 0.999000999000999 0
0.061584821 0.9920634920634921 0
0.078475997 0.999000999000999 0
0.0999999999 0.9970089730807578 0
0.0001 0.00036889887375173843 0
0.0001495348 0.0006689491210677499 0
0.0002236067 0.0008903110123459428 0
0.0003343701 0.0017795905873894651 0
0.0004999999 0.00376598188562713 0
