0.005 0.002376098351462964 0
0.005829572 0.004018097511190402 0
0.0067967819 0.006673651755504094 0
0.0079244659 0.012073066196621957 0
0.0092392489 0.021948114656950967 0
0.0107721734 0.04076142338890474 0
0.0125594321 0.07242702976750924 0
0.0146432228 0.14457134595923088 0
0.0170727443 0.2604166666666667 0
0.0199053585 0.43346337234503685 0
0.0232079441 0.6464124111182935 0
0.0270584763 0.8680555555555556 0
0.0315478672 0.9587727708533078 0
0.0367821127 0.9930486593843099 0
0.0428847949 0.998003992015968 0
0.0499999999 0.9970089730807578 0
0.0001 7.320673692317209e-05 0
0.0001495348 5.656539236527849e-05 0
0.0002236067 9.771221107466129e-05 0
0.0003343701 0.00024263618536681815 0
0.0004999999 0.0005035034092053417 0
0.001 0.0022078418125498146 0
0.0012742749 0.003893899038985717 0
0.0016237767 0.006752285648692082 0
0.002069138 0.011936022917164 0
0.0026366508 0.021728738429446785 0
0.0033598182 0.03582688449412439 0
0.0042813323 0.07288098535092194 0
0.0054555947 0.13455328310010764 0
0.0069519279 0.26246719160104987 0
0.0088586679 0.43802014892685065 0
0.0112883789 0.6779661016949152 0
0.0143844988 0.8756567425569177 0
0.0183298071 0.9560229445506692 0
0.0233572146 0.9891196834817013 0
0.0297635144 0.9940357852882704 0
0.0379269019 0.998003992015968 0
0.0483293023 0.9970089730807578 0
0.061584821 0.9950248756218906 0
0.078475997 1.0 0
0.0999999999 0.9960159362549801 0
