0.0199999999 0.9930486593843099
0.0151329344 0.983284169124877
0.0114502853 0.946969696969697
0.0086638209 0.8517887563884157
0.0065554517 0.7380073800738007
0.0049601611 0.6138735420503376
0.0037530896 0.4791566842357451
0.002839763 0.34106412005457026
0.0021486974 0.26602819898909286
0.0016258048 0.1970831690973591
0.0012301599 0.14549687181725593
0.0009307964 0.10484378276368211
0.0007042841 0.07482789583956899
0.0005328942 0.05389673385792821
0.0004032127 0.039652642848645864
0.0003050895 0.030584781012967948
0.000230845 0.02476289527771587
0.0001746681 0.020090810463294088
0.000132162 0.017910233907654834
0.0001 0.014184195968851506
