0.0199999999 0.9940357852882704 0
0.0151329344 0.9920634920634921 0
0.0114502853 0.9813542688910697 0
0.0086638209 0.9478672985781991 0
0.0065554517 0.8710801393728222 0
0.0049601611 0.7299270072992701 0
0.0037530896 0.5847953216374269 0
0.002839763 0.44503782821539833 0
0.0021486974 0.3303600925008259 0
0.0016258048 0.2295684113865932 0
0.0012301599 0.15554518587649713 0
0.0009307964 0.10972130787798991 0
0.0007042841 0.08171269815329302 0
0.0005328942 0.05813277525869085 0
0.0004032127 0.04444246922359006 0
0.0003050895 0.02652730986550654 0
0.000230845 0.020985918448720907 0
0.0001746681 0.014993402902722802 0
0.000132162 0.012572606804294803 0
0.0001 0.008156606851549755 0
