0.001 0.11821728336682823 0
0.0012742749 0.1439055979277594 0
0.0016237767 0.21003990758244068 0
0.002069138 0.2871912693854107 0
0.0026366508 0.37411148522259635 0
0.0033598182 0.471253534401508 0
0.0042813323 0.6234413965087282 0
0.0054555947 0.7396449704142012 0
0.0069519279 0.8576329331046312 0
0.0088586679 0.9250693802035153 0
0.0112883789 0.9718172983479106 0
0.0143844988 0.9920634920634921 0
0.0183298071 0.9950248756218906 0
0.0233572146 0.9920634920634921 0
0.0297635144 0.9960159362549801 0
0.0379269019 0.9970089730807578 0
0.0483293023 0.998003992015968 0
0.061584821 0.9960159362549801 0
0.078475997 0.9970089730807578 0
0.0999999999 0.9960159362549801 0
0.0001 0.009457516834379965 0
0.0001495348 0.013047846452942942 0
0.0002236067 0.021843122692820165 0
0.0003343701 0.03345040976751965 0
0.0004999999 0.0589935697009026 0
