0.0199999999 0.9950738916256158 0
0.0151329344 0.9950738916256158 0
0.0114502853 0.9872922776148583 0
0.0086638209 0.9465791940018744 0
0.0065554517 0.8684436801375752 0
0.0049601611 0.7421013960323292 0
0.0037530896 0.592375366568915 0
0.002839763 0.4500891265597148 0
0.0021486974 0.3332233586275157 0
0.0016258048 0.21715760051601807 0
0.0012301599 0.16766268260292164 0
0.0009307964 0.11897750029449876 0
0.0007042841 0.08131390387247403 0
0.0005328942 0.06071170954556384 0
0.0004032127 0.04186181456459568 0
0.0003050895 0.02827230993169858 0
0.000230845 0.020677653802845735 0
0.0001746681 0.017284457678748675 0
0.000132162 0.014154777587801665 0
0.0001 0.009711071583096966 0
