0.001 0.04767580452920143
0.0012742749 0.0810898475510866
0.0016237767 0.12965123816932453
0.002069138 0.20080321285140562
0.0026366508 0.3007518796992481
0.0033598182 0.4278990158322636
0.0042813323 0.5977286312014346
0.0054555947 0.7621951219512195
0.0069519279 0.8865248226950354
0.0088586679 0.9505703422053232
0.0112883789 0.9823182711198428
0.0143844988 0.9930486593843099
0.0183298071 0.9940357852882704
0.0233572146 0.9960159362549801
0.0297635144 0.9900990099009901
0.0379269019 0.9970089730807578
0.0483293023 0.9910802775024777
0.061584821 0.9940357852882704
0.078475997 0.9950248756218906
0.0999999999 0.9960159362549801
0.0001 0.051588939331407346
0.0001495348 0.08390669575432119
0.0002236067 0.1286504567091213
0.0003343701 0.20412329046744235
0.0004999999 0.30721966205837176
