0.005 0.004256297191695113 0
0.005829572 0.007454842292811296 0
0.0067967819 0.012045580476523163 0
0.0079244659 0.02079693869062474 0
0.0092392489 0.03642721841760163 0
0.0107721734 0.06865774116031582 0
0.0125594321 0.11444266422522316 0
0.0146432228 0.21195421788893598 0
0.0170727443 0.3472222222222222 0
0.0199053585 0.5194805194805194 0
0.0232079441 0.7246376811594203 0
0.0270584763 0.8795074758135444 0
0.0315478672 0.9551098376313276 0
0.0367821127 0.9920634920634921 0
0.0428847949 0.9960159362549801 0
0.0499999999 0.9940357852882704 0
0.0001 9.387501256343578e-05 0
0.0001495348 0.0001819446801155428 0
0.0002236067 0.0003070480203078891 0
0.0003343701 0.0006194139132483883 0
0.0004999999 0.0011966748049224958 0
0.001 0.004279026778149578 0
0.0012742749 0.006851849314129884 0
0.0016237767 0.01253431268096414 0
0.002069138 0.02118823629121112 0
0.0026366508 0.03745178083217857 0
0.0033598182 0.06904170118751726 0
0.0042813323 0.12042330616713295 0
0.0054555947 0.19927536231884058 0
0.0069519279 0.3363914373088685 0
0.0088586679 0.5257567711099309 0
0.0112883789 0.7366071428571429 0
0.0143844988 0.9015639374425023 0
0.0183298071 0.9768378650553877 0
0.0233572146 0.9928352098259979 0
0.0297635144 0.9948186528497409 0
0.0379269019 0.9968847352024922 0
0.0483293023 0.9988649262202043 0
0.061584821 0.9932279909706546 0
0.078475997 0.995475113122172 0
0.0999999999 1.0 0
