0.0001 0.0001530283936533004
0.0001495348 0.00036523503056834586
0.0002236067 0.0008531702526834337
0.0003343701 0.0017447744006699934
0.0004999999 0.0042944258352658245
0.001 0.016125131016689512
0.0012742749 0.02620888481195125
0.0016237767 0.04204684017996048
0.002069138 0.0691085003455425
0.0026366508 0.10398253093480295
0.0033598182 0.1582528881152081
0.0042813323 0.23446658851113716
0.0054555947 0.33222591362126247
0.0069519279 0.4593477262287552
0.0088586679 0.5998800239952009
0.0112883789 0.774593338497289
0.0143844988 0.8960573476702509
0.0183298071 0.970873786407767
0.0233572146 0.9930486593843099
0.0297635144 0.998003992015968
0.0379269019 0.9960159362549801
0.0483293023 0.9960159362549801
0.061584821 0.9940357852882704
0.078475997 0.9960159362549801
0.0999999999 0.9950248756218906
