0.001 0.0693270789500914
0.0012742749 0.09641212586339218
0.0016237767 0.12751849018107625
0.002069138 0.18585633305454882
0.0026366508 0.26770178021683844
0.0033598182 0.34825004353125544
0.0042813323 0.45004500450045004
0.0054555947 0.5670541536716757
0.0069519279 0.7052186177715092
0.0088586679 0.8045052292839904
0.0112883789 0.8952551477170994
0.0143844988 0.968054211035818
0.0183298071 0.9891196834817013
0.0233572146 0.9960159362549801
0.0297635144 0.9965122072745392
0.0379269019 0.9975062344139651
0.0483293023 0.9975062344139651
0.061584821 0.998003992015968
0.078475997 0.9960159362549801
0.0999999999 0.9945300845350572
