0.001 0.03807348181991243 0
0.0012742749 0.05755064456721915 0
0.0016237767 0.0986971969996052 0
0.002069138 0.1498576352465158 0
0.0026366508 0.21510002151000215 0
0.0033598182 0.31318509238960224 0
0.0042813323 0.4510599909788002 0
0.0054555947 0.6060606060606061 0
0.0069519279 0.7604562737642585 0
0.0088586679 0.8818342151675485 0
0.0112883789 0.9551098376313276 0
0.0143844988 0.9881422924901185 0
0.0183298071 0.9950248756218906 0
0.0233572146 0.998003992015968 0
0.0297635144 0.9950248756218906 0
0.0379269019 0.9970089730807578 0
0.0483293023 0.9970089730807578 0
0.061584821 0.998003992015968 0
0.078475997 0.9930486593843099 0
0.0999999999 0.9970089730807578 0
0.0001 0.0017071284562949509 0
0.0001495348 0.0019111031269469364 0
0.0002236067 0.004806097977113361 0
0.0003343701 0.00791928663066031 0
0.0004999999 0.012014754118056975 0
