0.001 0.35958288385472853
0.0012742749 0.44802867383512546
0.0016237767 0.5076142131979695
0.002069138 0.6024096385542169
0.0026366508 0.697350069735007
0.0033598182 0.7587253414264037
0.0042813323 0.8467400508044031
0.0054555947 0.9124087591240876
0.0069519279 0.949667616334283
0.0088586679 0.9803921568627451
0.0112883789 0.9900990099009901
0.0143844988 0.9940357852882704
0.0183298071 0.9950248756218906
0.0233572146 0.999000999000999
0.0297635144 0.9930486593843099
0.0379269019 0.9950248756218906
0.0483293023 0.998003992015968
0.061584821 0.9930486593843099
0.078475997 0.9970089730807578
0.0999999999 0.9960159362549801
0.0001 0.041916418661189586
0.0001495348 0.06608948516291058
0.0002236067 0.09500285008550256
0.0003343701 0.13931457230426303
0.0004999999 0.22104332449160036
