0.001 0.15913430935709738 0
0.0012742749 0.20496003279360525 0
0.0016237767 0.28694404591104733 0
0.002069138 0.3562522265764161 0
0.0026366508 0.45977011494252873 0
0.0033598182 0.6203473945409429 0
0.0042813323 0.7194244604316546 0
0.0054555947 0.8045052292839904 0
0.0069519279 0.9000900090009001 0
0.0088586679 0.9578544061302682 0
0.0112883789 0.9891196834817013 0
0.0143844988 0.9910802775024777 0
0.0183298071 0.9970089730807578 0
0.0233572146 0.998003992015968 0
0.0297635144 0.999000999000999 0
0.0379269019 0.9970089730807578 0
0.0483293023 0.998003992015968 0
0.061584821 0.9970089730807578 0
0.078475997 0.9950248756218906 0
0.0999999999 0.9950248756218906 0
0.0001 0.01223211664546433 0
0.0001495348 0.019144984971186798 0
0.0002236067 0.028581227849548415 0
0.0003343701 0.04508972855983407 0
0.0004999999 0.06957973838018369 0
