0.001 0.0603974149906384 0
0.0012742749 0.08274720728175423 0
0.0016237767 0.14349261013057826 0
0.002069138 0.20116676725005028 0
0.0026366508 0.3155569580309246 0
0.0033598182 0.39308176100628933 0
0.0042813323 0.5790387955993052 0
0.0054555947 0.7194244604316546 0
0.0069519279 0.8591065292096219 0
0.0088586679 0.9478672985781991 0
0.0112883789 0.9861932938856016 0
0.0143844988 0.9930486593843099 0
0.0183298071 0.9950248756218906 0
0.0233572146 0.9960159362549801 0
0.0297635144 0.999000999000999 0
0.0379269019 0.9960159362549801 0
0.0483293023 0.9960159362549801 0
0.061584821 0.9950248756218906 0
0.078475997 0.9930486593843099 0
0.0999999999 0.9940357852882704 0
0.0001 0.0034282148942224294 0
0.0001495348 0.005041516891602345 0
0.0002236067 0.006796618002881766 0
0.0003343701 0.009909918837764719 0
0.0004999999 0.01812645011600928 0
