0.001 0.002898651547300196 0
0.0012742749 0.005204755064226677 0
0.0016237767 0.009853964249817701 0
0.002069138 0.017423120480878126 0
0.0026366508 0.03482015390508026 0
0.0033598182 0.0672992798977051 0
0.0042813323 0.12256403971074886 0
0.0054555947 0.2376425855513308 0
0.0069519279 0.43802014892685065 0
0.0088586679 0.6464124111182935 0
0.0112883789 0.8688097306689835 0
0.0143844988 0.968054211035818 0
0.0183298071 0.9940357852882704 0
0.0233572146 0.9960159362549801 0
0.0297635144 0.9950248756218906 0
0.0379269019 0.9970089730807578 0
0.0483293023 0.9950248756218906 0
0.061584821 0.9950248756218906 0
0.078475997 0.9960159362549801 0
0.0999999999 0.9940357852882704 0
0.0001 7.564979772000588e-05 0
0.0001495348 5.684046586445823e-05 0
0.0002236067 0.00012072720757848143 0
0.0003343701 0.0002921110162074876 0
0.0004999999 0.0006323242913067424 0
