0.0001 0.0013341587328694019
0.0001495348 0.002253424642099831
0.0002236067 0.0035628015020771134
0.0003343701 0.006993202607065932
0.0004999999 0.012006243246488173
0.001 0.04145421382083489
0.0012742749 0.05762360262763628
0.0016237767 0.09018759018759019
0.002069138 0.12532898859506203
0.0026366508 0.1771479185119575
0.0033598182 0.2550369803621525
0.0042813323 0.3641660597232338
0.0054555947 0.4428697962798937
0.0069519279 0.5934718100890207
0.0088586679 0.6793478260869565
0.0112883789 0.8038585209003215
0.0143844988 0.9149130832570905
0.0183298071 0.9689922480620154
0.0233572146 0.9930486593843099
0.0297635144 0.9950248756218906
0.0379269019 0.998003992015968
0.0483293023 0.9910802775024777
0.061584821 0.998003992015968
0.078475997 0.9970089730807578
0.0999999999 0.998003992015968
