0.001 0.02027616131713944
0.0012742749 0.03528083545018346
0.0016237767 0.06646726487205051
0.002069138 0.11373976342129208
0.0026366508 0.20185708518368994
0.0033598182 0.33602150537634407
0.0042813323 0.5254860746190226
0.0054555947 0.7173601147776184
0.0069519279 0.8605851979345955
0.0088586679 0.9487666034155597
0.0112883789 0.9852216748768473
0.0143844988 0.9920634920634921
0.0183298071 0.9960159362549801
0.0233572146 0.9930486593843099
0.0297635144 0.9970089730807578
0.0379269019 0.9940357852882704
0.0483293023 0.998003992015968
0.061584821 0.9970089730807578
0.078475997 0.9970089730807578
0.0999999999 0.9930486593843099
0.0001 0.02044320876604792
0.0001495348 0.037894577285990376
0.0002236067 0.06446621970087674
0.0003343701 0.11814744801512288
0.0004999999 0.19603999215840032
0.0001 0.02044320876604792
0.0001495348 0.037894577285990376
0.0002236067 0.06446621970087674
0.0003343701 0.11814744801512288
0.0004999999 0.19603999215840032
0.0001 0.0001503362420389443
0.0001495348 0.0003381691522099354
0.0002236067 0.0007918646988300991
0.0003343701 0.0018195117158359383
0.0004999999 0.004544153265201328
