0.001 0.017073004165813015
0.0012742749 0.026682320294572816
0.0016237767 0.04177982034677251
0.002069138 0.06475845097785261
0.0026366508 0.09919650828290844
0.0033598182 0.1460493646852636
0.0042813323 0.23872045834328
0.0054555947 0.3290556103981573
0.0069519279 0.45413260672116257
0.0088586679 0.6361323155216285
0.0112883789 0.7818608287724785
0.0143844988 0.9107468123861566
0.0183298071 0.9699321047526673
0.0233572146 0.9930486593843099
0.0297635144 0.9970089730807578
0.0379269019 0.9950248756218906
0.0483293023 0.9950248756218906
0.061584821 0.9940357852882704
0.078475997 0.9910802775024777
0.0999999999 0.9950248756218906
0.0001 0.00015765256590586691
0.0001495348 0.000349478298795558
0.0002236067 0.0007573468322832719
0.0003343701 0.001700515426225689
0.0004999999 0.003993052089364506
