0.0001 0.0005908765121268541
0.0001495348 0.0009621805320088598
0.0002236067 0.0011867506411420339
0.0003343701 0.002014954995980165
0.0004999999 0.004094199338377387
0.0001 0.0005908765121268541
0.0001495348 0.0009621805320088598
0.0002236067 0.0011867506411420339
0.0003343701 0.002014954995980165
0.0004999999 0.004094199338377387
0.001 0.013937955398542725
0.0012742749 0.024211333780803528
0.0016237767 0.03546099290780142
0.002069138 0.05880640465793304
0.0026366508 0.0965860189346849
0.0033598182 0.14877006922963618
0.0042813323 0.24658203125
0.0054555947 0.36200716845878134
0.0069519279 0.516359918200409
0.0088586679 0.6566970091027308
0.0112883789 0.8544839255499154
0.0143844988 0.9317343173431735
0.0183298071 0.9844054580896686
0.0233572146 0.9940944881889764
0.0297635144 0.9970384995064165
0.0379269019 0.9950738916256158
0.0483293023 0.9931170108161259
0.061584821 0.9980237154150198
0.078475997 0.9970384995064165
0.0999999999 0.9950738916256158
