0.001 0.0023241652760411097 0
0.0012742749 0.0039627658520541 0
0.0016237767 0.006726804297082585 0
0.002069138 0.011616830463976208 0
0.0026366508 0.022542323211830213 0
0.0033598182 0.03842163906712261 0
0.0042813323 0.0749400479616307 0
0.0054555947 0.1467351430667645 0
0.0069519279 0.26624068157614483 0
0.0088586679 0.44424700133274103 0
0.0112883789 0.6906077348066298 0
0.0143844988 0.851063829787234 0
0.0183298071 0.9671179883945842 0
0.0233572146 0.9940357852882704 0
0.0297635144 0.9960159362549801 0
0.0379269019 0.9950248756218906 0
0.0483293023 0.998003992015968 0
0.061584821 0.9970089730807578 0
0.078475997 0.9970089730807578 0
0.0999999999 0.9970089730807578 0
