0.001 0.004234076696065273 0
0.0012742749 0.007521850977088442 0
0.0016237767 0.011959862700776196 0
0.002069138 0.022317443313693983 0
0.0026366508 0.03833033079075472 0
0.0033598182 0.06333523339033505 0
0.0042813323 0.11653653420347279 0
0.0054555947 0.20100502512562815 0
0.0069519279 0.343878954607978 0
0.0088586679 0.5446623093681917 0
0.0112883789 0.7380073800738007 0
0.0143844988 0.8880994671403197 0
0.0183298071 0.9737098344693281 0
0.0233572146 0.9900990099009901 0
0.0297635144 0.9950248756218906 0
0.0379269019 0.9940357852882704 0
0.0483293023 0.9940357852882704 0
0.061584821 0.998003992015968 0
0.078475997 0.9960159362549801 0
0.0999999999 0.9940357852882704 0
