0.001 0.1295672454003628 0
0.0012742749 0.19727756954034326 0
0.0016237767 0.2616431187859759 0
0.002069138 0.3354579000335458 0
0.0026366508 0.46253469010175763 0
0.0033598182 0.5414185165132648 0
0.0042813323 0.6944444444444444 0
0.0054555947 0.823045267489712 0
0.0069519279 0.8944543828264758 0
0.0088586679 0.9560229445506692 0
0.0112883789 0.9920634920634921 0
0.0143844988 0.9940357852882704 0
0.0183298071 0.9940357852882704 0
0.0233572146 0.9970089730807578 0
0.0297635144 0.9960159362549801 0
0.0379269019 1.0 0
0.0483293023 0.9950248756218906 0
0.061584821 0.9960159362549801 0
0.078475997 0.9970089730807578 0
0.0999999999 0.9920634920634921 0
0.0001 0.01266560275603516 0
0.0001495348 0.014129682223446795 0
0.0002236067 0.029648956356736242 0
0.0003343701 0.04477879276374709 0
0.0004999999 0.07118957784580338 0
