0.001 0.100999899000101
0.0012742749 0.13420116755015768
0.0016237767 0.18231540565177756
0.002069138 0.2416626389560174
0.0026366508 0.3180155827635554
0.0033598182 0.3784295175023652
0.0042813323 0.48649963512527367
0.0054555947 0.6056935190793459
0.0069519279 0.7380073800738007
0.0088586679 0.8223684210526315
0.0112883789 0.9107468123861566
0.0143844988 0.966183574879227
0.0183298071 0.9871668311944719
0.0233572146 0.9935419771485345
0.0297635144 0.9965122072745392
0.0379269019 0.9975062344139651
0.0483293023 0.9925558312655087
0.061584821 0.9925558312655087
0.078475997 0.9955201592832255
0.0999999999 0.9985022466300549
0.0001 0.0137294744357186
0.0001495348 0.01898289641033429
0.0002236067 0.022504782266231576
0.0003343701 0.03041732570872369
0.0004999999 0.0425043566965614
