0.0001 0.003360271509938003
0.0001495348 0.0038288650478225245
0.0002236067 0.005404499786522258
0.0003343701 0.008303716743614442
0.0004999999 0.013120948907024955
0.0001 0.003360271509938003
0.0001495348 0.0038288650478225245
0.0002236067 0.005404499786522258
0.0003343701 0.008303716743614442
0.0004999999 0.013120948907024955
0.001 0.036388777700957026
0.0012742749 0.04982064567556795
0.0016237767 0.08157937673356176
0.002069138 0.11619800139437601
0.0026366508 0.1759014951627089
0.0033598182 0.24894199651481205
0.0042813323 0.34855350296270476
0.0054555947 0.4798464491362764
0.0069519279 0.6357279084551812
0.0088586679 0.7955449482895783
0.0112883789 0.8944543828264758
0.0143844988 0.9652509652509652
0.0183298071 0.9970089730807578
0.0233572146 0.9920634920634921
0.0297635144 0.9970089730807578
0.0379269019 0.9940357852882704
0.0483293023 0.9970089730807578
0.061584821 0.9940357852882704
0.078475997 0.9960159362549801
0.0999999999 0.9930486593843099
