0.0001 0.003598364902988082
0.0001495348 0.006605761545219741
0.0002236067 0.010304391731756074
0.0003343701 0.018258503898190583
0.0004999999 0.03014499743767522
0.001 0.07403020432336394
0.0012742749 0.09898050084133425
0.0016237767 0.1397233477714126
0.002069138 0.17587055926837847
0.0026366508 0.24826216484607747
0.0033598182 0.3247807729782397
0.0042813323 0.4043671653861706
0.0054555947 0.48828125
0.0069519279 0.6146281499692686
0.0088586679 0.727802037845706
0.0112883789 0.8467400508044031
0.0143844988 0.9302325581395349
0.0183298071 0.9775171065493646
0.0233572146 0.9930486593843099
0.0297635144 0.9920634920634921
0.0379269019 0.9970089730807578
0.0483293023 0.998003992015968
0.061584821 0.9950248756218906
0.078475997 0.9950248756218906
0.0999999999 1.0
