0.005 0.0401429087551684 0
0.005829572 0.05806526535826269 0
0.0067967819 0.09041591320072333 0
0.0079244659 0.13743815283122596 0
0.0092392489 0.2134927412467976 0
0.0107721734 0.3051571559353067 0
0.0125594321 0.42625745950554134 0
0.0146432228 0.5662514156285391 0
0.0170727443 0.7369196757553427 0
0.0199053585 0.8833922261484098 0
0.0232079441 0.949667616334283 0
0.0270584763 0.9813542688910697 0
0.0315478672 0.9930486593843099 0
0.0367821127 0.999000999000999 0
0.0428847949 0.9950248756218906 0
0.0499999999 1.0 0
0.0001 0.0011493579112029065 0
0.0001495348 0.0024289767206871087 0
0.0002236067 0.004616187121761168 0
0.0003343701 0.0075675593864222845 0
0.0004999999 0.012932428063368898 0
0.001 0.03976775630318937 0
0.0012742749 0.058530875036581796 0
0.0016237767 0.09047317470370035 0
0.002069138 0.13914011409489355 0
0.0026366508 0.2012477359629704 0
0.0033598182 0.32362459546925565 0
0.0042813323 0.4308487720809996 0
0.0054555947 0.5757052389176741 0
0.0069519279 0.7440476190476191 0
0.0088586679 0.8680555555555556 0
0.0112883789 0.9372071227741331 0
0.0143844988 0.984251968503937 0
0.0183298071 0.9970089730807578 0
0.0233572146 0.998003992015968 0
0.0297635144 0.998003992015968 0
0.0379269019 0.998003992015968 0
0.0483293023 0.9940357852882704 0
0.061584821 0.998003992015968 0
0.078475997 0.998003992015968 0
0.0999999999 0.9940357852882704 0
