0.001 0.002364748225256457 0
0.0012742749 0.0038609740465324594 0
0.0016237767 0.006642311524410495 0
0.002069138 0.012215680046908211 0
0.0026366508 0.023045722713864306 0
0.0033598182 0.041774584342885786 0
0.0042813323 0.07906388361796332 0
0.0054555947 0.1585791309863622 0
0.0069519279 0.2861230329041488 0
0.0088586679 0.4725897920604915 0
0.0112883789 0.7002801120448179 0
0.0143844988 0.8880994671403197 0
0.0183298071 0.966183574879227 0
0.0233572146 0.9960159362549801 0
0.0297635144 0.9970089730807578 0
0.0379269019 0.998003992015968 0
0.0483293023 0.9960159362549801 0
0.061584821 0.9940357852882704 0
0.078475997 0.9920634920634921 0
0.0999999999 0.9930486593843099 0
0.0001 6.835787700121103e-05 0
0.0001495348 5.381367563710145e-05 0
0.0002236067 0.00010555896745595921 0
0.0003343701 0.0002593986620217013 0
0.0004999999 0.0005155245801078331 0
