0.005 0.00043247189257052213 0
0.005829572 0.0007290941369894974 0
0.0067967819 0.0011800607495273856 0
0.0079244659 0.0018628148622820973 0
0.0092392489 0.0032229681602975444 0
0.0107721734 0.005155835116392978 0
0.0125594321 0.008010381454364857 0
0.0146432228 0.014154482016730597 0
0.0170727443 0.024434344915212822 0
0.0199053585 0.04017032216598377 0
0.0232079441 0.07087172218284904 0
0.0270584763 0.11784115012962526 0
0.0315478672 0.20781379883624274 0
0.0367821127 0.30637254901960786 0
0.0428847949 0.47961630695443647 0
0.0499999999 0.6720430107526881 0
