0.005 0.00027516417670603164 0
0.005829572 0.00044352054187565723 0
0.0067967819 0.0007132001218145808 0
0.0079244659 0.0011409781148987782 0
0.0092392489 0.001876623279136453 0
0.0107721734 0.0029348148278584363 0
0.0125594321 0.004899487023708618 0
0.0146432228 0.0078705452713764 0
0.0170727443 0.013018629659042089 0
0.0199053585 0.02166612501354133 0
0.0232079441 0.03748687959214275 0
0.0270584763 0.06505334374186833 0
0.0315478672 0.10755001075500108 0
0.0367821127 0.1823819077147547 0
0.0428847949 0.3118178983473651 0
0.0499999999 0.5159958720330238 0
