0.005 0.004017564793276204 0
0.005829572 0.004369521712153388 0
0.0067967819 0.007590305661608993 0
0.0079244659 0.011186558231628875 0
0.0092392489 0.01794172527630257 0
0.0107721734 0.028002576237013806 0
0.0125594321 0.03964321110009911 0
0.0146432228 0.0603536725209729 0
0.0170727443 0.09418856550814732 0
0.0199053585 0.13879250520471895 0
0.0232079441 0.20911752404851527 0
0.0270584763 0.31269543464665417 0
0.0315478672 0.4366812227074236 0
0.0367821127 0.5899705014749262 0
0.0428847949 0.731528895391368 0
0.0499999999 0.8764241893076249 0
