0.005 0.0004377317789769683 0
0.005829572 0.000720820466688003 0
0.0067967819 0.001232332966508887 0
0.0079244659 0.0018981238943428316 0
0.0092392489 0.0030228284000773844 0
0.0107721734 0.0050490515356690245 0
0.0125594321 0.008178420419880105 0
0.0146432228 0.013458950201884253 0
0.0170727443 0.024777006937561942 0
0.0199053585 0.04049074786411305 0
0.0232079441 0.06814310051107325 0
0.0270584763 0.11627906976744186 0
0.0315478672 0.1958096729978461 0
0.0367821127 0.31605562579013907 0
0.0428847949 0.46425255338904364 0
0.0499999999 0.6684491978609626 0
