0.005 0.0007232075121010697
0.005829572 0.0009910262572406857
0.0067967819 0.0016119464575864648
0.0079244659 0.0025108846851099515
0.0092392489 0.0036886485529431727
0.0107721734 0.00545113601674589
0.0125594321 0.00808969857783099
0.0146432228 0.012761775928738244
0.0170727443 0.021102834110621055
0.0199053585 0.035702809811132136
0.0232079441 0.05858574023082782
0.0270584763 0.09110787172011661
0.0315478672 0.15232292460015232
0.0367821127 0.26455026455026454
0.0428847949 0.40683482506102525
0.0499999999 0.6184291898577613
