0.005 0.0002509504749237738 0
0.005829572 0.00042694118415552955 0
0.0067967819 0.0006318995532470158 0
0.0079244659 0.001042921431513957 0
0.0092392489 0.0017492028008235247 0
0.0107721734 0.002506724287902298 0
0.0125594321 0.004057815758933281 0
0.0146432228 0.00632167195579887 0
0.0170727443 0.010086644274316377 0
0.0199053585 0.017139135502005277 0
0.0232079441 0.028113578858588697 0
0.0270584763 0.04407810640454886 0
0.0315478672 0.07540909433677702 0
0.0367821127 0.12553351744915892 0
0.0428847949 0.21408691928923143 0
0.0499999999 0.35803795202291444 0
