0.005 0.00023128419392254523
0.005829572 0.0003916612193118747
0.0067967819 0.0006208507766532791
0.0079244659 0.0010283802086172092
0.0092392489 0.0016617810304371814
0.0107721734 0.0028305037730615296
0.0125594321 0.004530401257639389
0.0146432228 0.007530007078206654
0.0170727443 0.012129886828155894
0.0199053585 0.019591324961307135
0.0232079441 0.03266372693124286
0.0270584763 0.05868889019308645
0.0315478672 0.10319917440660474
0.0367821127 0.17185083347654237
0.0428847949 0.28935185185185186
0.0499999999 0.4623208506703652
