0.005 0.0007387172028029885
0.005829572 0.0010821866663780835
0.0067967819 0.0015211022515355527
0.0079244659 0.0024874817481026733
0.0092392489 0.0034863248906165565
0.0107721734 0.005203780025810749
0.0125594321 0.007930151227983918
0.0146432228 0.01271471983114852
0.0170727443 0.02086767805346299
0.0199053585 0.03543962859269235
0.0232079441 0.05589090096132349
0.0270584763 0.09535615523982073
0.0315478672 0.1598976654940838
0.0367821127 0.2675227394328518
0.0428847949 0.41288191577208916
0.0499999999 0.5903187721369539
