0.005 0.003260291926539102 0
0.005829572 0.004824904225651121 0
0.0067967819 0.007046521132516877 0
0.0079244659 0.011156854213385994 0
0.0092392489 0.01580902695439096 0
0.0107721734 0.025006876891145065 0
0.0125594321 0.038725167486349375 0
0.0146432228 0.05956280898207159 0
0.0170727443 0.09511128019783147 0
0.0199053585 0.14110342881332016 0
0.0232079441 0.1998001998001998 0
0.0270584763 0.30469226081657524 0
0.0315478672 0.44682752457551383 0
0.0367821127 0.5747126436781609 0
0.0428847949 0.7698229407236336 0
0.0499999999 0.8833922261484098 0
