0.005 0.002790513370744816 0
0.005829572 0.00420570967144996 0
0.0067967819 0.006781776011501892 0
0.0079244659 0.01044124710255393 0
0.0092392489 0.015372553842369832 0
0.0107721734 0.023947507064514584 0
0.0125594321 0.04134110546116003 0
0.0146432228 0.0633834062242505 0
0.0170727443 0.08985533291400845 0
0.0199053585 0.13863856924996534 0
0.0232079441 0.2127659574468085 0
0.0270584763 0.29524653085326247 0
0.0315478672 0.43252595155709345 0
0.0367821127 0.5865102639296188 0
0.0428847949 0.7396449704142012 0
0.0499999999 0.8912655971479501 0
