0.005 0.0004461604767849319 0
0.005829572 0.000703001041144542 0
0.0067967819 0.0011798867072783672 0
0.0079244659 0.0019853520724097606 0
0.0092392489 0.0030878874526781247 0
0.0107721734 0.005320507363582192 0
0.0125594321 0.008202570685652884 0
0.0146432228 0.014243999715120005 0
0.0170727443 0.024267721503628024 0
0.0199053585 0.04025602834024395 0
0.0232079441 0.06993496048674733 0
0.0270584763 0.11904761904761904 0
0.0315478672 0.2025931928687196 0
0.0367821127 0.3116235587410408 0
0.0428847949 0.48971596474045054 0
0.0499999999 0.7092198581560284 0
