0.005 0.0004462658039456145 0
0.005829572 0.0007292584316859872 0
0.0067967819 0.0012684190298370209 0
0.0079244659 0.001862620558115624 0
0.0092392489 0.0029929008392093953 0
0.0107721734 0.005171593471380402 0
0.0125594321 0.008656584631099647 0
0.0146432228 0.014441267365624007 0
0.0170727443 0.02332905633967106 0
0.0199053585 0.038895371450797356 0
0.0232079441 0.06922331441229405 0
0.0270584763 0.11726078799249531 0
0.0315478672 0.19275250578257516 0
0.0367821127 0.3068425897514575 0
0.0428847949 0.4952947003467063 0
0.0499999999 0.6626905235255136 0
