0.005 0.0030996218461347715
0.005829572 0.004526873786231966
0.0067967819 0.005756058251309503
0.0079244659 0.00866183336364975
0.0092392489 0.012745510393963726
0.0107721734 0.018384718621881492
0.0125594321 0.026830511657857315
0.0146432228 0.04148516905206389
0.0170727443 0.07037297677691766
0.0199053585 0.10340192327577293
0.0232079441 0.16017940092904054
0.0270584763 0.2391772303276728
0.0315478672 0.35803795202291444
0.0367821127 0.508646998982706
0.0428847949 0.6882312456985548
0.0499999999 0.8453085376162299
