0.005 0.003333344444481482
0.005829572 0.003937395412934344
0.0067967819 0.005784526391901663
0.0079244659 0.007755545214828603
0.0092392489 0.012755102040816327
0.0107721734 0.018167944478761675
0.0125594321 0.027430326969497477
0.0146432228 0.04150238638721727
0.0170727443 0.06998880179171332
0.0199053585 0.10501995379122034
0.0232079441 0.15885623510722796
0.0270584763 0.242306760358614
0.0315478672 0.35739814152966404
0.0367821127 0.5065856129685917
0.0428847949 0.6557377049180327
0.0499999999 0.832639467110741
