0.005 0.0030916775133019423 0
0.005829572 0.004811254486494809 0
0.0067967819 0.00741157985236133 0
0.0079244659 0.011941153993121895 0
0.0092392489 0.016406890894175553 0
0.0107721734 0.025687130747495505 0
0.0125594321 0.03949135139404471 0
0.0146432228 0.061072431904238424 0
0.0170727443 0.0979431929480901 0
0.0199053585 0.14423770373575653 0
0.0232079441 0.21551724137931033 0
0.0270584763 0.3108486167236556 0
0.0315478672 0.44130626654898497 0
0.0367821127 0.5889281507656066 0
0.0428847949 0.7473841554559043 0
0.0499999999 0.8561643835616438 0
