6 0.181 -10 0.9801038910124473 0.9801038910124473 0.9801038910124473 0.9801038910124473 0.9801038910124473 0.0
6 0.128 -10 0.8160600620205647 0.8160600620205647 0.8160600620205647 0.8160600620205647 0.8160600620205647 0.0
6 0.090496 -10 0.5265097667561733 0.5265097667561733 0.5265097667561733 0.5265097667561733 0.5265097667561733 0.0
6 0.064 -10 0.3080714725816389 0.3080714725816389 0.3080714725816389 0.3080714725816389 0.3080714725816389 0.0
6 0.045249 -10 0.1827151470856934 0.1827151470856934 0.1827151470856934 0.1827151470856934 0.1827151470856934 0.0
6 0.032 -10 0.10923112213131765 0.10923112213131765 0.10923112213131765 0.10923112213131765 0.10923112213131765 0.0
6 0.022624 -10 0.04995953277844946 0.04995953277844946 0.04995953277844946 0.04995953277844946 0.04995953277844946 0.0
6 0.016 -10 0.02861377696133134 0.02861377696133134 0.02861377696133134 0.02861377696133134 0.02861377696133134 0.0
6 0.011312 -10 0.014565687609697835 0.014565687609697835 0.014565687609697835 0.014565687609697835 0.014565687609697835 0.0
6 0.008 -10 0.007335395557537742 0.007335395557537742 0.007335395557537742 0.007335395557537742 0.007335395557537742 0.0
6 0.005656 -10 0.0025693611900047737 0.0025693611900047737 0.0025693611900047737 0.0025693611900047737 0.0025693611900047737 0.0
6 0.004 -10 0.0014719008244999659 0.0014719008244999659 0.0014719008244999659 0.0014719008244999659 0.0014719008244999659 0.0
