11 0.181 -10 0.9950248756218906 0.9950248756218906 0.9950248756218906 0.9950248756218906 0.9950248756218906 0.0
11 0.128 -10 0.8613264427217916 0.8613264427217916 0.8613264427217916 0.8613264427217916 0.8613264427217916 0.0
11 0.090496 -10 0.510986203372509 0.510986203372509 0.510986203372509 0.510986203372509 0.510986203372509 0.0
11 0.064 -10 0.21404109589041095 0.21404109589041095 0.21404109589041095 0.21404109589041095 0.21404109589041095 0.0
11 0.045249 -10 0.07679311933650745 0.07679311933650745 0.07679311933650745 0.07679311933650745 0.07679311933650745 0.0
11 0.032 -10 0.023701175578308684 0.023701175578308684 0.023701175578308684 0.023701175578308684 0.023701175578308684 0.0
11 0.022624 -10 0.006652961565841034 0.006652961565841034 0.006652961565841034 0.006652961565841034 0.006652961565841034 0.0
11 0.016 -10 0.0023205894297151477 0.0023205894297151477 0.0023205894297151477 0.0023205894297151477 0.0023205894297151477 0.0
11 0.011312 -10 0.000672317721219423 0.000672317721219423 0.000672317721219423 0.000672317721219423 0.000672317721219423 0.0
11 0.008 -10 0.0002131075643382392 0.0002131075643382392 0.0002131075643382392 0.0002131075643382392 0.0002131075643382392 0.0
11 0.005656 -10 7.553875942846469e-05 7.553875942846469e-05 7.553875942846469e-05 7.553875942846469e-05 7.553875942846469e-05 0.0
11 0.004 -10 2.3171018264995397e-05 2.3171018264995397e-05 2.3171018264995397e-05 2.3171018264995397e-05 2.3171018264995397e-05 0.0
