5 0.181 -10 0.9606147934678194 0.9606147934678194 0.9606147934678194 0.9606147934678194 0.9606147934678194 0.0
5 0.128 -10 0.6869547296833138 0.6869547296833138 0.6869547296833138 0.6869547296833138 0.6869547296833138 0.0
5 0.090496 -10 0.44279135671271697 0.44279135671271697 0.44279135671271697 0.44279135671271697 0.44279135671271697 0.0
5 0.064 -10 0.24019407681406577 0.24019407681406577 0.24019407681406577 0.24019407681406577 0.24019407681406577 0.0
5 0.045249 -10 0.11246190353017915 0.11246190353017915 0.11246190353017915 0.11246190353017915 0.11246190353017915 0.0
5 0.032 -10 0.04330579085035251 0.04330579085035251 0.04330579085035251 0.04330579085035251 0.04330579085035251 0.0
5 0.022624 -10 0.017764418934738853 0.017764418934738853 0.017764418934738853 0.017764418934738853 0.017764418934738853 0.0
5 0.016 -10 0.00697800184917049 0.00697800184917049 0.00697800184917049 0.00697800184917049 0.00697800184917049 0.0
5 0.011312 -10 0.0027819212949954904 0.0027819212949954904 0.0027819212949954904 0.0027819212949954904 0.0027819212949954904 0.0
5 0.008 -10 0.0009674520119615766 0.0009674520119615766 0.0009674520119615766 0.0009674520119615766 0.0009674520119615766 0.0
5 0.005656 -10 0.0003749927110791784 0.0003749927110791784 0.0003749927110791784 0.0003749927110791784 0.0003749927110791784 0.0
5 0.004 -10 0.00016895089401717178 0.00016895089401717178 0.00016895089401717178 0.00016895089401717178 0.00016895089401717178 0.0
