11 0.181 -10 0.983284169124877 0.983284169124877 0.983284169124877 0.983284169124877 0.983284169124877 0.0
11 0.128 -10 0.7501875468867217 0.7501875468867217 0.7501875468867217 0.7501875468867217 0.7501875468867217 0.0
11 0.090496 -10 0.34989503149055284 0.34989503149055284 0.34989503149055284 0.34989503149055284 0.34989503149055284 0.0
11 0.064 -10 0.12075836251660428 0.12075836251660428 0.12075836251660428 0.12075836251660428 0.12075836251660428 0.0
11 0.045249 -10 0.030724797984453253 0.030724797984453253 0.030724797984453253 0.030724797984453253 0.030724797984453253 0.0
11 0.032 -10 0.007651285033321346 0.007651285033321346 0.007651285033321346 0.007651285033321346 0.007651285033321346 0.0
11 0.022624 -10 0.00165559624643219 0.00165559624643219 0.00165559624643219 0.00165559624643219 0.00165559624643219 0.0
11 0.016 -10 0.000390339868923872 0.000390339868923872 0.000390339868923872 0.000390339868923872 0.000390339868923872 0.0
11 0.011312 -10 9.359007211489416e-05 9.359007211489416e-05 9.359007211489416e-05 9.359007211489416e-05 9.359007211489416e-05 0.0
11 0.008 -10 2.4156752393263812e-05 2.4156752393263812e-05 2.4156752393263812e-05 2.4156752393263812e-05 2.4156752393263812e-05 0.0
11 0.005656 -10 6.124892074042375e-06 6.124892074042375e-06 6.124892074042375e-06 6.124892074042375e-06 6.124892074042375e-06 0.0
11 0.004 -10 1.7699461703085321e-06 1.7699461703085321e-06 1.7699461703085321e-06 1.7699461703085321e-06 1.7699461703085321e-06 0.0
