6 0.181 -10 0.978760888714887 0.978760888714887 0.978760888714887 0.978760888714887 0.978760888714887 0.0
6 0.128 -10 0.7977662544874352 0.7977662544874352 0.7977662544874352 0.7977662544874352 0.7977662544874352 0.0
6 0.090496 -10 0.5126102111954071 0.5126102111954071 0.5126102111954071 0.5126102111954071 0.5126102111954071 0.0
6 0.064 -10 0.3103951330043145 0.3103951330043145 0.3103951330043145 0.3103951330043145 0.3103951330043145 0.0
6 0.045249 -10 0.1708292049608801 0.1708292049608801 0.1708292049608801 0.1708292049608801 0.1708292049608801 0.0
6 0.032 -10 0.08457303304268401 0.08457303304268401 0.08457303304268401 0.08457303304268401 0.08457303304268401 0.0
6 0.022624 -10 0.04023918169600103 0.04023918169600103 0.04023918169600103 0.04023918169600103 0.04023918169600103 0.0
6 0.016 -10 0.01736144266643981 0.01736144266643981 0.01736144266643981 0.01736144266643981 0.01736144266643981 0.0
6 0.011312 -10 0.007033056066819659 0.007033056066819659 0.007033056066819659 0.007033056066819659 0.007033056066819659 0.0
6 0.008 -10 0.0030768482858416673 0.0030768482858416673 0.0030768482858416673 0.0030768482858416673 0.0030768482858416673 0.0
6 0.005656 -10 0.0012623694851968874 0.0012623694851968874 0.0012623694851968874 0.0012623694851968874 0.0012623694851968874 0.0
6 0.004 -10 0.0005413667833041401 0.0005413667833041401 0.0005413667833041401 0.0005413667833041401 0.0005413667833041401 0.0
