11 0.181 -10 0.9643201542912246 0.9643201542912246 0.9643201542912246 0.9643201542912246 0.9643201542912246 0.0
11 0.128 -10 0.6854009595613434 0.6854009595613434 0.6854009595613434 0.6854009595613434 0.6854009595613434 0.0
11 0.090496 -10 0.33613445378151263 0.33613445378151263 0.33613445378151263 0.33613445378151263 0.33613445378151263 0.0
11 0.064 -10 0.13020833333333334 0.13020833333333334 0.13020833333333334 0.13020833333333334 0.13020833333333334 0.0
11 0.045249 -10 0.03769459836405443 0.03769459836405443 0.03769459836405443 0.03769459836405443 0.03769459836405443 0.0
11 0.032 -10 0.010202520022445543 0.010202520022445543 0.010202520022445543 0.010202520022445543 0.010202520022445543 0.0
11 0.022624 -10 0.0026141057144350916 0.0026141057144350916 0.0026141057144350916 0.0026141057144350916 0.0026141057144350916 0.0
11 0.016 -10 0.0006710864419735041 0.0006710864419735041 0.0006710864419735041 0.0006710864419735041 0.0006710864419735041 0.0
11 0.011312 -10 0.00016802139517237567 0.00016802139517237567 0.00016802139517237567 0.00016802139517237567 0.00016802139517237567 0.0
11 0.008 -10 4.5619905168990724e-05 4.5619905168990724e-05 4.5619905168990724e-05 4.5619905168990724e-05 4.5619905168990724e-05 0.0
11 0.005656 -10 1.2464178418631543e-05 1.2464178418631543e-05 1.2464178418631543e-05 1.2464178418631543e-05 1.2464178418631543e-05 0.0
11 0.004 -10 3.8106426432373316e-06 3.8106426432373316e-06 3.8106426432373316e-06 3.8106426432373316e-06 3.8106426432373316e-06 0.0
