11 0.181 -10 0.9970089730807578 0.9970089730807578 0.9970089730807578 0.9970089730807578 0.9970089730807578 0.0
11 0.128 -10 0.8503401360544217 0.8503401360544217 0.8503401360544217 0.8503401360544217 0.8503401360544217 0.0
11 0.090496 -10 0.5324813631522897 0.5324813631522897 0.5324813631522897 0.5324813631522897 0.5324813631522897 0.0
11 0.064 -10 0.2336448598130841 0.2336448598130841 0.2336448598130841 0.2336448598130841 0.2336448598130841 0.0
11 0.045249 -10 0.07844983133286264 0.07844983133286264 0.07844983133286264 0.07844983133286264 0.07844983133286264 0.0
11 0.032 -10 0.022767633532170668 0.022767633532170668 0.022767633532170668 0.022767633532170668 0.022767633532170668 0.0
11 0.022624 -10 0.007083256598053521 0.007083256598053521 0.007083256598053521 0.007083256598053521 0.007083256598053521 0.0
11 0.016 -10 0.002077024371803979 0.002077024371803979 0.002077024371803979 0.002077024371803979 0.002077024371803979 0.0
11 0.011312 -10 0.0006716778310716821 0.0006716778310716821 0.0006716778310716821 0.0006716778310716821 0.0006716778310716821 0.0
11 0.008 -10 0.00020372366107716849 0.00020372366107716849 0.00020372366107716849 0.00020372366107716849 0.00020372366107716849 0.0
11 0.005656 -10 6.553326448845455e-05 6.553326448845455e-05 6.553326448845455e-05 6.553326448845455e-05 6.553326448845455e-05 0.0
11 0.004 -10 2.3498919014476957e-05 2.3498919014476957e-05 2.3498919014476957e-05 2.3498919014476957e-05 2.3498919014476957e-05 0.0
