5 0.181 -10 0.9619084263178146 0.9619084263178146 0.9619084263178146 0.9619084263178146 0.9619084263178146 0.0
5 0.128 -10 0.678334011667345 0.678334011667345 0.678334011667345 0.678334011667345 0.678334011667345 0.0
5 0.090496 -10 0.44605022525536375 0.44605022525536375 0.44605022525536375 0.44605022525536375 0.44605022525536375 0.0
5 0.064 -10 0.2484101748807631 0.2484101748807631 0.2484101748807631 0.2484101748807631 0.2484101748807631 0.0
5 0.045249 -10 0.11443873522309832 0.11443873522309832 0.11443873522309832 0.11443873522309832 0.11443873522309832 0.0
5 0.032 -10 0.04552573114324216 0.04552573114324216 0.04552573114324216 0.04552573114324216 0.04552573114324216 0.0
5 0.022624 -10 0.018864329627750184 0.018864329627750184 0.018864329627750184 0.018864329627750184 0.018864329627750184 0.0
5 0.016 -10 0.006861873236498579 0.006861873236498579 0.006861873236498579 0.006861873236498579 0.006861873236498579 0.0
5 0.011312 -10 0.0024926634682470817 0.0024926634682470817 0.0024926634682470817 0.0024926634682470817 0.0024926634682470817 0.0
5 0.008 -10 0.0009138134137391664 0.0009138134137391664 0.0009138134137391664 0.0009138134137391664 0.0009138134137391664 0.0
5 0.005656 -10 0.000324688670644709 0.000324688670644709 0.000324688670644709 0.000324688670644709 0.000324688670644709 0.0
5 0.004 -10 0.00011291799220156729 0.00011291799220156729 0.00011291799220156729 0.00011291799220156729 0.00011291799220156729 0.0
