15 0.181 -10 1.0 1.0 1.0 1.0 1.0 0.0
15 0.128 -10 0.9328358208955224 0.9328358208955224 0.9328358208955224 0.9328358208955224 0.9328358208955224 0.0
15 0.090496 -10 0.5995203836930456 0.5995203836930456 0.5995203836930456 0.5995203836930456 0.5995203836930456 0.0
15 0.064 -10 0.2073398299813394 0.2073398299813394 0.2073398299813394 0.2073398299813394 0.2073398299813394 0.0
15 0.045249 -10 0.04169967891247237 0.04169967891247237 0.04169967891247237 0.04169967891247237 0.04169967891247237 0.0
15 0.032 -10 0.005870646182025255 0.005870646182025255 0.005870646182025255 0.005870646182025255 0.005870646182025255 0.0
15 0.022624 -10 0.0008154850831468591 0.0008154850831468591 0.0008154850831468591 0.0008154850831468591 0.0008154850831468591 0.0
15 0.016 -10 0.00014846564467865724 0.00014846564467865724 0.00014846564467865724 0.00014846564467865724 0.00014846564467865724 0.0
15 0.011312 -10 3.125388817902627e-05 3.125388817902627e-05 3.125388817902627e-05 3.125388817902627e-05 3.125388817902627e-05 0.0
15 0.008 -10 7.914533861379424e-06 7.914533861379424e-06 7.914533861379424e-06 7.914533861379424e-06 7.914533861379424e-06 0.0
