11 0.181 -10 0.7032348804500703 0.9978902953586498 0.7032348804500703 0.7032348804500703 0.7032348804500703 0.9978902953586498
11 0.128 -10 0.508646998982706 0.8804679552390641 0.508646998982706 0.508646998982706 0.508646998982706 0.8743641912512716
11 0.090496 -10 0.24618414574101427 0.5270802560315115 0.24618414574101427 0.24618414574101427 0.24618414574101427 0.5214180206794683
11 0.064 -10 0.08032128514056225 0.22803212851405621 0.08032128514056225 0.08032128514056225 0.08032128514056225 0.22409638554216868
11 0.045249 -10 0.023112836869597374 0.07562520223732261 0.023112836869597374 0.023112836869597374 0.023112836869597374 0.07477002727314751
11 0.032 -10 0.005451254878873117 0.023571226096247355 0.005451254878873117 0.005451254878873117 0.005451254878873117 0.023407688449881163
11 0.022624 -10 0.00141561050326369 0.007028506148704221 0.00141561050326369 0.00141561050326369 0.00141561050326369 0.00698603783360631
11 0.016 -10 0.00037042236669517685 0.002162155354399747 0.00037042236669517685 0.00037042236669517685 0.00037042236669517685 0.0021562285965326246
11 0.011312 -10 0.0001012917534736994 0.0006674113636382053 0.0001012917534736994 0.0001012917534736994 0.0001012917534736994 0.000666499737856942
11 0.008 -10 3.1829738907017695e-05 0.0002149780565779975 3.1829738907017695e-05 3.1829738907017695e-05 3.1829738907017695e-05 0.0002147870781445554
11 0.005656 -10 9.611866949346547e-06 6.94649624429275e-05 9.611866949346547e-06 9.611866949346547e-06 9.611866949346547e-06 6.941690310818077e-05
11 0.004 -10 3.5240476873428242e-06 2.3075464256720814e-05 3.5240476873428242e-06 3.5240476873428242e-06 3.5240476873428242e-06 2.307194020903347e-05
