9 0.181 -10 0.9920634920634921 0.9920634920634921 0.9920634920634921 0.9920634920634921 0.9920634920634921 0.0
9 0.128 -10 0.8103727714748784 0.8103727714748784 0.8103727714748784 0.8103727714748784 0.8103727714748784 0.0
9 0.090496 -10 0.5091649694501018 0.5091649694501018 0.5091649694501018 0.5091649694501018 0.5091649694501018 0.0
9 0.064 -10 0.23736055067647757 0.23736055067647757 0.23736055067647757 0.23736055067647757 0.23736055067647757 0.0
9 0.045249 -10 0.08822232024702249 0.08822232024702249 0.08822232024702249 0.08822232024702249 0.08822232024702249 0.0
9 0.032 -10 0.031458411979363284 0.031458411979363284 0.031458411979363284 0.031458411979363284 0.031458411979363284 0.0
9 0.022624 -10 0.01063524306848033 0.01063524306848033 0.01063524306848033 0.01063524306848033 0.01063524306848033 0.0
9 0.016 -10 0.0035277848333474444 0.0035277848333474444 0.0035277848333474444 0.0035277848333474444 0.0035277848333474444 0.0
9 0.011312 -10 0.0011362758332310685 0.0011362758332310685 0.0011362758332310685 0.0011362758332310685 0.0011362758332310685 0.0
9 0.008 -10 0.0003227768101646291 0.0003227768101646291 0.0003227768101646291 0.0003227768101646291 0.0003227768101646291 0.0
9 0.005656 -10 0.00010911879588718163 0.00010911879588718163 0.00010911879588718163 0.00010911879588718163 0.00010911879588718163 0.0
9 0.004 -10 3.668624183387186e-05 3.668624183387186e-05 3.668624183387186e-05 3.668624183387186e-05 3.668624183387186e-05 0.0
