5 0.181 -10 0.9569377990430622 0.9569377990430622 0.9569377990430622 0.9569377990430622 0.9569377990430622 0.0
5 0.128 -10 0.6680026720106881 0.6680026720106881 0.6680026720106881 0.6680026720106881 0.6680026720106881 0.0
5 0.090496 -10 0.41476565740356697 0.41476565740356697 0.41476565740356697 0.41476565740356697 0.41476565740356697 0.0
5 0.064 -10 0.21978021978021978 0.21978021978021978 0.21978021978021978 0.21978021978021978 0.21978021978021978 0.0
5 0.045249 -10 0.11568718186024989 0.11568718186024989 0.11568718186024989 0.11568718186024989 0.11568718186024989 0.0
5 0.032 -10 0.05437442227176336 0.05437442227176336 0.05437442227176336 0.05437442227176336 0.05437442227176336 0.0
5 0.022624 -10 0.02468648168263059 0.02468648168263059 0.02468648168263059 0.02468648168263059 0.02468648168263059 0.0
5 0.016 -10 0.013135253707425359 0.013135253707425359 0.013135253707425359 0.013135253707425359 0.013135253707425359 0.0
5 0.011312 -10 0.0037801895387034705 0.0037801895387034705 0.0037801895387034705 0.0037801895387034705 0.0037801895387034705 0.0
5 0.008 -10 0.0022003555774613177 0.0022003555774613177 0.0022003555774613177 0.0022003555774613177 0.0022003555774613177 0.0
5 0.005656 -10 0.0007220518982022352 0.0007220518982022352 0.0007220518982022352 0.0007220518982022352 0.0007220518982022352 0.0
5 0.004 -10 0.0003091358293372375 0.0003091358293372375 0.0003091358293372375 0.0003091358293372375 0.0003091358293372375 0.0
