5 0.181 -10 0.9596928982725528 0.9596928982725528 0.9596928982725528 0.9596928982725528 0.9596928982725528 0.0
5 0.128 -10 0.6821747731768879 0.6821747731768879 0.6821747731768879 0.6821747731768879 0.6821747731768879 0.0
5 0.090496 -10 0.4425366199052972 0.4425366199052972 0.4425366199052972 0.4425366199052972 0.4425366199052972 0.0
5 0.064 -10 0.23447208609815 0.23447208609815 0.23447208609815 0.23447208609815 0.23447208609815 0.0
5 0.045249 -10 0.10631737863871228 0.10631737863871228 0.10631737863871228 0.10631737863871228 0.10631737863871228 0.0
5 0.032 -10 0.04192907278048453 0.04192907278048453 0.04192907278048453 0.04192907278048453 0.04192907278048453 0.0
5 0.022624 -10 0.016861586607853453 0.016861586607853453 0.016861586607853453 0.016861586607853453 0.016861586607853453 0.0
5 0.016 -10 0.006553006945532062 0.006553006945532062 0.006553006945532062 0.006553006945532062 0.006553006945532062 0.0
5 0.011312 -10 0.002369767641912943 0.002369767641912943 0.002369767641912943 0.002369767641912943 0.002369767641912943 0.0
5 0.008 -10 0.0008831315775087936 0.0008831315775087936 0.0008831315775087936 0.0008831315775087936 0.0008831315775087936 0.0
5 0.005656 -10 0.00033736444485752846 0.00033736444485752846 0.00033736444485752846 0.00033736444485752846 0.00033736444485752846 0.0
5 0.004 -10 0.00013155836021607828 0.00013155836021607828 0.00013155836021607828 0.00013155836021607828 0.00013155836021607828 0.0
