11 0.181 -10 0.700770847932726 0.9978976874562018 0.700770847932726 0.700770847932726 0.700770847932726 0.9971969166082691
11 0.128 -10 0.5117707267144319 0.861310133060389 0.5117707267144319 0.5117707267144319 0.5117707267144319 0.8541453428863869
11 0.090496 -10 0.2546473134708429 0.5266106442577031 0.2546473134708429 0.2546473134708429 0.2546473134708429 0.5215176979882862
11 0.064 -10 0.07861017215627703 0.22144485496423238 0.07861017215627703 0.07861017215627703 0.07861017215627703 0.21908654979954406
11 0.045249 -10 0.02276556026043801 0.07544506670309156 0.02276556026043801 0.02276556026043801 0.02276556026043801 0.07471656877475755
11 0.032 -10 0.005579734404642339 0.023669233344492804 0.005579734404642339 0.005579734404642339 0.005579734404642339 0.02349626157794889
11 0.022624 -10 0.0012435537283606106 0.007042244763706139 0.0012435537283606106 0.0012435537283606106 0.0012435537283606106 0.007018617242867287
11 0.016 -10 0.0003363028878328978 0.0021711714438491883 0.0003363028878328978 0.0003363028878328978 0.0003363028878328978 0.002165790597643862
11 0.011312 -10 8.764026056851712e-05 0.0006729019206450743 8.764026056851712e-05 8.764026056851712e-05 8.764026056851712e-05 0.0006723760790816632
11 0.008 -10 2.515107369682101e-05 0.00020872876060991756 2.515107369682101e-05 2.515107369682101e-05 2.515107369682101e-05 0.00020860300524143345
11 0.005656 -10 8.91462704160114e-06 7.172708917672278e-05 8.91462704160114e-06 8.91462704160114e-06 8.91462704160114e-06 7.170034529559798e-05
11 0.004 -10 2.2265577011593296e-06 2.3133934515045436e-05 2.2265577011593296e-06 2.2265577011593296e-06 2.2265577011593296e-06 2.3133934515045436e-05
