9 0.181 -10 0.9891196834817013 0.9891196834817013 0.9891196834817013 0.9891196834817013 0.9891196834817013 0.0
9 0.128 -10 0.8216926869350862 0.8216926869350862 0.8216926869350862 0.8216926869350862 0.8216926869350862 0.0
9 0.090496 -10 0.5030181086519114 0.5030181086519114 0.5030181086519114 0.5030181086519114 0.5030181086519114 0.0
9 0.064 -10 0.23986567522187574 0.23986567522187574 0.23986567522187574 0.23986567522187574 0.23986567522187574 0.0
9 0.045249 -10 0.09151642719868217 0.09151642719868217 0.09151642719868217 0.09151642719868217 0.09151642719868217 0.0
9 0.032 -10 0.03170778108947936 0.03170778108947936 0.03170778108947936 0.03170778108947936 0.03170778108947936 0.0
9 0.022624 -10 0.009868258745744313 0.009868258745744313 0.009868258745744313 0.009868258745744313 0.009868258745744313 0.0
9 0.016 -10 0.003174865226971115 0.003174865226971115 0.003174865226971115 0.003174865226971115 0.003174865226971115 0.0
9 0.011312 -10 0.0010980938189397026 0.0010980938189397026 0.0010980938189397026 0.0010980938189397026 0.0010980938189397026 0.0
9 0.008 -10 0.00038900757942367747 0.00038900757942367747 0.00038900757942367747 0.00038900757942367747 0.00038900757942367747 0.0
9 0.005656 -10 0.00012057552627901394 0.00012057552627901394 0.00012057552627901394 0.00012057552627901394 0.00012057552627901394 0.0
9 0.004 -10 4.3077950585455193e-05 4.3077950585455193e-05 4.3077950585455193e-05 4.3077950585455193e-05 4.3077950585455193e-05 0.0
