9 0.181 -10 0.9871668311944719 0.9871668311944719 0.9871668311944719 0.9871668311944719 0.9871668311944719 0.0
9 0.128 -10 0.8431703204047217 0.8431703204047217 0.8431703204047217 0.8431703204047217 0.8431703204047217 0.0
9 0.090496 -10 0.5012531328320802 0.5012531328320802 0.5012531328320802 0.5012531328320802 0.5012531328320802 0.0
9 0.064 -10 0.23025558369790466 0.23025558369790466 0.23025558369790466 0.23025558369790466 0.23025558369790466 0.0
9 0.045249 -10 0.08018603159329644 0.08018603159329644 0.08018603159329644 0.08018603159329644 0.08018603159329644 0.0
9 0.032 -10 0.025551921504497137 0.025551921504497137 0.025551921504497137 0.025551921504497137 0.025551921504497137 0.0
9 0.022624 -10 0.008522969402539845 0.008522969402539845 0.008522969402539845 0.008522969402539845 0.008522969402539845 0.0
9 0.016 -10 0.002659850356818925 0.002659850356818925 0.002659850356818925 0.002659850356818925 0.002659850356818925 0.0
9 0.011312 -10 0.0008580899432716738 0.0008580899432716738 0.0008580899432716738 0.0008580899432716738 0.0008580899432716738 0.0
9 0.008 -10 0.00027456340300471203 0.00027456340300471203 0.00027456340300471203 0.00027456340300471203 0.00027456340300471203 0.0
9 0.005656 -10 9.061038964098533e-05 9.061038964098533e-05 9.061038964098533e-05 9.061038964098533e-05 9.061038964098533e-05 0.0
9 0.004 -10 2.9060346483023875e-05 2.9060346483023875e-05 2.9060346483023875e-05 2.9060346483023875e-05 2.9060346483023875e-05 0.0
