6 0.181 -10 0.9782821365681863 0.9782821365681863 0.9782821365681863 0.9782821365681863 0.9782821365681863 0.0
6 0.128 -10 0.7987858455148175 0.7987858455148175 0.7987858455148175 0.7987858455148175 0.7987858455148175 0.0
6 0.090496 -10 0.5150391429748661 0.5150391429748661 0.5150391429748661 0.5150391429748661 0.5150391429748661 0.0
6 0.064 -10 0.31122591889452556 0.31122591889452556 0.31122591889452556 0.31122591889452556 0.31122591889452556 0.0
6 0.045249 -10 0.16464699683877765 0.16464699683877765 0.16464699683877765 0.16464699683877765 0.16464699683877765 0.0
6 0.032 -10 0.08241373342453787 0.08241373342453787 0.08241373342453787 0.08241373342453787 0.08241373342453787 0.0
6 0.022624 -10 0.03741730774987278 0.03741730774987278 0.03741730774987278 0.03741730774987278 0.03741730774987278 0.0
6 0.016 -10 0.016052395017336588 0.016052395017336588 0.016052395017336588 0.016052395017336588 0.016052395017336588 0.0
6 0.011312 -10 0.006373535042970373 0.006373535042970373 0.006373535042970373 0.006373535042970373 0.006373535042970373 0.0
6 0.008 -10 0.002588933087729881 0.002588933087729881 0.002588933087729881 0.002588933087729881 0.002588933087729881 0.0
6 0.005656 -10 0.0010620165634227265 0.0010620165634227265 0.0010620165634227265 0.0010620165634227265 0.0010620165634227265 0.0
6 0.004 -10 0.0004301888834632511 0.0004301888834632511 0.0004301888834632511 0.0004301888834632511 0.0004301888834632511 0.0
