5 0.181 -10 0.970873786407767 0.970873786407767 0.970873786407767 0.970873786407767 0.970873786407767 0.0
5 0.128 -10 0.6788866259334692 0.6788866259334692 0.6788866259334692 0.6788866259334692 0.6788866259334692 0.0
5 0.090496 -10 0.4370629370629371 0.4370629370629371 0.4370629370629371 0.4370629370629371 0.4370629370629371 0.0
5 0.064 -10 0.23980815347721823 0.23980815347721823 0.23980815347721823 0.23980815347721823 0.23980815347721823 0.0
5 0.045249 -10 0.10145074566298062 0.10145074566298062 0.10145074566298062 0.10145074566298062 0.10145074566298062 0.0
5 0.032 -10 0.04236570072869005 0.04236570072869005 0.04236570072869005 0.04236570072869005 0.04236570072869005 0.0
5 0.022624 -10 0.016973606042603753 0.016973606042603753 0.016973606042603753 0.016973606042603753 0.016973606042603753 0.0
5 0.016 -10 0.006298657126300673 0.006298657126300673 0.006298657126300673 0.006298657126300673 0.006298657126300673 0.0
5 0.011312 -10 0.0024219173835542123 0.0024219173835542123 0.0024219173835542123 0.0024219173835542123 0.0024219173835542123 0.0
5 0.008 -10 0.0008774123355400254 0.0008774123355400254 0.0008774123355400254 0.0008774123355400254 0.0008774123355400254 0.0
5 0.005656 -10 0.0003214530707447489 0.0003214530707447489 0.0003214530707447489 0.0003214530707447489 0.0003214530707447489 0.0
5 0.004 -10 0.00013680925520083803 0.00013680925520083803 0.00013680925520083803 0.00013680925520083803 0.00013680925520083803 0.0
