9 0.181 -10 0.9970089730807578 0.9970089730807578 0.9970089730807578 0.9970089730807578 0.9970089730807578 0.0
9 0.128 -10 0.8375209380234506 0.8375209380234506 0.8375209380234506 0.8375209380234506 0.8375209380234506 0.0
9 0.090496 -10 0.5192107995846313 0.5192107995846313 0.5192107995846313 0.5192107995846313 0.5192107995846313 0.0
9 0.064 -10 0.2332089552238806 0.2332089552238806 0.2332089552238806 0.2332089552238806 0.2332089552238806 0.0
9 0.045249 -10 0.09345794392523364 0.09345794392523364 0.09345794392523364 0.09345794392523364 0.09345794392523364 0.0
9 0.032 -10 0.031768219073638734 0.031768219073638734 0.031768219073638734 0.031768219073638734 0.031768219073638734 0.0
9 0.022624 -10 0.012921065212616129 0.012921065212616129 0.012921065212616129 0.012921065212616129 0.012921065212616129 0.0
9 0.016 -10 0.004392650217655818 0.004392650217655818 0.004392650217655818 0.004392650217655818 0.004392650217655818 0.0
9 0.011312 -10 0.0015979112104656792 0.0015979112104656792 0.0015979112104656792 0.0015979112104656792 0.0015979112104656792 0.0
9 0.008 -10 0.0005903459545362773 0.0005903459545362773 0.0005903459545362773 0.0005903459545362773 0.0005903459545362773 0.0
9 0.005656 -10 0.00019796194221253352 0.00019796194221253352 0.00019796194221253352 0.00019796194221253352 0.00019796194221253352 0.0
9 0.004 -10 8.043318740876363e-05 8.043318740876363e-05 8.043318740876363e-05 8.043318740876363e-05 8.043318740876363e-05 0.0
