11 0.181 -10 0.7077140835102619 0.9957537154989384 0.7077140835102619 0.7077140835102619 0.7077140835102619 0.9950460014154282
11 0.128 -10 0.49677098857426727 0.8574267262791853 0.49677098857426727 0.49677098857426727 0.49677098857426727 0.851465474416294
11 0.090496 -10 0.24449877750611246 0.5256723716381418 0.24449877750611246 0.24449877750611246 0.24449877750611246 0.5200488997555012
11 0.064 -10 0.08079502302658156 0.2120869354447766 0.08079502302658156 0.08079502302658156 0.08079502302658156 0.2082087743395007
11 0.045249 -10 0.02183120115268742 0.0704492861197223 0.02183120115268742 0.02183120115268742 0.02183120115268742 0.06964153167707288
11 0.032 -10 0.00511969855214925 0.02062214576805718 0.00511969855214925 0.00511969855214925 0.00511969855214925 0.020453195715836252
11 0.022624 -10 0.00119650858794039 0.005539834762164005 0.00119650858794039 0.00119650858794039 0.00119650858794039 0.005491974418646389
11 0.016 -10 0.00029003640827033017 0.0015116697599049608 0.00029003640827033017 0.00029003640827033017 0.00029003640827033017 0.001502968667656851
11 0.011312 -10 6.986309418474275e-05 0.0004412553028708352 6.986309418474275e-05 6.986309418474275e-05 6.986309418474275e-05 0.0004397183147987709
11 0.008 -10 1.9266867930937988e-05 0.0001353690140827703 1.9266867930937988e-05 1.9266867930937988e-05 1.9266867930937988e-05 0.00013508001106380624
11 0.005656 -10 5.437741508452768e-06 4.164766221323975e-05 5.437741508452768e-06 5.437741508452768e-06 5.437741508452768e-06 4.15606583491045e-05
11 0.004 -10 1.6038194639770722e-06 1.3390288704744575e-05 1.6038194639770722e-06 1.6038194639770722e-06 1.6038194639770722e-06 1.3377458149032759e-05
