5 0.181 -10 0.5924170616113744 0.9609004739336493 0.5924170616113744 0.5924170616113744 0.5924170616113744 0.95260663507109
5 0.128 -10 0.42337002540220153 0.6854360711261642 0.42337002540220153 0.42337002540220153 0.42337002540220153 0.6532599491955969
5 0.090496 -10 0.22732439190725165 0.44782905205728574 0.22732439190725165 0.22732439190725165 0.22732439190725165 0.4250966128665606
5 0.064 -10 0.11463945890175399 0.2538117620084833 0.11463945890175399 0.11463945890175399 0.11463945890175399 0.23650120371431846
5 0.045249 -10 0.05213492518638236 0.11401908138261821 0.05213492518638236 0.05213492518638236 0.05213492518638236 0.1031228820186643
5 0.032 -10 0.02351060328208022 0.04589269760662058 0.02351060328208022 0.02351060328208022 0.02351060328208022 0.040203131612357175
5 0.022624 -10 0.009551007153704359 0.01851940287103275 0.009551007153704359 0.009551007153704359 0.009551007153704359 0.01632267122568075
5 0.016 -10 0.004019728829093189 0.007195314604076809 0.004019728829093189 0.004019728829093189 0.004019728829093189 0.006174303481487139
5 0.011312 -10 0.001467579696915441 0.002499288223846996 0.001467579696915441 0.001467579696915441 0.001467579696915441 0.002113314763558235
5 0.008 -10 0.0004831239957059939 0.0008932962680603827 0.0004831239957059939 0.0004831239957059939 0.0004831239957059939 0.0007676840291768244
5 0.005656 -10 0.00018643665851814177 0.00032775564567489327 0.00018643665851814177 0.00018643665851814177 0.00018643665851814177 0.0002703331548513056
5 0.004 -10 6.956738547399599e-05 0.00011638623589799529 6.956738547399599e-05 6.956738547399599e-05 6.956738547399599e-05 9.767260920549037e-05
