5 0.181 -10 0.5988023952095808 0.9550898203592815 0.5988023952095808 0.5988023952095808 0.5988023952095808 0.9508982035928144
5 0.128 -10 0.4024144869215292 0.6647887323943662 0.4024144869215292 0.4024144869215292 0.4024144869215292 0.6321931589537223
5 0.090496 -10 0.2420721374969741 0.42362624061970466 0.2420721374969741 0.2420721374969741 0.2420721374969741 0.39312515129508596
5 0.064 -10 0.11252391133115787 0.22290986834702375 0.11252391133115787 0.11252391133115787 0.11252391133115787 0.19646674918420165
5 0.045249 -10 0.05218934293617243 0.11852199780804759 0.05218934293617243 0.05218934293617243 0.05218934293617243 0.10333489901362142
5 0.032 -10 0.02276711517883569 0.05284247433007764 0.02276711517883569 0.02276711517883569 0.02276711517883569 0.046467682080003646
5 0.022624 -10 0.009433517286920429 0.02492335267204377 0.009433517286920429 0.009433517286920429 0.009433517286920429 0.021781991415499267
5 0.016 -10 0.0036301857203014506 0.013373604193590544 0.0036301857203014506 0.0036301857203014506 0.0036301857203014506 0.012393454049109152
5 0.011312 -10 0.0014949403743031709 0.003987005978266557 0.0014949403743031709 0.0014949403743031709 0.0014949403743031709 0.003560947971590153
5 0.008 -10 0.0005343064835420246 0.002291106201428201 0.0005343064835420246 0.0005343064835420246 0.0005343064835420246 0.00213508870823393
5 0.005656 -10 0.00018597312576748784 0.0006987010335084518 0.00018597312576748784 0.00018597312576748784 0.00018597312576748784 0.0006375158751309484
5 0.004 -10 0.0002650221160955882 0.0003227969374044264 0.0002650221160955882 0.0002650221160955882 0.0002650221160955882 0.00029920996907191905
