5 0.181 -10 0.9609378753663576 0.9609378753663576 0.9609378753663576 0.9609378753663576 0.9609378753663576 0.0
5 0.128 -10 0.6870349632092777 0.6870349632092777 0.6870349632092777 0.6870349632092777 0.6870349632092777 0.0
5 0.090496 -10 0.41407524575365834 0.41407524575365834 0.41407524575365834 0.41407524575365834 0.41407524575365834 0.0
5 0.064 -10 0.22958685844822244 0.22958685844822244 0.22958685844822244 0.22958685844822244 0.22958685844822244 0.0
5 0.045249 -10 0.1179675141059655 0.1179675141059655 0.1179675141059655 0.1179675141059655 0.1179675141059655 0.0
5 0.032 -10 0.06131997375505123 0.06131997375505123 0.06131997375505123 0.06131997375505123 0.06131997375505123 0.0
5 0.022624 -10 0.02899867012098825 0.02899867012098825 0.02899867012098825 0.02899867012098825 0.02899867012098825 0.0
5 0.016 -10 0.013670756774816935 0.013670756774816935 0.013670756774816935 0.013670756774816935 0.013670756774816935 0.0
5 0.011312 -10 0.005136426307768809 0.005136426307768809 0.005136426307768809 0.005136426307768809 0.005136426307768809 0.0
5 0.008 -10 0.00303951894384741 0.00303951894384741 0.00303951894384741 0.00303951894384741 0.00303951894384741 0.0
5 0.005656 -10 0.0018226771697344966 0.0018226771697344966 0.0018226771697344966 0.0018226771697344966 0.0018226771697344966 0.0
5 0.004 -10 0.0005089208299702784 0.0005089208299702784 0.0005089208299702784 0.0005089208299702784 0.0005089208299702784 0.0
