6 0.181 -10 0.9805844283192783 0.9805844283192783 0.9805844283192783 0.9805844283192783 0.9805844283192783 0.0
6 0.128 -10 0.7940919558484872 0.7940919558484872 0.7940919558484872 0.7940919558484872 0.7940919558484872 0.0
6 0.090496 -10 0.5259282633848743 0.5259282633848743 0.5259282633848743 0.5259282633848743 0.5259282633848743 0.0
6 0.064 -10 0.3184611955033279 0.3184611955033279 0.3184611955033279 0.3184611955033279 0.3184611955033279 0.0
6 0.045249 -10 0.18233202662047587 0.18233202662047587 0.18233202662047587 0.18233202662047587 0.18233202662047587 0.0
6 0.032 -10 0.09242742136737127 0.09242742136737127 0.09242742136737127 0.09242742136737127 0.09242742136737127 0.0
6 0.022624 -10 0.044311313564579305 0.044311313564579305 0.044311313564579305 0.044311313564579305 0.044311313564579305 0.0
6 0.016 -10 0.019186345461661845 0.019186345461661845 0.019186345461661845 0.019186345461661845 0.019186345461661845 0.0
6 0.011312 -10 0.00766652458041111 0.00766652458041111 0.00766652458041111 0.00766652458041111 0.00766652458041111 0.0
6 0.008 -10 0.0035382211027290655 0.0035382211027290655 0.0035382211027290655 0.0035382211027290655 0.0035382211027290655 0.0
6 0.005656 -10 0.0016673989326979432 0.0016673989326979432 0.0016673989326979432 0.0016673989326979432 0.0016673989326979432 0.0
6 0.004 -10 0.0007209661349949968 0.0007209661349949968 0.0007209661349949968 0.0007209661349949968 0.0007209661349949968 0.0
