11 0.181 -10 0.7262164124909223 0.9956427015250545 0.7262164124909223 0.7262164124909223 0.7262164124909223 0.9956427015250545
11 0.128 -10 0.5053057099545225 0.8701364325416877 0.5053057099545225 0.5053057099545225 0.5053057099545225 0.8660939868620515
11 0.090496 -10 0.24137098720733768 0.5319816558049723 0.24137098720733768 0.24137098720733768 0.24137098720733768 0.5261887521119961
11 0.064 -10 0.07782101167315175 0.231284046692607 0.07782101167315175 0.07782101167315175 0.07782101167315175 0.22902723735408562
11 0.045249 -10 0.023666958559155564 0.08652640049227274 0.023666958559155564 0.023666958559155564 0.023666958559155564 0.08579272477693892
11 0.032 -10 0.006233209292468413 0.030580124788850034 0.006233209292468413 0.006233209292468413 0.006233209292468413 0.030474160230878074
11 0.022624 -10 0.0014830326237516573 0.010148392244332591 0.0014830326237516573 0.0014830326237516573 0.0014830326237516573 0.010118731591857558
11 0.016 -10 0.0004565276144423424 0.0035129799931338246 0.0004565276144423424 0.0004565276144423424 0.0004565276144423424 0.003508414716989401
11 0.011312 -10 0.00011046367126011434 0.0010978984286542763 0.00011046367126011434 0.00011046367126011434 0.00011046367126011434 0.0010974565739692358
11 0.008 -10 3.424686855195678e-05 0.0003828799904108768 3.424686855195678e-05 3.424686855195678e-05 3.424686855195678e-05 0.00038277724980522094
11 0.005656 -10 9.943569250148482e-06 0.0001414969904296129 9.943569250148482e-06 9.943569250148482e-06 9.943569250148482e-06 0.00014148704686036277
11 0.004 -10 1.4803669406260867e-06 4.5798112042149244e-05 1.4803669406260867e-06 1.4803669406260867e-06 1.4803669406260867e-06 4.5798112042149244e-05
