9 0.181 -10 0.6830601092896175 0.9904371584699454 0.6830601092896175 0.6830601092896175 0.6830601092896175 0.9890710382513661
9 0.128 -10 0.4612546125461255 0.834409594095941 0.4612546125461255 0.4612546125461255 0.4612546125461255 0.8247232472324724
9 0.090496 -10 0.23820867079561697 0.5152453549309195 0.23820867079561697 0.23820867079561697 0.23820867079561697 0.5047641734159123
9 0.064 -10 0.0854920064973925 0.23040095751047276 0.0854920064973925 0.0854920064973925 0.0854920064973925 0.2245020090621527
9 0.045249 -10 0.025450473378804846 0.09424310292171434 0.025450473378804846 0.025450473378804846 0.025450473378804846 0.09281787641250128
9 0.032 -10 0.006977636674458361 0.032843735826675505 0.006977636674458361 0.006977636674458361 0.006977636674458361 0.03241112235285909
9 0.022624 -10 0.0017795747528170668 0.012311098139988468 0.0017795747528170668 0.0017795747528170668 0.0017795747528170668 0.012197205355808175
9 0.016 -10 0.0005652182759938233 0.0042837893137571866 0.0005652182759938233 0.0005652182759938233 0.0005652182759938233 0.0042623110192694215
9 0.011312 -10 0.00014913199956632415 0.001568421239439031 0.00014913199956632415 0.00014913199956632415 0.00014913199956632415 0.0015626050914559445
9 0.008 -10 3.6798667534968026e-05 0.0005783278589795575 3.6798667534968026e-05 3.6798667534968026e-05 3.6798667534968026e-05 0.0005773710936236484
9 0.005656 -10 2.1563513896207604e-05 0.00019530074535795228 2.1563513896207604e-05 2.1563513896207604e-05 2.1563513896207604e-05 0.00019525761833015986
9 0.004 -10 3.074703462684304e-06 8.375184762005777e-05 3.074703462684304e-06 3.074703462684304e-06 3.074703462684304e-06 8.372724999235629e-05
