5 0.181 -10 0.5913660555884093 0.960969840331165 0.5913660555884093 0.5913660555884093 0.5913660555884093 0.9580130100532229
5 0.128 -10 0.4078303425774878 0.6786296900489397 0.4078303425774878 0.4078303425774878 0.4078303425774878 0.6398858075040783
5 0.090496 -10 0.2188183807439825 0.41859956236323853 0.2188183807439825 0.2188183807439825 0.2188183807439825 0.3967177242888403
5 0.064 -10 0.11418131993605846 0.23761132678693767 0.11418131993605846 0.11418131993605846 0.11418131993605846 0.21808632107787165
5 0.045249 -10 0.05105948429920858 0.10436558590758234 0.05105948429920858 0.05105948429920858 0.05105948429920858 0.0922644881286699
5 0.032 -10 0.023255813953488372 0.04251162790697675 0.023255813953488372 0.023255813953488372 0.023255813953488372 0.03641860465116279
5 0.022624 -10 0.009665664659430306 0.01737886505765569 0.009665664659430306 0.009665664659430306 0.009665664659430306 0.014691810282334065
5 0.016 -10 0.0037371442238698874 0.006513842382205214 0.0037371442238698874 0.0037371442238698874 0.0037371442238698874 0.005209579048074623
5 0.011312 -10 0.0014819447264255937 0.002437799074970102 0.0014819447264255937 0.0014819447264255937 0.0014819447264255937 0.0018628045211169714
5 0.008 -10 0.0005857400415406837 0.0008996967038064903 0.0005857400415406837 0.0005857400415406837 0.0005857400415406837 0.000640799605445508
5 0.005656 -10 0.00023015304026412364 0.00034661047863777017 0.00023015304026412364 0.00023015304026412364 0.00023015304026412364 0.00022232783689514344
5 0.004 -10 9.03720998915354e-05 0.000125074986249885 9.03720998915354e-05 9.03720998915354e-05 9.03720998915354e-05 7.24784241130114e-05
