6 0.181 -10 0.9780907668231612 0.9780907668231612 0.9780907668231612 0.9780907668231612 0.9780907668231612 0.0
6 0.128 -10 0.8146042245375085 0.8146042245375085 0.8146042245375085 0.8146042245375085 0.8146042245375085 0.0
6 0.090496 -10 0.5298069383516647 0.5298069383516647 0.5298069383516647 0.5298069383516647 0.5298069383516647 0.0
6 0.064 -10 0.3062036866923878 0.3062036866923878 0.3062036866923878 0.3062036866923878 0.3062036866923878 0.0
6 0.045249 -10 0.1805728855366536 0.1805728855366536 0.1805728855366536 0.1805728855366536 0.1805728855366536 0.0
6 0.032 -10 0.10906088760293985 0.10906088760293985 0.10906088760293985 0.10906088760293985 0.10906088760293985 0.0
6 0.022624 -10 0.05009585842509642 0.05009585842509642 0.05009585842509642 0.05009585842509642 0.05009585842509642 0.0
6 0.016 -10 0.027979791875116115 0.027979791875116115 0.027979791875116115 0.027979791875116115 0.027979791875116115 0.0
6 0.011312 -10 0.014304571798365045 0.014304571798365045 0.014304571798365045 0.014304571798365045 0.014304571798365045 0.0
6 0.008 -10 0.007308093662574646 0.007308093662574646 0.007308093662574646 0.007308093662574646 0.007308093662574646 0.0
6 0.005656 -10 0.0025791338886690033 0.0025791338886690033 0.0025791338886690033 0.0025791338886690033 0.0025791338886690033 0.0
6 0.004 -10 0.0014741869858772886 0.0014741869858772886 0.0014741869858772886 0.0014741869858772886 0.0014741869858772886 0.0
