9 0.181 -10 0.6906077348066298 0.9896408839779005 0.6906077348066298 0.6906077348066298 0.6906077348066298 0.988950276243094
9 0.128 -10 0.4570383912248629 0.8153564899451554 0.4570383912248629 0.4570383912248629 0.4570383912248629 0.8075868372943327
9 0.090496 -10 0.22857142857142856 0.5058285714285714 0.22857142857142856 0.22857142857142856 0.22857142857142856 0.4966857142857143
9 0.064 -10 0.08058667096462245 0.22660971875251834 0.08058667096462245 0.08058667096462245 0.08058667096462245 0.2214521718107825
9 0.045249 -10 0.02274536563175253 0.08374843625611282 0.02274536563175253 0.02274536563175253 0.02274536563175253 0.08204253383373138
9 0.032 -10 0.005982363990954666 0.02737529762260855 0.005982363990954666 0.005982363990954666 0.005982363990954666 0.026723219947594492
9 0.022624 -10 0.0013605664310165609 0.00860014041045568 0.0013605664310165609 0.0013605664310165609 0.0013605664310165609 0.008443675270888776
9 0.016 -10 0.00033715089289356717 0.0026854068618972628 0.00033715089289356717 0.00033715089289356717 0.00033715089289356717 0.002640902944035312
9 0.011312 -10 6.92851319441803e-05 0.000838904377580135 6.92851319441803e-05 6.92851319441803e-05 6.92851319441803e-05 0.0008303823063510008
9 0.008 -10 1.7581037683477466e-05 0.00027517840182178933 1.7581037683477466e-05 1.7581037683477466e-05 1.7581037683477466e-05 0.0002724533409808503
9 0.005656 -10 4.0873751649204785e-06 8.879005070756756e-05 4.0873751649204785e-06 4.0873751649204785e-06 4.0873751649204785e-06 8.815242018183997e-05
9 0.004 -10 1.0870775950062743e-06 2.9940291121662806e-05 1.0870775950062743e-06 1.0870775950062743e-06 1.0870775950062743e-06 2.9803319344692016e-05
