15 0.181 -10 0.999000999000999 0.999000999000999 0.999000999000999 0.999000999000999 0.999000999000999 0.0
15 0.128 -10 0.8628127696289906 0.8628127696289906 0.8628127696289906 0.8628127696289906 0.8628127696289906 0.0
15 0.090496 -10 0.3721622627465575 0.3721622627465575 0.3721622627465575 0.3721622627465575 0.3721622627465575 0.0
15 0.064 -10 0.08513536523071684 0.08513536523071684 0.08513536523071684 0.08513536523071684 0.08513536523071684 0.0
15 0.045249 -10 0.010724665658548094 0.010724665658548094 0.010724665658548094 0.010724665658548094 0.010724665658548094 0.0
15 0.032 -10 0.001109136847522521 0.001109136847522521 0.001109136847522521 0.001109136847522521 0.001109136847522521 0.0
15 0.022624 -10 9.635181206925922e-05 9.635181206925922e-05 9.635181206925922e-05 9.635181206925922e-05 9.635181206925922e-05 0.0
15 0.016 -10 1.0355468222599239e-05 1.0355468222599239e-05 1.0355468222599239e-05 1.0355468222599239e-05 1.0355468222599239e-05 0.0
15 0.011312 -10 1.1796379369130457e-06 1.1796379369130457e-06 1.1796379369130457e-06 1.1796379369130457e-06 1.1796379369130457e-06 0.0
15 0.008 -10 1.9594046032003136e-07 1.9594046032003136e-07 1.9594046032003136e-07 1.9594046032003136e-07 1.9594046032003136e-07 0.0
