21 0.181 -10 1.0 1.0 1.0 1.0 1.0 0.0
21 0.128 -10 0.9794319294809011 0.9794319294809011 0.9794319294809011 0.9794319294809011 0.9794319294809011 0.0
21 0.090496 -10 0.6807351940095303 0.6807351940095303 0.6807351940095303 0.6807351940095303 0.6807351940095303 0.0
21 0.064 -10 0.2015316404675534 0.2015316404675534 0.2015316404675534 0.2015316404675534 0.2015316404675534 0.0
21 0.045249 -10 0.028940209527116977 0.028940209527116977 0.028940209527116977 0.028940209527116977 0.028940209527116977 0.0
21 0.032 -10 0.0024016408009952398 0.0024016408009952398 0.0024016408009952398 0.0024016408009952398 0.0024016408009952398 0.0
21 0.022624 -10 0.00016672393633879905 0.00016672393633879905 0.00016672393633879905 0.00016672393633879905 0.00016672393633879905 0.0
21 0.016 -10 1.4438849213899235e-05 1.4438849213899235e-05 1.4438849213899235e-05 1.4438849213899235e-05 1.4438849213899235e-05 0.0
21 0.011312 -10 2.0136660507305225e-06 2.0136660507305225e-06 2.0136660507305225e-06 2.0136660507305225e-06 2.0136660507305225e-06 0.0
21 0.008 -10 4.2899913611371463e-07 4.2899913611371463e-07 4.2899913611371463e-07 4.2899913611371463e-07 4.2899913611371463e-07 0.0
