11 0.181 -10 0.9960159362549801 0.9960159362549801 0.9960159362549801 0.9960159362549801 0.9960159362549801 0.0
11 0.128 -10 0.9057971014492754 0.9057971014492754 0.9057971014492754 0.9057971014492754 0.9057971014492754 0.0
11 0.090496 -10 0.5899705014749262 0.5899705014749262 0.5899705014749262 0.5899705014749262 0.5899705014749262 0.0
11 0.064 -10 0.2608242044861763 0.2608242044861763 0.2608242044861763 0.2608242044861763 0.2608242044861763 0.0
11 0.045249 -10 0.09457159069415548 0.09457159069415548 0.09457159069415548 0.09457159069415548 0.09457159069415548 0.0
11 0.032 -10 0.030230659935306388 0.030230659935306388 0.030230659935306388 0.030230659935306388 0.030230659935306388 0.0
11 0.022624 -10 0.008342510094437214 0.008342510094437214 0.008342510094437214 0.008342510094437214 0.008342510094437214 0.0
11 0.016 -10 0.002752644603302623 0.002752644603302623 0.002752644603302623 0.002752644603302623 0.002752644603302623 0.0
11 0.011312 -10 0.0008913124665200755 0.0008913124665200755 0.0008913124665200755 0.0008913124665200755 0.0008913124665200755 0.0
11 0.008 -10 0.0002804197996568783 0.0002804197996568783 0.0002804197996568783 0.0002804197996568783 0.0002804197996568783 0.0
11 0.005656 -10 9.319652332233677e-05 9.319652332233677e-05 9.319652332233677e-05 9.319652332233677e-05 9.319652332233677e-05 0.0
11 0.004 -10 3.067492566545263e-05 3.067492566545263e-05 3.067492566545263e-05 3.067492566545263e-05 3.067492566545263e-05 0.0
