5 0.181 -10 0.5913660555884093 0.9680662329982259 0.5913660555884093 0.5913660555884093 0.5913660555884093 0.9668835008870491
5 0.128 -10 0.4088307440719542 0.678250204415372 0.4088307440719542 0.4088307440719542 0.4088307440719542 0.642681929681112
5 0.090496 -10 0.22805017103762829 0.45153933865450396 0.22805017103762829 0.22805017103762829 0.22805017103762829 0.42234891676168757
5 0.064 -10 0.11176930814798257 0.2365038560411311 0.11176930814798257 0.11176930814798257 0.11176930814798257 0.21951492120263777
5 0.045249 -10 0.051872600892208735 0.1133935055503683 0.051872600892208735 0.051872600892208735 0.051872600892208735 0.10130718954248366
5 0.032 -10 0.022165085557230253 0.04415285043000266 0.022165085557230253 0.022165085557230253 0.022165085557230253 0.038633744126252326
5 0.022624 -10 0.009097691006022672 0.017522152877599666 0.009097691006022672 0.009097691006022672 0.009097691006022672 0.015320511654142178
5 0.016 -10 0.003517002950765476 0.007034005901530952 0.003517002950765476 0.003517002950765476 0.003517002950765476 0.006010558042858198
5 0.011312 -10 0.0014799138690128235 0.002977586704453801 0.0014799138690128235 0.0014799138690128235 0.0014799138690128235 0.002598728753986518
5 0.008 -10 0.0004824536434416699 0.0009673195551005481 0.0004824536434416699 0.0004824536434416699 0.0004824536434416699 0.0008327149885803222
5 0.005656 -10 0.00020393696226921474 0.00038115818248116233 0.00020393696226921474 0.00020393696226921474 0.00020393696226921474 0.00030203064112070704
5 0.004 -10 9.742761858646165e-05 0.00017215460204227773 9.742761858646165e-05 9.742761858646165e-05 9.742761858646165e-05 0.00013620381078387339
