9 0.181 -10 0.6887052341597796 0.9910468319559229 0.6887052341597796 0.6887052341597796 0.6887052341597796 0.9896694214876033
9 0.128 -10 0.4672897196261682 0.8341121495327103 0.4672897196261682 0.4672897196261682 0.4672897196261682 0.8257009345794393
9 0.090496 -10 0.22732439190725165 0.5035235280745624 0.22732439190725165 0.22732439190725165 0.22732439190725165 0.4928392816549216
9 0.064 -10 0.08491847826086957 0.24405570652173914 0.08491847826086957 0.08491847826086957 0.08491847826086957 0.2393851902173913
9 0.045249 -10 0.023897717767953162 0.09353566734376867 0.023897717767953162 0.023897717767953162 0.023897717767953162 0.09217349743099534
9 0.032 -10 0.006233986447313464 0.032017754393401945 0.006233986447313464 0.006233986447313464 0.006233986447313464 0.031600077301431946
9 0.022624 -10 0.001513058450961019 0.010418920493317578 0.001513058450961019 0.001513058450961019 0.001513058450961019 0.010300901934142619
9 0.016 -10 0.0003438270494928723 0.003409389022771322 0.0003438270494928723 0.0003438270494928723 0.0003438270494928723 0.003379476069465442
9 0.011312 -10 8.811497312184918e-05 0.0010881318030817155 8.811497312184918e-05 8.811497312184918e-05 8.811497312184918e-05 0.0010803776854469928
9 0.008 -10 2.1225994329051094e-05 0.0003481912109737542 2.1225994329051094e-05 2.1225994329051094e-05 2.1225994329051094e-05 0.0003467902953480368
9 0.005656 -10 5.917358187389633e-06 0.00011383221945081436 5.917358187389633e-06 5.917358187389633e-06 5.917358187389633e-06 0.00011334107872126102
9 0.004 -10 1.455851087211685e-06 3.651274526726906e-05 1.455851087211685e-06 1.455851087211685e-06 1.455851087211685e-06 3.643267345747242e-05
