4 0.181 -10 1.0 1.0 1.0 1.0 1.0 0.0
4 0.128 -10 1.0 1.0 1.0 1.0 1.0 0.0
4 0.090496 -10 0.9532888465204957 0.9532888465204957 0.9532888465204957 0.9532888465204957 0.9532888465204957 0.0
4 0.064 -10 0.779423226812159 0.779423226812159 0.779423226812159 0.779423226812159 0.779423226812159 0.0
4 0.045249 -10 0.5691519635742743 0.5691519635742743 0.5691519635742743 0.5691519635742743 0.5691519635742743 0.0
4 0.032 -10 0.36101083032490977 0.36101083032490977 0.36101083032490977 0.36101083032490977 0.36101083032490977 0.0
4 0.022624 -10 0.1869857890800299 0.1869857890800299 0.1869857890800299 0.1869857890800299 0.1869857890800299 0.0
4 0.016 -10 0.10475591870940708 0.10475591870940708 0.10475591870940708 0.10475591870940708 0.10475591870940708 0.0
4 0.011312 -10 0.05097359567743909 0.05097359567743909 0.05097359567743909 0.05097359567743909 0.05097359567743909 0.0
4 0.008 -10 0.02660423539427477 0.02660423539427477 0.02660423539427477 0.02660423539427477 0.02660423539427477 0.0
