8 0.181 -10 1.0 1.0 1.0 1.0 1.0 0.0
8 0.128 -10 1.0 1.0 1.0 1.0 1.0 0.0
8 0.090496 -10 1.0 1.0 1.0 1.0 1.0 0.0
8 0.064 -10 0.998003992015968 0.998003992015968 0.998003992015968 0.998003992015968 0.998003992015968 0.0
8 0.045249 -10 0.9090909090909091 0.9090909090909091 0.9090909090909091 0.9090909090909091 0.9090909090909091 0.0
8 0.032 -10 0.6024096385542169 0.6024096385542169 0.6024096385542169 0.6024096385542169 0.6024096385542169 0.0
8 0.022624 -10 0.33112582781456956 0.33112582781456956 0.33112582781456956 0.33112582781456956 0.33112582781456956 0.0
8 0.016 -10 0.17975912277548087 0.17975912277548087 0.17975912277548087 0.17975912277548087 0.17975912277548087 0.0
8 0.011312 -10 0.0874202290410001 0.0874202290410001 0.0874202290410001 0.0874202290410001 0.0874202290410001 0.0
8 0.008 -10 0.05021845025862502 0.05021845025862502 0.05021845025862502 0.05021845025862502 0.05021845025862502 0.0
