7 0.181 -10 1.0 1.0 1.0 1.0 1.0 0.0
7 0.128 -10 1.0 1.0 1.0 1.0 1.0 0.0
7 0.090496 -10 1.0 1.0 1.0 1.0 1.0 0.0
7 0.064 -10 1.0 1.0 1.0 1.0 1.0 0.0
7 0.045249 -10 0.9920634920634921 0.9920634920634921 0.9920634920634921 0.9920634920634921 0.9920634920634921 0.0
7 0.032 -10 0.8888888888888888 0.8888888888888888 0.8888888888888888 0.8888888888888888 0.8888888888888888 0.0
7 0.022624 -10 0.6293266205160478 0.6293266205160478 0.6293266205160478 0.6293266205160478 0.6293266205160478 0.0
7 0.016 -10 0.3965107057890563 0.3965107057890563 0.3965107057890563 0.3965107057890563 0.3965107057890563 0.0
7 0.011312 -10 0.2198768689533861 0.2198768689533861 0.2198768689533861 0.2198768689533861 0.2198768689533861 0.0
7 0.008 -10 0.12055455093429777 0.12055455093429777 0.12055455093429777 0.12055455093429777 0.12055455093429777 0.0
