4 0.181 -10 1.0 1.0 1.0 1.0 1.0 0.0
4 0.128 -10 0.999000999000999 0.999000999000999 0.999000999000999 0.999000999000999 0.999000999000999 0.0
4 0.090496 -10 0.966183574879227 0.966183574879227 0.966183574879227 0.966183574879227 0.966183574879227 0.0
4 0.064 -10 0.8396305625524769 0.8396305625524769 0.8396305625524769 0.8396305625524769 0.8396305625524769 0.0
4 0.045249 -10 0.5941770647653001 0.5941770647653001 0.5941770647653001 0.5941770647653001 0.5941770647653001 0.0
4 0.032 -10 0.37579857196542654 0.37579857196542654 0.37579857196542654 0.37579857196542654 0.37579857196542654 0.0
4 0.022624 -10 0.19069412662090007 0.19069412662090007 0.19069412662090007 0.19069412662090007 0.19069412662090007 0.0
4 0.016 -10 0.09994003597841296 0.09994003597841296 0.09994003597841296 0.09994003597841296 0.09994003597841296 0.0
4 0.011312 -10 0.056060096423365846 0.056060096423365846 0.056060096423365846 0.056060096423365846 0.056060096423365846 0.0
4 0.008 -10 0.03423250718882651 0.03423250718882651 0.03423250718882651 0.03423250718882651 0.03423250718882651 0.0
