3 0.181 -10 0.7199424046076314 0.9992800575953924 0.816414686825054 0.7429805615550756 0.7199424046076314 0.9992800575953924
3 0.128 -10 0.6422607578676943 0.9351316634553629 0.7283236994219653 0.6538214515093128 0.6422607578676943 0.884393063583815
3 0.090496 -10 0.4816955684007707 0.6999036608863198 0.5496146435452793 0.4865125240847784 0.4816955684007707 0.5202312138728323
3 0.064 -10 0.31685678073510776 0.4670468948035488 0.3615335868187579 0.3193916349809886 0.31685678073510776 0.30228136882129275
3 0.045249 -10 0.1967342120794806 0.289396025968916 0.21739130434782608 0.19771788313987804 0.1967342120794806 0.15384615384615385
3 0.032 -10 0.11164452383610583 0.1682482974210115 0.12102266383833873 0.11209110193145026 0.11164452383610583 0.08484983811544043
3 0.022624 -10 0.055595708011341526 0.0898426641463279 0.06015455606827153 0.05565130371935287 0.055595708011341526 0.04375382220492578
3 0.016 -10 0.02763576067431256 0.047948044769932294 0.03001243609230344 0.02763576067431256 0.02763576067431256 0.024236562111372116
3 0.011312 -10 0.013686630898937917 0.024854921712471258 0.014548888645571006 0.013686630898937917 0.013686630898937917 0.012851746414102704
3 0.008 -10 0.007002850160015126 0.01244406473434688 0.007324981267375822 0.007002850160015126 0.007002850160015126 0.006190519541453372
