6 0.128 -10 0.8598452278589854 0.9217540842648323 0.8684436801375752 0.8598452278589854 0.8598452278589854 0.8366294067067928
6 0.10759 -10 0.7032348804500703 0.7623066104078763 0.7116736990154712 0.7032348804500703 0.7032348804500703 0.6090014064697609
6 0.090496 -10 0.5701254275940707 0.6088939566704675 0.5775370581527937 0.5701254275940707 0.5701254275940707 0.41391106043329534
6 0.076096 -10 0.4231908590774439 0.449005501481168 0.42530681337283116 0.4231908590774439 0.4231908590774439 0.25772323317816337
6 0.064 -10 0.29533372711163614 0.3103957471943296 0.2976963969285292 0.29533372711163614 0.29533372711163614 0.14323685764914354
6 0.0538 -10 0.1840264998159735 0.19193963930806035 0.18586676481413322 0.1840264998159735 0.1840264998159735 0.0715863084284137
6 0.045249 -10 0.12178784557301181 0.12544148094020216 0.12215320910973085 0.12178784557301181 0.12178784557301181 0.04031177688466691
6 0.038048 -10 0.06964758322886196 0.07229419139155871 0.07013511631146399 0.06964758322886196 0.06964758322886196 0.015810001392951665
6 0.032 -10 0.04261666311527807 0.04308544640954613 0.04270189644150863 0.04261666311527807 0.04261666311527807 0.006690816109098658
6 0.026899 -10 0.023216987530651642 0.02366045807898993 0.023295247039181927 0.023216987530651642 0.023216987530651642 0.0030782073355245998
6 0.022624 -10 0.013355402899827375 0.013547209218069576 0.013390922588390745 0.013355402899827375 0.013355402899827375 0.0011366300340278617
6 0.019024 -10 0.007840097252442323 0.007901760938697487 0.007857715448515226 0.007840097252442323 0.007840097252442323 0.00046688219593195854
6 0.016 -10 0.004360052124668098 0.00438944573449732 0.004364951059639634 0.004360052124668098 0.004360052124668098 0.0001616648540607272
6 0.013449968 -10 0.0025679719081185422 0.002582398716591118 0.0025679719081185422 0.0025679719081185422 0.0025679719081185422 6.636331897384997e-05
6 0.011312 -10 0.0015086100954831536 0.0015153903655752126 0.0015103051630061684 0.0015086100954831536 0.0015086100954831536 2.712108036823647e-05
6 0.009512 -10 0.0008526978786026486 0.0008536559661066964 0.0008526978786026486 0.0008526978786026486 0.0008526978786026486 6.706612528335438e-06
6 0.008 -10 0.00047734924211421736 0.0004784219370403167 0.00047734924211421736 0.00047734924211421736 0.00047734924211421736 4.827127167447142e-06
