6 0.181 -10 1.0 1.0 1.0 1.0 1.0 0.0
6 0.128 -10 1.0 1.0 1.0 1.0 1.0 0.0
6 0.090496 -10 0.9970089730807578 0.9970089730807578 0.9970089730807578 0.9970089730807578 0.9970089730807578 0.0
6 0.064 -10 0.9784735812133072 0.9784735812133072 0.9784735812133072 0.9784735812133072 0.9784735812133072 0.0
6 0.045249 -10 0.8389261744966443 0.8389261744966443 0.8389261744966443 0.8389261744966443 0.8389261744966443 0.0
6 0.032 -10 0.5807200929152149 0.5807200929152149 0.5807200929152149 0.5807200929152149 0.5807200929152149 0.0
6 0.022624 -10 0.3531073446327684 0.3531073446327684 0.3531073446327684 0.3531073446327684 0.3531073446327684 0.0
6 0.016 -10 0.17105713308244955 0.17105713308244955 0.17105713308244955 0.17105713308244955 0.17105713308244955 0.0
6 0.011312 -10 0.09190331770976932 0.09190331770976932 0.09190331770976932 0.09190331770976932 0.09190331770976932 0.0
6 0.008 -10 0.04367765887748417 0.04367765887748417 0.04367765887748417 0.04367765887748417 0.04367765887748417 0.0
