7 0.362 -10 1.0 1.0 1.0 1.0 1.0 0.0
7 0.256 -10 1.0 1.0 1.0 1.0 1.0 0.0
7 0.181 -10 0.9689922480620154 0.9689922480620154 0.9689922480620154 0.9689922480620154 0.9689922480620154 0.0
7 0.128 -10 0.7518796992481203 0.7518796992481203 0.7518796992481203 0.7518796992481203 0.7518796992481203 0.0
7 0.090496 -10 0.43159257660768235 0.43159257660768235 0.43159257660768235 0.43159257660768235 0.43159257660768235 0.0
7 0.064 -10 0.16355904481517827 0.16355904481517827 0.16355904481517827 0.16355904481517827 0.16355904481517827 0.0
7 0.045249 -10 0.05585344057193923 0.05585344057193923 0.05585344057193923 0.05585344057193923 0.05585344057193923 0.0
7 0.032 -10 0.016198266785453955 0.016198266785453955 0.016198266785453955 0.016198266785453955 0.016198266785453955 0.0
7 0.022624 -10 0.00468959566306193 0.00468959566306193 0.00468959566306193 0.00468959566306193 0.00468959566306193 0.0
7 0.016 -10 0.0014523400102244737 0.0014523400102244737 0.0014523400102244737 0.0014523400102244737 0.0014523400102244737 0.0
7 0.011312 -10 0.00048420334991245605 0.00048420334991245605 0.00048420334991245605 0.00048420334991245605 0.00048420334991245605 0.0
7 0.008 -10 0.00017749870248448484 0.00017749870248448484 0.00017749870248448484 0.00017749870248448484 0.00017749870248448484 0.0
7 0.005656 -10 8.08437631219533e-05 8.08437631219533e-05 8.08437631219533e-05 8.08437631219533e-05 8.08437631219533e-05 0.0
7 0.004 -10 4.0445183368956775e-05 4.0445183368956775e-05 4.0445183368956775e-05 4.0445183368956775e-05 4.0445183368956775e-05 0.0
7 0.002828 -10 1.9059007984733278e-05 1.9059007984733278e-05 1.9059007984733278e-05 1.9059007984733278e-05 1.9059007984733278e-05 0.0
7 0.002 -10 9.905892731286721e-06 9.905892731286721e-06 9.905892731286721e-06 9.905892731286721e-06 9.905892731286721e-06 0.0
