5 0.181 -10 0.7581501137225171 1.0 0.9575435936315391 0.866565579984837 0.7581501137225171 1.0
5 0.128 -10 0.7326007326007326 1.0 0.8967032967032967 0.7985347985347986 0.7326007326007326 1.0
5 0.090496 -10 0.7199424046076314 0.994240460763139 0.8423326133909287 0.7429805615550756 0.7199424046076314 0.994240460763139
5 0.064 -10 0.5202913631633714 0.9464099895941728 0.6123829344432883 0.5317377731529657 0.5202913631633714 0.9250780437044746
5 0.045249 -10 0.2800336040324839 0.7432091851022122 0.33492019042285076 0.28255390646877626 0.2800336040324839 0.7087650518062167
5 0.032 -10 0.1179523472517103 0.4827789573012503 0.14284029252182118 0.11854210898796887 0.1179523472517103 0.4485727765982543
5 0.022624 -10 0.04448200702815711 0.28441795293803657 0.0547573506516614 0.04474889907032605 0.04448200702815711 0.26835994840087185
5 0.016 -10 0.01638618971930457 0.15624231897356908 0.019991151457551575 0.016435348288462485 0.01638618971930457 0.14854080980549592
5 0.011312 -10 0.005121822549335956 0.0825637794952956 0.006443252767064632 0.005126944371885291 0.005121822549335956 0.07983896989904887
5 0.008 -10 0.0017792961104587026 0.04409273691327711 0.002106686594783104 0.0017810754065691612 0.0017792961104587026 0.04307142094587381
