3 0.362 -10 0.9033423667570009 0.9033423667570009 0.9033423667570009 0.9033423667570009 0.9033423667570009 0.0
3 0.256 -10 0.7936507936507936 0.7936507936507936 0.7936507936507936 0.7936507936507936 0.7936507936507936 0.0
3 0.181 -10 0.6184291898577613 0.6184291898577613 0.6184291898577613 0.6184291898577613 0.6184291898577613 0.0
3 0.128 -10 0.40064102564102566 0.40064102564102566 0.40064102564102566 0.40064102564102566 0.40064102564102566 0.0
3 0.090496 -10 0.22983222247759136 0.22983222247759136 0.22983222247759136 0.22983222247759136 0.22983222247759136 0.0
3 0.064 -10 0.12874983906270118 0.12874983906270118 0.12874983906270118 0.12874983906270118 0.12874983906270118 0.0
3 0.045249 -10 0.06251172094767769 0.06251172094767769 0.06251172094767769 0.06251172094767769 0.06251172094767769 0.0
3 0.032 -10 0.03506803198204517 0.03506803198204517 0.03506803198204517 0.03506803198204517 0.03506803198204517 0.0
3 0.022624 -10 0.017119476828788113 0.017119476828788113 0.017119476828788113 0.017119476828788113 0.017119476828788113 0.0
3 0.016 -10 0.009073175157646418 0.009073175157646418 0.009073175157646418 0.009073175157646418 0.009073175157646418 0.0
3 0.011312 -10 0.004705306644834044 0.004705306644834044 0.004705306644834044 0.004705306644834044 0.004705306644834044 0.0
3 0.008 -10 0.0024386080425293243 0.0024386080425293243 0.0024386080425293243 0.0024386080425293243 0.0024386080425293243 0.0
3 0.005656 -10 0.0011778965359240776 0.0011778965359240776 0.0011778965359240776 0.0011778965359240776 0.0011778965359240776 0.0
3 0.004 -10 0.0006299704669845078 0.0006299704669845078 0.0006299704669845078 0.0006299704669845078 0.0006299704669845078 0.0
3 0.002828 -10 0.00031164647820780837 0.00031164647820780837 0.00031164647820780837 0.00031164647820780837 0.00031164647820780837 0.0
3 0.002 -10 0.00015377879873230908 0.00015377879873230908 0.00015377879873230908 0.00015377879873230908 0.00015377879873230908 0.0
