4 0.181 -10 0.9372071227741331 1.0 0.9821930646672915 0.950328022492971 0.9372071227741331 1.0
4 0.128 -10 0.9250693802035153 0.996299722479186 0.9592969472710453 0.9315448658649399 0.9250693802035153 0.9888991674375578
4 0.090496 -10 0.8417508417508418 0.9579124579124579 0.8880471380471381 0.8518518518518519 0.8417508417508418 0.9276094276094277
4 0.064 -10 0.6531678641410843 0.7896799477465709 0.6877857609405618 0.6557805355976486 0.6531678641410843 0.7419986936642717
4 0.045249 -10 0.4662004662004662 0.5827505827505828 0.48624708624708624 0.4671328671328671 0.4662004662004662 0.5188811188811189
4 0.032 -10 0.27196083763937995 0.36116399238509656 0.28392711449551267 0.2725047593146587 0.27196083763937995 0.3078596682077781
4 0.022624 -10 0.1533272002453235 0.2059184299294695 0.16651333946642136 0.15394050904630482 0.1533272002453235 0.1478074210364919
4 0.016 -10 0.0854481756814492 0.11826027514312569 0.09219858156028368 0.08578996838417499 0.0854481756814492 0.07741604716739298
4 0.011312 -10 0.04201680672268908 0.05781512605042017 0.04533613445378151 0.04205882352941177 0.04201680672268908 0.03201680672268908
4 0.008 -10 0.021825483434458073 0.030315596490462265 0.023113186957091098 0.021847308917892532 0.021825483434458073 0.0154087913047274
