12 0.128 -10 0.800640512409928 0.966373098478783 0.9167333867093675 0.8542834267413931 0.800640512409928 0.9655724579663731
12 0.10759 -10 0.5633802816901409 0.8354929577464789 0.7526760563380281 0.6343661971830986 0.5633802816901409 0.8298591549295775
12 0.090496 -10 0.3279763857002296 0.6021646441456215 0.4932764840931453 0.3876680878976714 0.3279763857002296 0.5988848802886192
12 0.076096 -10 0.15446400988569664 0.34244670991658943 0.26413345690454126 0.19246215631757801 0.15446400988569664 0.33951189372876117
12 0.064 -10 0.05812263876780006 0.15815170008718396 0.11775646614356292 0.08003487358326068 0.05812263876780006 0.15559430398140076
12 0.0538 -10 0.019533539086611713 0.06309333124975583 0.045903816853537525 0.02910497323905145 0.019533539086611713 0.06166738289643318
12 0.045249 -10 0.006257234927885367 0.021856521603103588 0.015711916903920157 0.009736257547789631 0.006257234927885367 0.02136845727872853
12 0.038048 -10 0.0017145482851088053 0.006516998031698569 0.004691004108057691 0.0029233048261105127 0.0017145482851088053 0.00631468133405573
12 0.032 -10 0.00044796745964373146 0.0018344267472410803 0.0013604771749380126 0.0008269479305023283 0.00044796745964373146 0.0017761909774873953
12 0.026899 -10 0.00012428936855275085 0.0005167086108372788 0.0003862745993448414 0.00023992037659957972 0.00012428936855275085 0.0004984143329941211
12 0.022624 -10 3.1702483925027873e-05 0.00013799012019069314 0.00010347151136381438 6.45179273921046e-05 3.1702483925027873e-05 0.00013114373270475626
12 0.019024 -10 8.928059104152531e-06 3.8601316216605545e-05 2.923186992078705e-05 1.8427915252054157e-05 8.928059104152531e-06 3.6263970406192585e-05
12 0.016 -10 2.475292031268723e-06 1.040735143933434e-05 8.007152537104106e-06 5.095207866611574e-06 2.475292031268723e-06 9.64807646794517e-06
12 0.013449968 -10 6.722141585728003e-07 2.8731490552931825e-06 2.1979137094908414e-06 1.4539463542164501e-06 6.722141585728003e-07 2.629943483315158e-06
12 0.011312 -10 1.9423180562280948e-07 8.539652307888241e-07 6.608246150852439e-07 4.340753498694023e-07 1.9423180562280948e-07 7.688524170889414e-07
