6 0.181 -10 1.0 1.0 1.0 1.0 1.0 0.0
6 0.128 -10 1.0 1.0 1.0 1.0 1.0 0.0
6 0.090496 -10 1.0 1.0 1.0 1.0 1.0 0.0
6 0.064 -10 0.9671179883945842 0.9671179883945842 0.9671179883945842 0.9671179883945842 0.9671179883945842 0.0
6 0.045249 -10 0.7722007722007722 0.7722007722007722 0.7722007722007722 0.7722007722007722 0.7722007722007722 0.0
6 0.032 -10 0.5296610169491526 0.5296610169491526 0.5296610169491526 0.5296610169491526 0.5296610169491526 0.0
6 0.022624 -10 0.2884338044418806 0.2884338044418806 0.2884338044418806 0.2884338044418806 0.2884338044418806 0.0
6 0.016 -10 0.1555935895441108 0.1555935895441108 0.1555935895441108 0.1555935895441108 0.1555935895441108 0.0
6 0.011312 -10 0.08109642364771713 0.08109642364771713 0.08109642364771713 0.08109642364771713 0.08109642364771713 0.0
6 0.008 -10 0.03946018467366427 0.03946018467366427 0.03946018467366427 0.03946018467366427 0.03946018467366427 0.0
