3 0.362 -10 0.7363770250368189 0.7363770250368189 0.7363770250368189 0.7363770250368189 0.7363770250368189 0.0
3 0.256 -10 0.6734006734006734 0.6734006734006734 0.6734006734006734 0.6734006734006734 0.6734006734006734 0.0
3 0.181 -10 0.5227391531625719 0.5227391531625719 0.5227391531625719 0.5227391531625719 0.5227391531625719 0.0
3 0.128 -10 0.3454231433506045 0.3454231433506045 0.3454231433506045 0.3454231433506045 0.3454231433506045 0.0
3 0.090496 -10 0.2105706464518846 0.2105706464518846 0.2105706464518846 0.2105706464518846 0.2105706464518846 0.0
3 0.064 -10 0.11362345188046813 0.11362345188046813 0.11362345188046813 0.11362345188046813 0.11362345188046813 0.0
3 0.045249 -10 0.06046314771146986 0.06046314771146986 0.06046314771146986 0.06046314771146986 0.06046314771146986 0.0
3 0.032 -10 0.03170275496940684 0.03170275496940684 0.03170275496940684 0.03170275496940684 0.03170275496940684 0.0
3 0.022624 -10 0.017022725338326668 0.017022725338326668 0.017022725338326668 0.017022725338326668 0.017022725338326668 0.0
3 0.016 -10 0.00838208915190022 0.00838208915190022 0.00838208915190022 0.00838208915190022 0.00838208915190022 0.0
3 0.011312 -10 0.004451031971762653 0.004451031971762653 0.004451031971762653 0.004451031971762653 0.004451031971762653 0.0
3 0.008 -10 0.0023302418791070513 0.0023302418791070513 0.0023302418791070513 0.0023302418791070513 0.0023302418791070513 0.0
3 0.005656 -10 0.0011034056615744495 0.0011034056615744495 0.0011034056615744495 0.0011034056615744495 0.0011034056615744495 0.0
3 0.004 -10 0.0005955326712201095 0.0005955326712201095 0.0005955326712201095 0.0005955326712201095 0.0005955326712201095 0.0
3 0.002828 -10 0.00029962609659406027 0.00029962609659406027 0.00029962609659406027 0.00029962609659406027 0.00029962609659406027 0.0
3 0.002 -10 0.00015504154803404216 0.00015504154803404216 0.00015504154803404216 0.00015504154803404216 0.00015504154803404216 0.0
