5 0.362 -10 1.0 1.0 1.0 1.0 1.0 0.0
5 0.256 -10 0.9950248756218906 0.9950248756218906 0.9950248756218906 0.9950248756218906 0.9950248756218906 0.0
5 0.181 -10 0.8748906386701663 0.8748906386701663 0.8748906386701663 0.8748906386701663 0.8748906386701663 0.0
5 0.128 -10 0.589622641509434 0.589622641509434 0.589622641509434 0.589622641509434 0.589622641509434 0.0
5 0.090496 -10 0.3486750348675035 0.3486750348675035 0.3486750348675035 0.3486750348675035 0.3486750348675035 0.0
5 0.064 -10 0.18968133535660092 0.18968133535660092 0.18968133535660092 0.18968133535660092 0.18968133535660092 0.0
5 0.045249 -10 0.09736150326161036 0.09736150326161036 0.09736150326161036 0.09736150326161036 0.09736150326161036 0.0
5 0.032 -10 0.04655926995064717 0.04655926995064717 0.04655926995064717 0.04655926995064717 0.04655926995064717 0.0
5 0.022624 -10 0.027363524421945548 0.027363524421945548 0.027363524421945548 0.027363524421945548 0.027363524421945548 0.0
5 0.016 -10 0.013188088518450136 0.013188088518450136 0.013188088518450136 0.013188088518450136 0.013188088518450136 0.0
5 0.011312 -10 0.007223554566731197 0.007223554566731197 0.007223554566731197 0.007223554566731197 0.007223554566731197 0.0
5 0.008 -10 0.0035268641240327574 0.0035268641240327574 0.0035268641240327574 0.0035268641240327574 0.0035268641240327574 0.0
5 0.005656 -10 0.0017324807218207679 0.0017324807218207679 0.0017324807218207679 0.0017324807218207679 0.0017324807218207679 0.0
5 0.004 -10 0.0009548079833405103 0.0009548079833405103 0.0009548079833405103 0.0009548079833405103 0.0009548079833405103 0.0
5 0.002828 -10 0.00046021022403033705 0.00046021022403033705 0.00046021022403033705 0.00046021022403033705 0.00046021022403033705 0.0
5 0.002 -10 0.00022777834342733061 0.00022777834342733061 0.00022777834342733061 0.00022777834342733061 0.00022777834342733061 0.0
