4 0.181 -10 1.0 1.0 1.0 1.0 1.0 0.0
4 0.128 -10 0.9960159362549801 0.9960159362549801 0.9960159362549801 0.9960159362549801 0.9960159362549801 0.0
4 0.090496 -10 0.9560229445506692 0.9560229445506692 0.9560229445506692 0.9560229445506692 0.9560229445506692 0.0
4 0.064 -10 0.7930214115781126 0.7930214115781126 0.7930214115781126 0.7930214115781126 0.7930214115781126 0.0
4 0.045249 -10 0.6009615384615384 0.6009615384615384 0.6009615384615384 0.6009615384615384 0.6009615384615384 0.0
4 0.032 -10 0.3838771593090211 0.3838771593090211 0.3838771593090211 0.3838771593090211 0.3838771593090211 0.0
4 0.022624 -10 0.21772262138036141 0.21772262138036141 0.21772262138036141 0.21772262138036141 0.21772262138036141 0.0
4 0.016 -10 0.1323276432446738 0.1323276432446738 0.1323276432446738 0.1323276432446738 0.1323276432446738 0.0
4 0.011312 -10 0.06751738572682466 0.06751738572682466 0.06751738572682466 0.06751738572682466 0.06751738572682466 0.0
4 0.008 -10 0.035018910211514216 0.035018910211514216 0.035018910211514216 0.035018910211514216 0.035018910211514216 0.0
