12 0.128 -10 0.9794319294809011 0.9794319294809011 0.9794319294809011 0.9794319294809011 0.9794319294809011 0.0
12 0.10759 -10 0.8539709649871904 0.8539709649871904 0.8539709649871904 0.8539709649871904 0.8539709649871904 0.0
12 0.090496 -10 0.6086427267194157 0.6086427267194157 0.6086427267194157 0.6086427267194157 0.6086427267194157 0.0
12 0.076096 -10 0.3437607425232039 0.3437607425232039 0.3437607425232039 0.3437607425232039 0.3437607425232039 0.0
12 0.064 -10 0.1649892756970797 0.1649892756970797 0.1649892756970797 0.1649892756970797 0.1649892756970797 0.0
12 0.0538 -10 0.061353457267317016 0.061353457267317016 0.061353457267317016 0.061353457267317016 0.061353457267317016 0.0
12 0.045249 -10 0.020205693964559214 0.020205693964559214 0.020205693964559214 0.020205693964559214 0.020205693964559214 0.0
12 0.038048 -10 0.006061891916467129 0.006061891916467129 0.006061891916467129 0.006061891916467129 0.006061891916467129 0.0
12 0.032 -10 0.0016648824676221982 0.0016648824676221982 0.0016648824676221982 0.0016648824676221982 0.0016648824676221982 0.0
12 0.026899 -10 0.0003909081029777034 0.0003909081029777034 0.0003909081029777034 0.0003909081029777034 0.0003909081029777034 0.0
12 0.022624 -10 0.00010657897064751201 0.00010657897064751201 0.00010657897064751201 0.00010657897064751201 0.00010657897064751201 0.0
12 0.019024 -10 2.8752555706854697e-05 2.8752555706854697e-05 2.8752555706854697e-05 2.8752555706854697e-05 2.8752555706854697e-05 0.0
12 0.016 -10 7.5776465337817735e-06 7.5776465337817735e-06 7.5776465337817735e-06 7.5776465337817735e-06 7.5776465337817735e-06 0.0
