12 0.128 -10 0.9813542688910697 0.9813542688910697 0.9813542688910697 0.9813542688910697 0.9813542688910697 0.0
12 0.10759 -10 0.831946755407654 0.831946755407654 0.831946755407654 0.831946755407654 0.831946755407654 0.0
12 0.090496 -10 0.5991611743559018 0.5991611743559018 0.5991611743559018 0.5991611743559018 0.5991611743559018 0.0
12 0.076096 -10 0.33921302578018997 0.33921302578018997 0.33921302578018997 0.33921302578018997 0.33921302578018997 0.0
12 0.064 -10 0.15444015444015444 0.15444015444015444 0.15444015444015444 0.15444015444015444 0.15444015444015444 0.0
12 0.0538 -10 0.06210408644888834 0.06210408644888834 0.06210408644888834 0.06210408644888834 0.06210408644888834 0.0
12 0.045249 -10 0.020825090068514546 0.020825090068514546 0.020825090068514546 0.020825090068514546 0.020825090068514546 0.0
12 0.038048 -10 0.006434840802038558 0.006434840802038558 0.006434840802038558 0.006434840802038558 0.006434840802038558 0.0
12 0.032 -10 0.001821629666332094 0.001821629666332094 0.001821629666332094 0.001821629666332094 0.001821629666332094 0.0
12 0.026899 -10 0.0005351966740737886 0.0005351966740737886 0.0005351966740737886 0.0005351966740737886 0.0005351966740737886 0.0
12 0.022624 -10 0.0001390994506823593 0.0001390994506823593 0.0001390994506823593 0.0001390994506823593 0.0001390994506823593 0.0
12 0.019024 -10 3.852036795271794e-05 3.852036795271794e-05 3.852036795271794e-05 3.852036795271794e-05 3.852036795271794e-05 0.0
12 0.016 -10 1.0496854874609767e-05 1.0496854874609767e-05 1.0496854874609767e-05 1.0496854874609767e-05 1.0496854874609767e-05 0.0
