3 0.362 -10 0.9823182711198428 0.9823182711198428 0.9823182711198428 0.9823182711198428 0.9823182711198428 0.0
3 0.256 -10 0.9433962264150944 0.9433962264150944 0.9433962264150944 0.9433962264150944 0.9433962264150944 0.0
3 0.181 -10 0.5208333333333334 0.5208333333333334 0.5208333333333334 0.5208333333333334 0.5208333333333334 0.0
3 0.128 -10 0.36603221083455345 0.36603221083455345 0.36603221083455345 0.36603221083455345 0.36603221083455345 0.0
3 0.090496 -10 0.21968365553602812 0.21968365553602812 0.21968365553602812 0.21968365553602812 0.21968365553602812 0.0
3 0.064 -10 0.12368583797155226 0.12368583797155226 0.12368583797155226 0.12368583797155226 0.12368583797155226 0.0
3 0.045249 -10 0.06660006660006661 0.06660006660006661 0.06660006660006661 0.06660006660006661 0.06660006660006661 0.0
3 0.032 -10 0.03646973012399708 0.03646973012399708 0.03646973012399708 0.03646973012399708 0.03646973012399708 0.0
3 0.022624 -10 0.019934614464556254 0.019934614464556254 0.019934614464556254 0.019934614464556254 0.019934614464556254 0.0
3 0.016 -10 0.009998100360931423 0.009998100360931423 0.009998100360931423 0.009998100360931423 0.009998100360931423 0.0
3 0.011312 -10 0.0051806492389626264 0.0051806492389626264 0.0051806492389626264 0.0051806492389626264 0.0051806492389626264 0.0
3 0.008 -10 0.0026295375958137763 0.0026295375958137763 0.0026295375958137763 0.0026295375958137763 0.0026295375958137763 0.0
3 0.005656 -10 0.0013470861852270446 0.0013470861852270446 0.0013470861852270446 0.0013470861852270446 0.0013470861852270446 0.0
3 0.004 -10 0.0006599915125091491 0.0006599915125091491 0.0006599915125091491 0.0006599915125091491 0.0006599915125091491 0.0
3 0.002828 -10 0.0003633277332418716 0.0003633277332418716 0.0003633277332418716 0.0003633277332418716 0.0003633277332418716 0.0
3 0.002 -10 0.0001797630650896892 0.0001797630650896892 0.0001797630650896892 0.0001797630650896892 0.0001797630650896892 0.0
