4 0.181 -10 1.0 1.0 1.0 1.0 1.0 0.0
4 0.128 -10 0.998003992015968 0.998003992015968 0.998003992015968 0.998003992015968 0.998003992015968 0.0
4 0.090496 -10 0.9699321047526673 0.9699321047526673 0.9699321047526673 0.9699321047526673 0.9699321047526673 0.0
4 0.064 -10 0.9000900090009001 0.9000900090009001 0.9000900090009001 0.9000900090009001 0.9000900090009001 0.0
4 0.045249 -10 0.8 0.8 0.8 0.8 0.8 0.0
4 0.032 -10 0.6830601092896175 0.6830601092896175 0.6830601092896175 0.6830601092896175 0.6830601092896175 0.0
4 0.022624 -10 0.5235602094240838 0.5235602094240838 0.5235602094240838 0.5235602094240838 0.5235602094240838 0.0
4 0.016 -10 0.14744913005013272 0.14744913005013272 0.14744913005013272 0.14744913005013272 0.14744913005013272 0.0
4 0.011312 -10 0.06676458806249165 0.06676458806249165 0.06676458806249165 0.06676458806249165 0.06676458806249165 0.0
4 0.008 -10 0.04298302170642596 0.04298302170642596 0.04298302170642596 0.04298302170642596 0.04298302170642596 0.0
