4 0.181 -10 1.0 1.0 1.0 1.0 1.0 0.0
4 0.128 -10 0.9970089730807578 0.9970089730807578 0.9970089730807578 0.9970089730807578 0.9970089730807578 0.0
4 0.090496 -10 0.9606147934678194 0.9606147934678194 0.9606147934678194 0.9606147934678194 0.9606147934678194 0.0
4 0.064 -10 0.8116883116883117 0.8116883116883117 0.8116883116883117 0.8116883116883117 0.8116883116883117 0.0
4 0.045249 -10 0.5627462014631401 0.5627462014631401 0.5627462014631401 0.5627462014631401 0.5627462014631401 0.0
4 0.032 -10 0.37369207772795215 0.37369207772795215 0.37369207772795215 0.37369207772795215 0.37369207772795215 0.0
4 0.022624 -10 0.205761316872428 0.205761316872428 0.205761316872428 0.205761316872428 0.205761316872428 0.0
4 0.016 -10 0.12032246420406689 0.12032246420406689 0.12032246420406689 0.12032246420406689 0.12032246420406689 0.0
4 0.011312 -10 0.0626330953275711 0.0626330953275711 0.0626330953275711 0.0626330953275711 0.0626330953275711 0.0
4 0.008 -10 0.033470562640157984 0.033470562640157984 0.033470562640157984 0.033470562640157984 0.033470562640157984 0.0
