6 0.181 -10 1.0 1.0 1.0 1.0 1.0 0.0
6 0.128 -10 1.0 1.0 1.0 1.0 1.0 0.0
6 0.090496 -10 1.0 1.0 1.0 1.0 1.0 0.0
6 0.064 -10 0.9606147934678194 0.9606147934678194 0.9606147934678194 0.9606147934678194 0.9606147934678194 0.0
6 0.045249 -10 0.7727975270479135 0.7727975270479135 0.7727975270479135 0.7727975270479135 0.7727975270479135 0.0
6 0.032 -10 0.4750593824228028 0.4750593824228028 0.4750593824228028 0.4750593824228028 0.4750593824228028 0.0
6 0.022624 -10 0.225377507324769 0.225377507324769 0.225377507324769 0.225377507324769 0.225377507324769 0.0
6 0.016 -10 0.10913456291607553 0.10913456291607553 0.10913456291607553 0.10913456291607553 0.10913456291607553 0.0
6 0.011312 -10 0.053530324929072316 0.053530324929072316 0.053530324929072316 0.053530324929072316 0.053530324929072316 0.0
6 0.008 -10 0.027150304083405734 0.027150304083405734 0.027150304083405734 0.027150304083405734 0.027150304083405734 0.0
