8 0.181 -10 0.9970089730807578 1.0 1.0 0.9990029910269193 0.9970089730807578 1.0
8 0.128 -10 0.9940357852882704 1.0 1.0 0.9990059642147118 0.9940357852882704 1.0
8 0.090496 -10 0.9970089730807578 1.0 1.0 1.0 0.9970089730807578 1.0
8 0.064 -10 0.9551098376313276 0.9961795606494747 0.9789875835721108 0.9637058261700095 0.9551098376313276 0.9961795606494747
8 0.045249 -10 0.6397952655150352 0.9193857965451055 0.7210492642354447 0.6519513755598209 0.6397952655150352 0.909149072296865
8 0.032 -10 0.20964360587002095 0.6620545073375262 0.2607966457023061 0.21509433962264152 0.20964360587002095 0.640461215932914
8 0.022624 -10 0.06162188809465122 0.4100936652699039 0.07610303179689426 0.0636554104017747 0.06162188809465122 0.39635198422479667
8 0.016 -10 0.01789356905128297 0.2429230934402176 0.02054181727087285 0.018287227570411194 0.01789356905128297 0.2360877500626275
8 0.011312 -10 0.006363266137242924 0.13716020158827122 0.007012319283241702 0.006407809000203625 0.006363266137242924 0.1336285888821014
8 0.008 -10 0.0024862139436822818 0.0721673321432656 0.002652790277908995 0.002498645013400693 0.0024862139436822818 0.07058610007508366
