6 0.181 -10 1.0 1.0 1.0 1.0 1.0 0.0
6 0.128 -10 1.0 1.0 1.0 1.0 1.0 0.0
6 0.090496 -10 1.0 1.0 1.0 1.0 1.0 0.0
6 0.064 -10 0.9689922480620154 0.9689922480620154 0.9689922480620154 0.9689922480620154 0.9689922480620154 0.0
6 0.045249 -10 0.7776049766718507 0.7776049766718507 0.7776049766718507 0.7776049766718507 0.7776049766718507 0.0
6 0.032 -10 0.42426813746287656 0.42426813746287656 0.42426813746287656 0.42426813746287656 0.42426813746287656 0.0
6 0.022624 -10 0.175284837861525 0.175284837861525 0.175284837861525 0.175284837861525 0.175284837861525 0.0
6 0.016 -10 0.06507451031430989 0.06507451031430989 0.06507451031430989 0.06507451031430989 0.06507451031430989 0.0
6 0.011312 -10 0.02488676521825693 0.02488676521825693 0.02488676521825693 0.02488676521825693 0.02488676521825693 0.0
6 0.008 -10 0.009367505995203838 0.009367505995203838 0.009367505995203838 0.009367505995203838 0.009367505995203838 0.0
