6 0.128 -10 0.9149130832570905 0.9149130832570905 0.9149130832570905 0.9149130832570905 0.9149130832570905 0.0
6 0.10759 -10 0.7923930269413629 0.7923930269413629 0.7923930269413629 0.7923930269413629 0.7923930269413629 0.0
6 0.090496 -10 0.5878894767783657 0.5878894767783657 0.5878894767783657 0.5878894767783657 0.5878894767783657 0.0
6 0.076096 -10 0.4361098996947231 0.4361098996947231 0.4361098996947231 0.4361098996947231 0.4361098996947231 0.0
6 0.064 -10 0.30021014710297206 0.30021014710297206 0.30021014710297206 0.30021014710297206 0.30021014710297206 0.0
6 0.0538 -10 0.18395879323031641 0.18395879323031641 0.18395879323031641 0.18395879323031641 0.18395879323031641 0.0
6 0.045249 -10 0.11896264572924102 0.11896264572924102 0.11896264572924102 0.11896264572924102 0.11896264572924102 0.0
6 0.038048 -10 0.07208765859284891 0.07208765859284891 0.07208765859284891 0.07208765859284891 0.07208765859284891 0.0
6 0.032 -10 0.041990342221289105 0.041990342221289105 0.041990342221289105 0.041990342221289105 0.041990342221289105 0.0
6 0.026899 -10 0.024666387114279372 0.024666387114279372 0.024666387114279372 0.024666387114279372 0.024666387114279372 0.0
6 0.022624 -10 0.012875315445228408 0.012875315445228408 0.012875315445228408 0.012875315445228408 0.012875315445228408 0.0
6 0.019024 -10 0.00747473539436704 0.00747473539436704 0.00747473539436704 0.00747473539436704 0.00747473539436704 0.0
6 0.016 -10 0.004514774599878101 0.004514774599878101 0.004514774599878101 0.004514774599878101 0.004514774599878101 0.0
6 0.013449968 -10 0.0024222928455158513 0.0024222928455158513 0.0024222928455158513 0.0024222928455158513 0.0024222928455158513 0.0
6 0.011312 -10 0.001526885398089561 0.001526885398089561 0.001526885398089561 0.001526885398089561 0.001526885398089561 0.0
6 0.009512 -10 0.0008577057571783539 0.0008577057571783539 0.0008577057571783539 0.0008577057571783539 0.0008577057571783539 0.0
6 0.008 -10 0.00046301741038066513 0.00046301741038066513 0.00046301741038066513 0.00046301741038066513 0.00046301741038066513 0.0
