6 0.181 -10 0.9803921568627451 1.0 1.0 0.9980392156862745 0.9803921568627451 1.0
6 0.128 -10 0.9813542688910697 1.0 1.0 0.9970559371933267 0.9813542688910697 1.0
6 0.090496 -10 0.9775171065493646 1.0 0.9990224828934506 0.9941348973607038 0.9775171065493646 1.0
6 0.064 -10 0.8598452278589854 0.9690455717970765 0.9191745485812554 0.8796216680997421 0.8598452278589854 0.9595872742906277
6 0.045249 -10 0.5614823133071308 0.8180797304884896 0.6625491297024144 0.5833801235261089 0.5614823133071308 0.7961819202695115
6 0.032 -10 0.27555800496004407 0.5387158996968862 0.35161201432901623 0.29236704326260676 0.27555800496004407 0.5095067511711215
6 0.022624 -10 0.11728829462819611 0.2885292047853624 0.15259207131128313 0.12502932207365705 0.11728829462819611 0.25873797794980063
6 0.016 -10 0.04767353165522502 0.15045766590389015 0.06092677345537757 0.05043859649122807 0.04767353165522502 0.13081617086193745
6 0.011312 -10 0.01953010565787161 0.07565962931859462 0.023240825732867215 0.02036990020116009 0.01953010565787161 0.06355096381071422
6 0.008 -10 0.007503845720931978 0.03835215547968334 0.008749484110606685 0.007728961092559937 0.007503845720931978 0.03262672119461224
