5 0.362 -10 1.0 1.0 1.0 1.0 1.0 0.0
5 0.256 -10 0.9940357852882704 0.9940357852882704 0.9940357852882704 0.9940357852882704 0.9940357852882704 0.0
5 0.181 -10 0.9033423667570009 0.9033423667570009 0.9033423667570009 0.9033423667570009 0.9033423667570009 0.0
5 0.128 -10 0.6807351940095303 0.6807351940095303 0.6807351940095303 0.6807351940095303 0.6807351940095303 0.0
5 0.090496 -10 0.40387722132471726 0.40387722132471726 0.40387722132471726 0.40387722132471726 0.40387722132471726 0.0
5 0.064 -10 0.2205071664829107 0.2205071664829107 0.2205071664829107 0.2205071664829107 0.2205071664829107 0.0
5 0.045249 -10 0.10542962572482868 0.10542962572482868 0.10542962572482868 0.10542962572482868 0.10542962572482868 0.0
5 0.032 -10 0.049326690672322794 0.049326690672322794 0.049326690672322794 0.049326690672322794 0.049326690672322794 0.0
5 0.022624 -10 0.02487500310937539 0.02487500310937539 0.02487500310937539 0.02487500310937539 0.02487500310937539 0.0
5 0.016 -10 0.011148893472322872 0.011148893472322872 0.011148893472322872 0.011148893472322872 0.011148893472322872 0.0
5 0.011312 -10 0.005587840858292356 0.005587840858292356 0.005587840858292356 0.005587840858292356 0.005587840858292356 0.0
5 0.008 -10 0.002628459381102954 0.002628459381102954 0.002628459381102954 0.002628459381102954 0.002628459381102954 0.0
5 0.005656 -10 0.0013324148553597055 0.0013324148553597055 0.0013324148553597055 0.0013324148553597055 0.0013324148553597055 0.0
5 0.004 -10 0.0006576727722814602 0.0006576727722814602 0.0006576727722814602 0.0006576727722814602 0.0006576727722814602 0.0
5 0.002828 -10 0.00030726138541700595 0.00030726138541700595 0.00030726138541700595 0.00030726138541700595 0.00030726138541700595 0.0
5 0.002 -10 0.00016887727013270375 0.00016887727013270375 0.00016887727013270375 0.00016887727013270375 0.00016887727013270375 0.0
