4 0.181 -10 0.9372071227741331 1.0 0.9906279287722587 0.9643861293345829 0.9372071227741331 1.0
4 0.128 -10 0.9216589861751152 1.0 0.976036866359447 0.9474654377880184 0.9216589861751152 0.9972350230414746
4 0.090496 -10 0.8375209380234506 0.966499162479062 0.9120603015075377 0.8634840871021775 0.8375209380234506 0.9472361809045227
4 0.064 -10 0.6297229219143576 0.8249370277078085 0.7115869017632241 0.6416876574307305 0.6297229219143576 0.792191435768262
4 0.045249 -10 0.46296296296296297 0.6291666666666667 0.524074074074074 0.47453703703703703 0.46296296296296297 0.5921296296296297
4 0.032 -10 0.27548209366391185 0.3776859504132231 0.3258953168044077 0.28567493112947656 0.27548209366391185 0.34049586776859503
4 0.022624 -10 0.15693659761456372 0.22175141242937854 0.1906779661016949 0.1643126177024482 0.15693659761456372 0.19695543000627747
4 0.016 -10 0.08830022075055188 0.11947019867549669 0.09977924944812362 0.09059602649006622 0.08830022075055188 0.08582781456953642
4 0.011312 -10 0.04627059041273367 0.06348325004627059 0.051406625948547106 0.04724227281140107 0.04627059041273367 0.042754025541365905
4 0.008 -10 0.022324916839684773 0.03096465965664278 0.02531645569620253 0.02292768959435626 0.022324916839684773 0.019802201236800394
