12 0.128 -10 0.9718172983479106 0.9718172983479106 0.9718172983479106 0.9718172983479106 0.9718172983479106 0.0
12 0.10759 -10 0.9041591320072333 0.9041591320072333 0.9041591320072333 0.9041591320072333 0.9041591320072333 0.0
12 0.090496 -10 0.693000693000693 0.693000693000693 0.693000693000693 0.693000693000693 0.693000693000693 0.0
12 0.076096 -10 0.4444444444444444 0.4444444444444444 0.4444444444444444 0.4444444444444444 0.4444444444444444 0.0
12 0.064 -10 0.2370791844476055 0.2370791844476055 0.2370791844476055 0.2370791844476055 0.2370791844476055 0.0
12 0.0538 -10 0.0986971969996052 0.0986971969996052 0.0986971969996052 0.0986971969996052 0.0986971969996052 0.0
12 0.045249 -10 0.03470053438822958 0.03470053438822958 0.03470053438822958 0.03470053438822958 0.03470053438822958 0.0
12 0.038048 -10 0.012269637554906627 0.012269637554906627 0.012269637554906627 0.012269637554906627 0.012269637554906627 0.0
12 0.032 -10 0.003422957777815811 0.003422957777815811 0.003422957777815811 0.003422957777815811 0.003422957777815811 0.0
12 0.026899 -10 0.001057899920551716 0.001057899920551716 0.001057899920551716 0.001057899920551716 0.001057899920551716 0.0
12 0.022624 -10 0.0002860713027000554 0.0002860713027000554 0.0002860713027000554 0.0002860713027000554 0.0002860713027000554 0.0
12 0.019024 -10 7.884597871710497e-05 7.884597871710497e-05 7.884597871710497e-05 7.884597871710497e-05 7.884597871710497e-05 0.0
12 0.016 -10 2.204657665607931e-05 2.204657665607931e-05 2.204657665607931e-05 2.204657665607931e-05 2.204657665607931e-05 0.0
