3 0.181 -10 1.0 1.0 1.0 1.0 1.0 0.0
3 0.128 -10 0.9328358208955224 0.9328358208955224 0.9328358208955224 0.9328358208955224 0.9328358208955224 0.0
3 0.090496 -10 0.7142857142857143 0.7142857142857143 0.7142857142857143 0.7142857142857143 0.7142857142857143 0.0
3 0.064 -10 0.4798464491362764 0.4798464491362764 0.4798464491362764 0.4798464491362764 0.4798464491362764 0.0
3 0.045249 -10 0.27442371020856204 0.27442371020856204 0.27442371020856204 0.27442371020856204 0.27442371020856204 0.0
3 0.032 -10 0.1491869312248247 0.1491869312248247 0.1491869312248247 0.1491869312248247 0.1491869312248247 0.0
3 0.022624 -10 0.07019021548396154 0.07019021548396154 0.07019021548396154 0.07019021548396154 0.07019021548396154 0.0
3 0.016 -10 0.03492107836289984 0.03492107836289984 0.03492107836289984 0.03492107836289984 0.03492107836289984 0.0
3 0.011312 -10 0.017535553334385466 0.017535553334385466 0.017535553334385466 0.017535553334385466 0.017535553334385466 0.0
3 0.008 -10 0.00861474844934528 0.00861474844934528 0.00861474844934528 0.00861474844934528 0.00861474844934528 0.0
