3 0.181 -10 0.999000999000999 0.999000999000999 0.999000999000999 0.999000999000999 0.999000999000999 0.0
3 0.128 -10 0.9372071227741331 0.9372071227741331 0.9372071227741331 0.9372071227741331 0.9372071227741331 0.0
3 0.090496 -10 0.7037297677691766 0.7037297677691766 0.7037297677691766 0.7037297677691766 0.7037297677691766 0.0
3 0.064 -10 0.4972650422675286 0.4972650422675286 0.4972650422675286 0.4972650422675286 0.4972650422675286 0.0
3 0.045249 -10 0.3067484662576687 0.3067484662576687 0.3067484662576687 0.3067484662576687 0.3067484662576687 0.0
3 0.032 -10 0.17699115044247787 0.17699115044247787 0.17699115044247787 0.17699115044247787 0.17699115044247787 0.0
3 0.022624 -10 0.09445546424860678 0.09445546424860678 0.09445546424860678 0.09445546424860678 0.09445546424860678 0.0
3 0.016 -10 0.05125839356194577 0.05125839356194577 0.05125839356194577 0.05125839356194577 0.05125839356194577 0.0
3 0.011312 -10 0.02698691134799622 0.02698691134799622 0.02698691134799622 0.02698691134799622 0.02698691134799622 0.0
3 0.008 -10 0.014146272457207525 0.014146272457207525 0.014146272457207525 0.014146272457207525 0.014146272457207525 0.0
