5 0.181 -10 1.0 1.0 1.0 1.0 1.0 0.0
5 0.128 -10 1.0 1.0 1.0 1.0 1.0 0.0
5 0.090496 -10 0.9960159362549801 0.9960159362549801 0.9960159362549801 0.9960159362549801 0.9960159362549801 0.0
5 0.064 -10 0.9433962264150944 0.9433962264150944 0.9433962264150944 0.9433962264150944 0.9433962264150944 0.0
5 0.045249 -10 0.75642965204236 0.75642965204236 0.75642965204236 0.75642965204236 0.75642965204236 0.0
5 0.032 -10 0.5170630816959669 0.5170630816959669 0.5170630816959669 0.5170630816959669 0.5170630816959669 0.0
5 0.022624 -10 0.3181673560292714 0.3181673560292714 0.3181673560292714 0.3181673560292714 0.3181673560292714 0.0
5 0.016 -10 0.19238168526356292 0.19238168526356292 0.19238168526356292 0.19238168526356292 0.19238168526356292 0.0
5 0.011312 -10 0.10753844499408538 0.10753844499408538 0.10753844499408538 0.10753844499408538 0.10753844499408538 0.0
5 0.008 -10 0.056063239333968715 0.056063239333968715 0.056063239333968715 0.056063239333968715 0.056063239333968715 0.0
