8 0.181 -10 0.9920634920634921 1.0 1.0 0.9990079365079365 0.9920634920634921 1.0
8 0.128 -10 0.9970089730807578 1.0 1.0 1.0 0.9970089730807578 1.0
8 0.090496 -10 0.9950248756218906 1.0 1.0 0.9990049751243781 0.9950248756218906 1.0
8 0.064 -10 0.9689922480620154 0.999031007751938 0.9874031007751938 0.9757751937984496 0.9689922480620154 0.999031007751938
8 0.045249 -10 0.5534034311012729 0.9463198671831765 0.6740453790813503 0.5650249031543996 0.5534034311012729 0.9402324294410626
8 0.032 -10 0.13917884481558804 0.7700765483646486 0.18636047320807236 0.14126652748782184 0.13917884481558804 0.7608907446068197
8 0.022624 -10 0.029214139643587496 0.534560327198364 0.044843704352906806 0.029564709319310545 0.029214139643587496 0.5294186386210926
8 0.016 -10 0.007240343192267314 0.3380226622741918 0.011555587734858633 0.007291025594613185 0.007240343192267314 0.3357636751982044
8 0.011312 -10 0.002179603704454456 0.1959136789748888 0.0032367115011148672 0.0021905017229767285 0.002179603704454456 0.19483259553747936
8 0.008 -10 0.0006676137880940428 0.10612455536921712 0.0009586933997030453 0.0006696166294583249 0.0006676137880940428 0.10571263766196311
