6 0.181 -10 1.0 1.0 1.0 1.0 1.0 0.0
6 0.128 -10 1.0 1.0 1.0 1.0 1.0 0.0
6 0.090496 -10 1.0 1.0 1.0 1.0 1.0 0.0
6 0.064 -10 0.9578544061302682 0.9578544061302682 0.9578544061302682 0.9578544061302682 0.9578544061302682 0.0
6 0.045249 -10 0.6779661016949152 0.6779661016949152 0.6779661016949152 0.6779661016949152 0.6779661016949152 0.0
6 0.032 -10 0.3342245989304813 0.3342245989304813 0.3342245989304813 0.3342245989304813 0.3342245989304813 0.0
6 0.022624 -10 0.1179245283018868 0.1179245283018868 0.1179245283018868 0.1179245283018868 0.1179245283018868 0.0
6 0.016 -10 0.04079301623562046 0.04079301623562046 0.04079301623562046 0.04079301623562046 0.04079301623562046 0.0
6 0.011312 -10 0.012984989352308731 0.012984989352308731 0.012984989352308731 0.012984989352308731 0.012984989352308731 0.0
6 0.008 -10 0.004240918073944648 0.004240918073944648 0.004240918073944648 0.004240918073944648 0.004240918073944648 0.0
