8 0.181 -10 1.0 1.0 1.0 1.0 1.0 0.0
8 0.128 -10 1.0 1.0 1.0 1.0 1.0 0.0
8 0.090496 -10 1.0 1.0 1.0 1.0 1.0 0.0
8 0.064 -10 1.0 1.0 1.0 1.0 1.0 0.0
8 0.045249 -10 0.9199632014719411 0.9199632014719411 0.9199632014719411 0.9199632014719411 0.9199632014719411 0.0
8 0.032 -10 0.7418397626112759 0.7418397626112759 0.7418397626112759 0.7418397626112759 0.7418397626112759 0.0
8 0.022624 -10 0.4484304932735426 0.4484304932735426 0.4484304932735426 0.4484304932735426 0.4484304932735426 0.0
8 0.016 -10 0.26525198938992045 0.26525198938992045 0.26525198938992045 0.26525198938992045 0.26525198938992045 0.0
8 0.011312 -10 0.14692918013517484 0.14692918013517484 0.14692918013517484 0.14692918013517484 0.14692918013517484 0.0
8 0.008 -10 0.0713165026387106 0.0713165026387106 0.0713165026387106 0.0713165026387106 0.0713165026387106 0.0
