7 0.181 -10 0.7347538574577517 1.0 0.9985304922850845 0.9441587068332109 0.7347538574577517 1.0
7 0.128 -10 0.7396449704142012 1.0 0.9918639053254438 0.9045857988165681 0.7396449704142012 1.0
7 0.090496 -10 0.7407407407407407 1.0 0.9666666666666667 0.8548148148148148 0.7407407407407407 1.0
7 0.064 -10 0.6958942240779401 1.0 0.8970076548364648 0.7348643006263048 0.6958942240779401 1.0
7 0.045249 -10 0.3938558487593541 0.982276486805829 0.5592753052382828 0.4021268215833005 0.3938558487593541 0.9807010634107917
7 0.032 -10 0.13374348000534975 0.879898354955196 0.21519325932860772 0.13628460612545137 0.13374348000534975 0.8768222549150729
7 0.022624 -10 0.032490740139060365 0.6515368120085776 0.05776853596724933 0.03268568457989473 0.032490740139060365 0.6490675157580089
7 0.016 -10 0.007096174452352736 0.4200225658347585 0.014100098636824888 0.0071316553246145 0.007096174452352736 0.4191142555048573
7 0.011312 -10 0.001483849045068947 0.24512592684920978 0.0034944645011373704 0.0014927521393393608 0.001483849045068947 0.2448321247382861
7 0.008 -10 0.00031109114597267627 0.136396668587136 0.0008430570055859526 0.00031451314857837567 0.00031109114597267627 0.13632542871470826
