6 0.128 -10 0.9009009009009009 0.9009009009009009 0.9009009009009009 0.9009009009009009 0.9009009009009009 0.0
6 0.10759 -10 0.774593338497289 0.774593338497289 0.774593338497289 0.774593338497289 0.774593338497289 0.0
6 0.090496 -10 0.60790273556231 0.60790273556231 0.60790273556231 0.60790273556231 0.60790273556231 0.0
6 0.076096 -10 0.45045045045045046 0.45045045045045046 0.45045045045045046 0.45045045045045046 0.45045045045045046 0.0
6 0.064 -10 0.29994001199760045 0.29994001199760045 0.29994001199760045 0.29994001199760045 0.29994001199760045 0.0
6 0.0538 -10 0.18587360594795538 0.18587360594795538 0.18587360594795538 0.18587360594795538 0.18587360594795538 0.0
6 0.045249 -10 0.1187789523696401 0.1187789523696401 0.1187789523696401 0.1187789523696401 0.1187789523696401 0.0
6 0.038048 -10 0.07189072609633357 0.07189072609633357 0.07189072609633357 0.07189072609633357 0.07189072609633357 0.0
6 0.032 -10 0.04022040783493545 0.04022040783493545 0.04022040783493545 0.04022040783493545 0.04022040783493545 0.0
6 0.026899 -10 0.024092321777049654 0.024092321777049654 0.024092321777049654 0.024092321777049654 0.024092321777049654 0.0
6 0.022624 -10 0.013718173836698858 0.013718173836698858 0.013718173836698858 0.013718173836698858 0.013718173836698858 0.0
6 0.019024 -10 0.007800798801797304 0.007800798801797304 0.007800798801797304 0.007800798801797304 0.007800798801797304 0.0
6 0.016 -10 0.004506514166227282 0.004506514166227282 0.004506514166227282 0.004506514166227282 0.004506514166227282 0.0
6 0.013449968 -10 0.0025844601579622047 0.0025844601579622047 0.0025844601579622047 0.0025844601579622047 0.0025844601579622047 0.0
6 0.011312 -10 0.001478183489872965 0.001478183489872965 0.001478183489872965 0.001478183489872965 0.001478183489872965 0.0
6 0.009512 -10 0.0008559980209325756 0.0008559980209325756 0.0008559980209325756 0.0008559980209325756 0.0008559980209325756 0.0
6 0.008 -10 0.00048270072989177367 0.00048270072989177367 0.00048270072989177367 0.00048270072989177367 0.00048270072989177367 0.0
