5 0.181 -10 1.0 1.0 1.0 1.0 1.0 0.0
5 0.128 -10 1.0 1.0 1.0 1.0 1.0 0.0
5 0.090496 -10 0.9970089730807578 0.9970089730807578 0.9970089730807578 0.9970089730807578 0.9970089730807578 0.0
5 0.064 -10 0.9328358208955224 0.9328358208955224 0.9328358208955224 0.9328358208955224 0.9328358208955224 0.0
5 0.045249 -10 0.6997900629811057 0.6997900629811057 0.6997900629811057 0.6997900629811057 0.6997900629811057 0.0
5 0.032 -10 0.4050222762251924 0.4050222762251924 0.4050222762251924 0.4050222762251924 0.4050222762251924 0.0
5 0.022624 -10 0.1644195988161789 0.1644195988161789 0.1644195988161789 0.1644195988161789 0.1644195988161789 0.0
5 0.016 -10 0.06321512105695683 0.06321512105695683 0.06321512105695683 0.06321512105695683 0.06321512105695683 0.0
5 0.011312 -10 0.02343676760101247 0.02343676760101247 0.02343676760101247 0.02343676760101247 0.02343676760101247 0.0
5 0.008 -10 0.007779558432263385 0.007779558432263385 0.007779558432263385 0.007779558432263385 0.007779558432263385 0.0
