12 0.128 -10 0.9746588693957114 0.9746588693957114 0.9746588693957114 0.9746588693957114 0.9746588693957114 0.0
12 0.10759 -10 0.8361204013377926 0.8361204013377926 0.8361204013377926 0.8361204013377926 0.8361204013377926 0.0
12 0.090496 -10 0.6157635467980296 0.6157635467980296 0.6157635467980296 0.6157635467980296 0.6157635467980296 0.0
12 0.076096 -10 0.3780718336483932 0.3780718336483932 0.3780718336483932 0.3780718336483932 0.3780718336483932 0.0
12 0.064 -10 0.2025931928687196 0.2025931928687196 0.2025931928687196 0.2025931928687196 0.2025931928687196 0.0
12 0.0538 -10 0.0998003992015968 0.0998003992015968 0.0998003992015968 0.0998003992015968 0.0998003992015968 0.0
12 0.045249 -10 0.05158627805003869 0.05158627805003869 0.05158627805003869 0.05158627805003869 0.05158627805003869 0.0
12 0.038048 -10 0.02457002457002457 0.02457002457002457 0.02457002457002457 0.02457002457002457 0.02457002457002457 0.0
12 0.032 -10 0.013292569453675395 0.013292569453675395 0.013292569453675395 0.013292569453675395 0.013292569453675395 0.0
12 0.026899 -10 0.007509706295386788 0.007509706295386788 0.007509706295386788 0.007509706295386788 0.007509706295386788 0.0
12 0.022624 -10 0.004502638546188066 0.004502638546188066 0.004502638546188066 0.004502638546188066 0.004502638546188066 0.0
12 0.019024 -10 0.0027293246831936375 0.0027293246831936375 0.0027293246831936375 0.0027293246831936375 0.0027293246831936375 0.0
12 0.016 -10 0.0017078806737930833 0.0017078806737930833 0.0017078806737930833 0.0017078806737930833 0.0017078806737930833 0.0
