7 0.362 -10 1.0 1.0 1.0 1.0 1.0 0.0
7 0.256 -10 1.0 1.0 1.0 1.0 1.0 0.0
7 0.181 -10 0.9881422924901185 0.9881422924901185 0.9881422924901185 0.9881422924901185 0.9881422924901185 0.0
7 0.128 -10 0.8503401360544217 0.8503401360544217 0.8503401360544217 0.8503401360544217 0.8503401360544217 0.0
7 0.090496 -10 0.5773672055427251 0.5773672055427251 0.5773672055427251 0.5773672055427251 0.5773672055427251 0.0
7 0.064 -10 0.3306878306878307 0.3306878306878307 0.3306878306878307 0.3306878306878307 0.3306878306878307 0.0
7 0.045249 -10 0.17238407171177383 0.17238407171177383 0.17238407171177383 0.17238407171177383 0.17238407171177383 0.0
7 0.032 -10 0.08509914049868096 0.08509914049868096 0.08509914049868096 0.08509914049868096 0.08509914049868096 0.0
7 0.022624 -10 0.045240680419833514 0.045240680419833514 0.045240680419833514 0.045240680419833514 0.045240680419833514 0.0
7 0.016 -10 0.023403856955626287 0.023403856955626287 0.023403856955626287 0.023403856955626287 0.023403856955626287 0.0
7 0.011312 -10 0.011093361732339367 0.011093361732339367 0.011093361732339367 0.011093361732339367 0.011093361732339367 0.0
7 0.008 -10 0.005733155987708113 0.005733155987708113 0.005733155987708113 0.005733155987708113 0.005733155987708113 0.0
7 0.005656 -10 0.002746023072085852 0.002746023072085852 0.002746023072085852 0.002746023072085852 0.002746023072085852 0.0
7 0.004 -10 0.0014125271381776423 0.0014125271381776423 0.0014125271381776423 0.0014125271381776423 0.0014125271381776423 0.0
7 0.002828 -10 0.0006922657303541908 0.0006922657303541908 0.0006922657303541908 0.0006922657303541908 0.0006922657303541908 0.0
7 0.002 -10 0.00033639044974057567 0.00033639044974057567 0.00033639044974057567 0.00033639044974057567 0.00033639044974057567 0.0
