7 0.362 -10 1.0 1.0 1.0 1.0 1.0 0.0
7 0.256 -10 1.0 1.0 1.0 1.0 1.0 0.0
7 0.181 -10 0.9950248756218906 0.9950248756218906 0.9950248756218906 0.9950248756218906 0.9950248756218906 0.0
7 0.128 -10 0.8920606601248885 0.8920606601248885 0.8920606601248885 0.8920606601248885 0.8920606601248885 0.0
7 0.090496 -10 0.6150061500615006 0.6150061500615006 0.6150061500615006 0.6150061500615006 0.6150061500615006 0.0
7 0.064 -10 0.34305317324185247 0.34305317324185247 0.34305317324185247 0.34305317324185247 0.34305317324185247 0.0
7 0.045249 -10 0.17247326664367024 0.17247326664367024 0.17247326664367024 0.17247326664367024 0.17247326664367024 0.0
7 0.032 -10 0.09277298450691158 0.09277298450691158 0.09277298450691158 0.09277298450691158 0.09277298450691158 0.0
7 0.022624 -10 0.04484304932735426 0.04484304932735426 0.04484304932735426 0.04484304932735426 0.04484304932735426 0.0
7 0.016 -10 0.022558087074216106 0.022558087074216106 0.022558087074216106 0.022558087074216106 0.022558087074216106 0.0
7 0.011312 -10 0.010562896768809879 0.010562896768809879 0.010562896768809879 0.010562896768809879 0.010562896768809879 0.0
7 0.008 -10 0.005818825062843311 0.005818825062843311 0.005818825062843311 0.005818825062843311 0.005818825062843311 0.0
7 0.005656 -10 0.0029912983132068813 0.0029912983132068813 0.0029912983132068813 0.0029912983132068813 0.0029912983132068813 0.0
7 0.004 -10 0.0014299871158160865 0.0014299871158160865 0.0014299871158160865 0.0014299871158160865 0.0014299871158160865 0.0
7 0.002828 -10 0.0006766719379410633 0.0006766719379410633 0.0006766719379410633 0.0006766719379410633 0.0006766719379410633 0.0
7 0.002 -10 0.00038247075341766304 0.00038247075341766304 0.00038247075341766304 0.00038247075341766304 0.00038247075341766304 0.0
