5 0.362 -10 0.8291873963515755 0.8291873963515755 0.8291873963515755 0.8291873963515755 0.8291873963515755 0.0
5 0.256 -10 0.7604562737642585 0.7604562737642585 0.7604562737642585 0.7604562737642585 0.7604562737642585 0.0
5 0.181 -10 0.6455777921239509 0.6455777921239509 0.6455777921239509 0.6455777921239509 0.6455777921239509 0.0
5 0.128 -10 0.4011231448054553 0.4011231448054553 0.4011231448054553 0.4011231448054553 0.4011231448054553 0.0
5 0.090496 -10 0.23551577955723033 0.23551577955723033 0.23551577955723033 0.23551577955723033 0.23551577955723033 0.0
5 0.064 -10 0.10564124234100992 0.10564124234100992 0.10564124234100992 0.10564124234100992 0.10564124234100992 0.0
5 0.045249 -10 0.04269307945182086 0.04269307945182086 0.04269307945182086 0.04269307945182086 0.04269307945182086 0.0
5 0.032 -10 0.01662565671344018 0.01662565671344018 0.01662565671344018 0.01662565671344018 0.01662565671344018 0.0
5 0.022624 -10 0.006313968392274228 0.006313968392274228 0.006313968392274228 0.006313968392274228 0.006313968392274228 0.0
5 0.016 -10 0.0023379726503959357 0.0023379726503959357 0.0023379726503959357 0.0023379726503959357 0.0023379726503959357 0.0
5 0.011312 -10 0.0008467142407174718 0.0008467142407174718 0.0008467142407174718 0.0008467142407174718 0.0008467142407174718 0.0
5 0.008 -10 0.0003229972073661451 0.0003229972073661451 0.0003229972073661451 0.0003229972073661451 0.0003229972073661451 0.0
5 0.005656 -10 0.00012384129440902377 0.00012384129440902377 0.00012384129440902377 0.00012384129440902377 0.00012384129440902377 0.0
5 0.004 -10 4.4414059306004564e-05 4.4414059306004564e-05 4.4414059306004564e-05 4.4414059306004564e-05 4.4414059306004564e-05 0.0
5 0.002828 -10 1.6461932357590703e-05 1.6461932357590703e-05 1.6461932357590703e-05 1.6461932357590703e-05 1.6461932357590703e-05 0.0
5 0.002 -10 6.366766416493918e-06 6.366766416493918e-06 6.366766416493918e-06 6.366766416493918e-06 6.366766416493918e-06 0.0
