6 0.181 -10 0.9852216748768473 1.0 1.0 0.9990147783251232 0.9852216748768473 1.0
6 0.128 -10 0.9852216748768473 1.0 1.0 0.9990147783251232 0.9852216748768473 1.0
6 0.090496 -10 0.9737098344693281 1.0 0.994157740993184 0.9892891918208374 0.9737098344693281 0.9990262901655307
6 0.064 -10 0.856898029134533 0.9674378748928878 0.9014567266495287 0.8637532133676092 0.856898029134533 0.9511568123393316
6 0.045249 -10 0.5159958720330238 0.7688338493292054 0.5743034055727554 0.5201238390092879 0.5159958720330238 0.6934984520123839
6 0.032 -10 0.21570319240724764 0.4857635893011217 0.24978429680759276 0.21850733390854185 0.21570319240724764 0.4316220880069025
6 0.022624 -10 0.07560864962951762 0.2717374867684863 0.09292303039467716 0.07674277937396039 0.07560864962951762 0.24149402691667926
6 0.016 -10 0.024234786612703875 0.1432518236676926 0.029105978721857353 0.024622543198507138 0.024234786612703875 0.1312313695077915
6 0.011312 -10 0.008017574523355194 0.07206997739043984 0.009348491894232158 0.008177926013822298 0.008017574523355194 0.06691467697192245
6 0.008 -10 0.0025579438224377716 0.03607212378401745 0.0029518671710931886 0.0026039868112416515 0.0025579438224377716 0.03425086778244176
