3 0.181 -10 1.0 1.0 1.0 1.0 1.0 0.0
3 0.128 -10 0.940733772342427 0.940733772342427 0.940733772342427 0.940733772342427 0.940733772342427 0.0
3 0.090496 -10 0.7082152974504249 0.7082152974504249 0.7082152974504249 0.7082152974504249 0.7082152974504249 0.0
3 0.064 -10 0.485201358563804 0.485201358563804 0.485201358563804 0.485201358563804 0.485201358563804 0.0
3 0.045249 -10 0.29239766081871343 0.29239766081871343 0.29239766081871343 0.29239766081871343 0.29239766081871343 0.0
3 0.032 -10 0.16812373907195696 0.16812373907195696 0.16812373907195696 0.16812373907195696 0.16812373907195696 0.0
3 0.022624 -10 0.0924129008409574 0.0924129008409574 0.0924129008409574 0.0924129008409574 0.0924129008409574 0.0
3 0.016 -10 0.04944620253164557 0.04944620253164557 0.04944620253164557 0.04944620253164557 0.04944620253164557 0.0
3 0.011312 -10 0.02822785524755829 0.02822785524755829 0.02822785524755829 0.02822785524755829 0.02822785524755829 0.0
3 0.008 -10 0.013489087328351364 0.013489087328351364 0.013489087328351364 0.013489087328351364 0.013489087328351364 0.0
