3 0.362 -10 0.9737098344693281 0.9737098344693281 0.9737098344693281 0.9737098344693281 0.9737098344693281 0.0
3 0.256 -10 0.8591065292096219 0.8591065292096219 0.8591065292096219 0.8591065292096219 0.8591065292096219 0.0
3 0.181 -10 0.6775067750677507 0.6775067750677507 0.6775067750677507 0.6775067750677507 0.6775067750677507 0.0
3 0.128 -10 0.43878894251864853 0.43878894251864853 0.43878894251864853 0.43878894251864853 0.43878894251864853 0.0
3 0.090496 -10 0.2554278416347382 0.2554278416347382 0.2554278416347382 0.2554278416347382 0.2554278416347382 0.0
3 0.064 -10 0.14011489421325488 0.14011489421325488 0.14011489421325488 0.14011489421325488 0.14011489421325488 0.0
3 0.045249 -10 0.06938180808991883 0.06938180808991883 0.06938180808991883 0.06938180808991883 0.06938180808991883 0.0
3 0.032 -10 0.03519887363604365 0.03519887363604365 0.03519887363604365 0.03519887363604365 0.03519887363604365 0.0
3 0.022624 -10 0.01815145574675089 0.01815145574675089 0.01815145574675089 0.01815145574675089 0.01815145574675089 0.0
3 0.016 -10 0.009896482790016429 0.009896482790016429 0.009896482790016429 0.009896482790016429 0.009896482790016429 0.0
3 0.011312 -10 0.004999525045120714 0.004999525045120714 0.004999525045120714 0.004999525045120714 0.004999525045120714 0.0
3 0.008 -10 0.0025711237096172884 0.0025711237096172884 0.0025711237096172884 0.0025711237096172884 0.0025711237096172884 0.0
3 0.005656 -10 0.0013178755319275116 0.0013178755319275116 0.0013178755319275116 0.0013178755319275116 0.0013178755319275116 0.0
3 0.004 -10 0.0006348355871054734 0.0006348355871054734 0.0006348355871054734 0.0006348355871054734 0.0006348355871054734 0.0
3 0.002828 -10 0.00035317057114391594 0.00035317057114391594 0.00035317057114391594 0.00035317057114391594 0.00035317057114391594 0.0
3 0.002 -10 0.00016785533421591667 0.00016785533421591667 0.00016785533421591667 0.00016785533421591667 0.00016785533421591667 0.0
