8 0.181 -10 1.0 1.0 1.0 1.0 1.0 0.0
8 0.128 -10 1.0 1.0 1.0 1.0 1.0 0.0
8 0.090496 -10 1.0 1.0 1.0 1.0 1.0 0.0
8 0.064 -10 0.998003992015968 0.998003992015968 0.998003992015968 0.998003992015968 0.998003992015968 0.0
8 0.045249 -10 0.9514747859181731 0.9514747859181731 0.9514747859181731 0.9514747859181731 0.9514747859181731 0.0
8 0.032 -10 0.7147962830593281 0.7147962830593281 0.7147962830593281 0.7147962830593281 0.7147962830593281 0.0
8 0.022624 -10 0.44583147570218457 0.44583147570218457 0.44583147570218457 0.44583147570218457 0.44583147570218457 0.0
8 0.016 -10 0.2648305084745763 0.2648305084745763 0.2648305084745763 0.2648305084745763 0.2648305084745763 0.0
8 0.011312 -10 0.1343183344526528 0.1343183344526528 0.1343183344526528 0.1343183344526528 0.1343183344526528 0.0
8 0.008 -10 0.07283851700779372 0.07283851700779372 0.07283851700779372 0.07283851700779372 0.07283851700779372 0.0
