6 0.128 -10 0.916590284142988 0.916590284142988 0.916590284142988 0.916590284142988 0.916590284142988 0.0
6 0.10759 -10 0.7855459544383346 0.7855459544383346 0.7855459544383346 0.7855459544383346 0.7855459544383346 0.0
6 0.090496 -10 0.6297229219143576 0.6297229219143576 0.6297229219143576 0.6297229219143576 0.6297229219143576 0.0
6 0.076096 -10 0.45475216007276037 0.45475216007276037 0.45475216007276037 0.45475216007276037 0.45475216007276037 0.0
6 0.064 -10 0.3186743148502231 0.3186743148502231 0.3186743148502231 0.3186743148502231 0.3186743148502231 0.0
6 0.0538 -10 0.21114864864864866 0.21114864864864866 0.21114864864864866 0.21114864864864866 0.21114864864864866 0.0
6 0.045249 -10 0.13563000135630002 0.13563000135630002 0.13563000135630002 0.13563000135630002 0.13563000135630002 0.0
6 0.038048 -10 0.08557247989046722 0.08557247989046722 0.08557247989046722 0.08557247989046722 0.08557247989046722 0.0
6 0.032 -10 0.054218173931901974 0.054218173931901974 0.054218173931901974 0.054218173931901974 0.054218173931901974 0.0
6 0.026899 -10 0.03342692873378794 0.03342692873378794 0.03342692873378794 0.03342692873378794 0.03342692873378794 0.0
6 0.022624 -10 0.019620923753090297 0.019620923753090297 0.019620923753090297 0.019620923753090297 0.019620923753090297 0.0
6 0.019024 -10 0.01224904763654626 0.01224904763654626 0.01224904763654626 0.01224904763654626 0.01224904763654626 0.0
6 0.016 -10 0.007451509303209365 0.007451509303209365 0.007451509303209365 0.007451509303209365 0.007451509303209365 0.0
6 0.013449968 -10 0.004415225463488293 0.004415225463488293 0.004415225463488293 0.004415225463488293 0.004415225463488293 0.0
6 0.011312 -10 0.002670619183057592 0.002670619183057592 0.002670619183057592 0.002670619183057592 0.002670619183057592 0.0
6 0.009512 -10 0.0015783799823537118 0.0015783799823537118 0.0015783799823537118 0.0015783799823537118 0.0015783799823537118 0.0
6 0.008 -10 0.000908914083987297 0.000908914083987297 0.000908914083987297 0.000908914083987297 0.000908914083987297 0.0
