8 0.181 -10 1.0 1.0 1.0 1.0 1.0 0.0
8 0.128 -10 1.0 1.0 1.0 1.0 1.0 0.0
8 0.090496 -10 1.0 1.0 1.0 1.0 1.0 0.0
8 0.064 -10 0.9960159362549801 0.9960159362549801 0.9960159362549801 0.9960159362549801 0.9960159362549801 0.0
8 0.045249 -10 0.8547008547008547 0.8547008547008547 0.8547008547008547 0.8547008547008547 0.8547008547008547 0.0
8 0.032 -10 0.43956043956043955 0.43956043956043955 0.43956043956043955 0.43956043956043955 0.43956043956043955 0.0
8 0.022624 -10 0.13995801259622112 0.13995801259622112 0.13995801259622112 0.13995801259622112 0.13995801259622112 0.0
8 0.016 -10 0.046072333563695 0.046072333563695 0.046072333563695 0.046072333563695 0.046072333563695 0.0
8 0.011312 -10 0.016169717353340662 0.016169717353340662 0.016169717353340662 0.016169717353340662 0.016169717353340662 0.0
8 0.008 -10 0.005471477189411597 0.005471477189411597 0.005471477189411597 0.005471477189411597 0.005471477189411597 0.0
