6 0.362 -10 0.9881422924901185 1.0 0.9930830039525692 0.9881422924901185 0.9881422924901185 1.0
6 0.256 -10 0.9727626459143969 1.0 0.9824902723735408 0.97568093385214 0.9727626459143969 1.0
6 0.181 -10 0.8857395925597874 0.9849424269264836 0.9158547387068202 0.887511071744907 0.8857395925597874 0.9796279893711249
6 0.128 -10 0.6426735218508998 0.7962724935732648 0.6741645244215938 0.6484575835475579 0.6426735218508998 0.730719794344473
6 0.090496 -10 0.37147102526002973 0.475482912332838 0.399702823179792 0.37555720653789004 0.37147102526002973 0.3696136701337296
6 0.064 -10 0.17123287671232876 0.22705479452054794 0.19332191780821917 0.175 0.17123287671232876 0.15873287671232877
6 0.045249 -10 0.07021978793624044 0.09332209816726353 0.08026121761112281 0.07211572221051893 0.07021978793624044 0.05687802822835475
6 0.032 -10 0.027074590496818735 0.036388249627724384 0.031948016786246106 0.028428320021659674 0.027074590496818735 0.01987274942466495
6 0.022624 -10 0.009395229102661669 0.011988312334996289 0.01087028007177955 0.009648900288433534 0.009395229102661669 0.005392861504927798
6 0.016 -10 0.0032556216446749425 0.004023948352818229 0.0036495518636806105 0.0033207340775684414 0.0032556216446749425 0.0014813078483270987
6 0.011312 -10 0.0011219894218837305 0.001336289401463523 0.0012431642794471735 0.0011388192632119864 0.0011219894218837305 0.00039494027650307313
6 0.008 -10 0.0004059207602083997 0.00047370952716320247 0.0004404240248261137 0.0004124154923717341 0.0004059207602083997 0.00011162820905730992
6 0.005656 -10 0.00014289658231386149 0.00016075865510309416 0.0001501843080118684 0.00014375396180774466 0.00014289658231386149 2.800773013351685e-05
6 0.004 -10 5.00982225751809e-05 5.6410598619653694e-05 5.3104115929691755e-05 5.0849695913808615e-05 5.00982225751809e-05 9.719055179585095e-06
6 0.002828 -10 1.6822403996895527e-05 1.895884930450126e-05 1.7697169004734093e-05 1.7041095248855168e-05 1.6822403996895527e-05 3.0280327194411947e-06
6 0.002 -10 6.123626077993184e-06 6.8339667030403935e-06 6.466549138360802e-06 6.1419969562271634e-06 6.123626077993184e-06 1.132870824428739e-06
