4 0.362 -10 0.9319664492078286 0.9981360671015843 0.9440820130475303 0.9328984156570364 0.9319664492078286 0.9813606710158435
4 0.256 -10 0.8673026886383348 0.9913269731136166 0.8846487424111015 0.8673026886383348 0.8673026886383348 0.9774501300954033
4 0.181 -10 0.7390983000739099 0.9637841832963784 0.7612712490761271 0.7427937915742794 0.7390983000739099 0.9556541019955654
4 0.128 -10 0.514668039114771 0.885229027277406 0.5476067936181163 0.514668039114771 0.514668039114771 0.8826556870818322
4 0.090496 -10 0.3527336860670194 0.582010582010582 0.3869488536155203 0.35873015873015873 0.3527336860670194 0.5534391534391534
4 0.064 -10 0.23185717597959657 0.28054718293531183 0.27011361001623 0.23185717597959657 0.23185717597959657 0.24182703454671922
4 0.045249 -10 0.12431626056688215 0.15900049726504226 0.1504226752859274 0.12431626056688215 0.12431626056688215 0.14532570860268523
4 0.032 -10 0.07557436517533253 0.09204957678355502 0.09023579201934703 0.07557436517533253 0.07557436517533253 0.08071342200725513
4 0.022624 -10 0.03763218304293832 0.04824445866104693 0.04681443570541527 0.03763218304293832 0.03763218304293832 0.04357806796372258
4 0.016 -10 0.019339367215904697 0.025315231685619246 0.02459967509863077 0.019339367215904697 0.019339367215904697 0.023129883190222016
4 0.011312 -10 0.010623041376746162 0.013140702183035003 0.012715780527965157 0.010623041376746162 0.010623041376746162 0.011961544590216179
4 0.008 -10 0.005657900692527045 0.007191191780201874 0.006851717738650251 0.005657900692527045 0.005657900692527045 0.0066932965192594935
4 0.005656 -10 0.002714573459072376 0.003523516349875944 0.003224913269377983 0.0027417191936630995 0.002714573459072376 0.003127188624851377
4 0.004 -10 0.0014244953369145145 0.0017848926571538868 0.0016979984416021015 0.0014244953369145145 0.0014244953369145145 0.0015712183566167096
4 0.002828 -10 0.0007232273877533014 0.0008845070952222875 0.0008505154079978824 0.000731906116406341 0.0007232273877533014 0.0007376919355083673
4 0.002 -10 0.000365374483269137 0.00045014136338757685 0.0004256612730085447 0.000365374483269137 0.000365374483269137 0.0003602592405033691
