4 0.362 -10 0.9991941982272361 0.9991941982272361 0.9991941982272361 0.9991941982272361 0.9991941982272361 0.0
4 0.256 -10 0.9864757358790772 0.9864757358790772 0.9864757358790772 0.9864757358790772 0.9864757358790772 0.0
4 0.181 -10 0.8953068592057761 0.8953068592057761 0.8953068592057761 0.8953068592057761 0.8953068592057761 0.0
4 0.128 -10 0.7206670637284097 0.7206670637284097 0.7206670637284097 0.7206670637284097 0.7206670637284097 0.0
4 0.090496 -10 0.5164113785557987 0.5164113785557987 0.5164113785557987 0.5164113785557987 0.5164113785557987 0.0
4 0.064 -10 0.31133581692389567 0.31133581692389567 0.31133581692389567 0.31133581692389567 0.31133581692389567 0.0
4 0.045249 -10 0.2056789224608664 0.2056789224608664 0.2056789224608664 0.2056789224608664 0.2056789224608664 0.0
4 0.032 -10 0.10920596040008165 0.10920596040008165 0.10920596040008165 0.10920596040008165 0.10920596040008165 0.0
4 0.022624 -10 0.06168169915624091 0.06168169915624091 0.06168169915624091 0.06168169915624091 0.06168169915624091 0.0
4 0.016 -10 0.031015917602996254 0.031015917602996254 0.031015917602996254 0.031015917602996254 0.031015917602996254 0.0
4 0.011312 -10 0.01488450466896019 0.01488450466896019 0.01488450466896019 0.01488450466896019 0.01488450466896019 0.0
4 0.008 -10 0.007326876378150557 0.007326876378150557 0.007326876378150557 0.007326876378150557 0.007326876378150557 0.0
4 0.005656 -10 0.003474273008372998 0.003474273008372998 0.003474273008372998 0.003474273008372998 0.003474273008372998 0.0
4 0.004 -10 0.0018896197518173418 0.0018896197518173418 0.0018896197518173418 0.0018896197518173418 0.0018896197518173418 0.0
4 0.002828 -10 0.001028299839893715 0.001028299839893715 0.001028299839893715 0.001028299839893715 0.001028299839893715 0.0
4 0.002 -10 0.0005826436289375784 0.0005826436289375784 0.0005826436289375784 0.0005826436289375784 0.0005826436289375784 0.0
