8 0.362 -10 0.9970089730807578 1.0 1.0 0.9980059820538385 0.9970089730807578 1.0
8 0.256 -10 0.9950248756218906 1.0 0.9990049751243781 0.9970149253731343 0.9950248756218906 1.0
8 0.181 -10 0.9652509652509652 0.999034749034749 0.9845559845559846 0.974903474903475 0.9652509652509652 0.999034749034749
8 0.128 -10 0.764525993883792 0.8929663608562691 0.827217125382263 0.7805810397553516 0.764525993883792 0.8608562691131498
8 0.090496 -10 0.38284839203675347 0.5156967840735069 0.4444869831546707 0.3947166921898928 0.38284839203675347 0.442572741194487
8 0.064 -10 0.12461059190031153 0.17794392523364486 0.1533956386292835 0.13034267912772585 0.12461059190031153 0.12411214953271028
8 0.045249 -10 0.03440327519179826 0.0455499363539409 0.04093989747823993 0.03619224550177177 0.03440327519179826 0.0217772731964083
8 0.032 -10 0.008869887618523873 0.010280199749869169 0.009659307616572499 0.00904728537089435 0.008869887618523873 0.002536787858897828
8 0.022624 -10 0.0023913319001284145 0.0025348118141361193 0.0024822025123332945 0.0024104625553294417 0.0023913319001284145 0.00023674185811271305
8 0.016 -10 0.0007813922378057881 0.0007938945136106807 0.0007899875524216517 0.0007860805912326228 0.0007813922378057881 2.031619818295049e-05
8 0.011312 -10 0.0002695330609252531 0.0002700721270471036 0.00026980259398617836 0.0002695330609252531 0.0002695330609252531 1.0781322437010124e-06
8 0.008 -10 9.301385059947891e-05 9.338590600187683e-05 9.319987830067787e-05 9.31068644500784e-05 9.301385059947891e-05 6.510969541963525e-07
8 0.005656 -10 3.202435080396172e-05 3.2056375154765684e-05 3.202435080396172e-05 3.202435080396172e-05 3.202435080396172e-05 6.404870160792344e-08
8 0.004 -10 1.1867628378129319e-05 1.1879496006507449e-05 1.1879496006507449e-05 1.1879496006507449e-05 1.1867628378129319e-05 1.1867628378129318e-08
8 0.002828 -10 4.3216288239781396e-06 4.3216288239781396e-06 4.3216288239781396e-06 4.3216288239781396e-06 4.3216288239781396e-06 0.0
8 0.002 -10 1.4626822784050902e-06 1.4626822784050902e-06 1.4626822784050902e-06 1.4626822784050902e-06 1.4626822784050902e-06 0.0
