6 0.362 -10 0.9852216748768473 1.0 0.994088669950739 0.9852216748768473 0.9852216748768473 0.9990147783251232
6 0.256 -10 0.9624639076034649 1.0 0.9759384023099134 0.9653512993262753 0.9624639076034649 0.9990375360923965
6 0.181 -10 0.8857395925597874 0.983170947741364 0.929140832595217 0.8981399468556245 0.8857395925597874 0.975199291408326
6 0.128 -10 0.6578947368421053 0.8394736842105263 0.7467105263157895 0.6730263157894737 0.6578947368421053 0.8164473684210526
6 0.090496 -10 0.38255547054322875 0.5321346595256312 0.4479724560061209 0.4001530221882173 0.38255547054322875 0.48967100229533284
6 0.064 -10 0.20189783969311528 0.2988088027458106 0.23420149404401372 0.20815667272360186 0.20189783969311528 0.2614577024025843
6 0.045249 -10 0.09490367277213628 0.14444338995919143 0.1161620954730948 0.1017367372117301 0.09490367277213628 0.12081237543892949
6 0.032 -10 0.039510075069142635 0.060450414855788226 0.049308573686290005 0.04247333069932833 0.039510075069142635 0.04492295535361517
6 0.022624 -10 0.01686226898691488 0.024011871037366787 0.021094698502630516 0.017806556050182113 0.01686226898691488 0.014164305949008499
6 0.016 -10 0.006967427277477792 0.009357254833652674 0.008514196133077861 0.007399407768681415 0.006967427277477792 0.00388085699355513
6 0.011312 -10 0.002840336182190524 0.0035532605639203457 0.00336011770353139 0.0029624706380247164 0.002840336182190524 0.001073647076868018
6 0.008 -10 0.0012718261261066477 0.0014816774369142446 0.0014104551738522723 0.0013125245621420604 0.0012718261261066477 0.0003065100963917021
6 0.005656 -10 0.0006013088087531321 0.0006686553953334828 0.0006470082782183701 0.000610328440884429 0.0006013088087531321 9.260155654798233e-05
6 0.004 -10 0.0002973164219752514 0.00031812857151351895 0.0003106956609641377 0.00030118153546092964 0.0002973164219752514 2.586652871184687e-05
6 0.002828 -10 0.00016882686264989294 0.00017456697597998929 0.00017304753421614025 0.00016983982382579228 0.00016882686264989294 7.090728231295503e-06
6 0.002 -10 9.57756795667568e-05 9.826584723549248e-05 9.749964179895842e-05 9.654188500329085e-05 9.57756795667568e-05 3.0648217461362175e-06
