6 0.362 -10 0.9852216748768473 1.0 0.993103448275862 0.987192118226601 0.9852216748768473 1.0
6 0.256 -10 0.9652509652509652 1.0 0.9855212355212355 0.972007722007722 0.9652509652509652 1.0
6 0.181 -10 0.8703220191470844 0.979982593559617 0.9286335944299391 0.8816362053959965 0.8703220191470844 0.9738903394255874
6 0.128 -10 0.6631299734748011 0.8454907161803713 0.7553050397877984 0.6803713527851459 0.6631299734748011 0.8236074270557029
6 0.090496 -10 0.39619651347068147 0.5483359746434231 0.4706814580031696 0.41561014263074486 0.39619651347068147 0.5027733755942948
6 0.064 -10 0.2154243860404998 0.3119345109866437 0.25807841447651875 0.22834984920292978 0.2154243860404998 0.2753123653597587
6 0.045249 -10 0.0924129008409574 0.1425006930967563 0.11708714536549303 0.10073006191664356 0.0924129008409574 0.11680990666297016
6 0.032 -10 0.04029495910061651 0.06217512189225128 0.05177902244429222 0.04388121046057138 0.04029495910061651 0.04762864165692872
6 0.022624 -10 0.015372317530590911 0.022305232736887413 0.019907151202115232 0.016771198425874684 0.015372317530590911 0.012912746725696367
6 0.016 -10 0.00692933464528736 0.009209085743586901 0.008509222944412878 0.007455964078329199 0.00692933464528736 0.003894286070651496
6 0.011312 -10 0.0028323556985580477 0.0035857623143744884 0.003330850301504264 0.0030079617518686467 0.0028323556985580477 0.001192421749092938
6 0.008 -10 0.0012855139291861797 0.0015001947553602718 0.0014320625171134042 0.0013202228052742065 0.0012855139291861797 0.0003188074544381726
6 0.005656 -10 0.0006171327150074951 0.000690571508093387 0.0006720575266431621 0.0006381152273177499 0.0006171327150074951 9.688983625617673e-05
6 0.004 -10 0.0003327526799068958 0.0003567108728601923 0.0003487248085424268 0.00033807672278540616 0.0003327526799068958 2.8283977792086143e-05
6 0.002828 -10 0.00017759790661795512 0.00018434662706943742 0.00018257064800325786 0.0001795514835907526 0.00017759790661795512 8.702297424279801e-06
6 0.002 -10 0.00010020686705635114 0.00010120893572691464 0.00010110872885985829 0.00010050748765752018 0.00010020686705635114 1.7035167399579692e-06
