4 0.362 -10 0.9478672985781991 0.9478672985781991 0.9478672985781991 0.9478672985781991 0.9478672985781991 0.0
4 0.256 -10 0.9140767824497258 0.9140767824497258 0.9140767824497258 0.9140767824497258 0.9140767824497258 0.0
4 0.181 -10 0.8116883116883117 0.8116883116883117 0.8116883116883117 0.8116883116883117 0.8116883116883117 0.0
4 0.128 -10 0.625 0.625 0.625 0.625 0.625 0.0
4 0.090496 -10 0.42462845010615713 0.42462845010615713 0.42462845010615713 0.42462845010615713 0.42462845010615713 0.0
4 0.064 -10 0.2462447672986949 0.2462447672986949 0.2462447672986949 0.2462447672986949 0.2462447672986949 0.0
4 0.045249 -10 0.1427959445951735 0.1427959445951735 0.1427959445951735 0.1427959445951735 0.1427959445951735 0.0
4 0.032 -10 0.081953778069169 0.081953778069169 0.081953778069169 0.081953778069169 0.081953778069169 0.0
4 0.022624 -10 0.046208585555196156 0.046208585555196156 0.046208585555196156 0.046208585555196156 0.046208585555196156 0.0
4 0.016 -10 0.022834178197926658 0.022834178197926658 0.022834178197926658 0.022834178197926658 0.022834178197926658 0.0
4 0.011312 -10 0.010936970240503975 0.010936970240503975 0.010936970240503975 0.010936970240503975 0.010936970240503975 0.0
4 0.008 -10 0.0057446502944133275 0.0057446502944133275 0.0057446502944133275 0.0057446502944133275 0.0057446502944133275 0.0
4 0.005656 -10 0.002802337149182418 0.002802337149182418 0.002802337149182418 0.002802337149182418 0.002802337149182418 0.0
4 0.004 -10 0.0015450362620010691 0.0015450362620010691 0.0015450362620010691 0.0015450362620010691 0.0015450362620010691 0.0
4 0.002828 -10 0.0007759902411467273 0.0007759902411467273 0.0007759902411467273 0.0007759902411467273 0.0007759902411467273 0.0
4 0.002 -10 0.00042516844110715565 0.00042516844110715565 0.00042516844110715565 0.00042516844110715565 0.00042516844110715565 0.0
