8 0.362 -10 0.9960159362549801 1.0 0.99800796812749 0.9970119521912351 0.9960159362549801 1.0
8 0.256 -10 0.9900990099009901 1.0 0.999009900990099 0.9910891089108911 0.9900990099009901 1.0
8 0.181 -10 0.946969696969697 0.9981060606060606 0.9810606060606061 0.9602272727272727 0.946969696969697 0.9971590909090909
8 0.128 -10 0.757002271006813 0.8970476911430735 0.8440575321725965 0.7797123391370174 0.757002271006813 0.8735806207418623
8 0.090496 -10 0.4061738424045491 0.5800162469536961 0.5158407798537774 0.4337936636880585 0.4061738424045491 0.5199025182778229
8 0.064 -10 0.17056114617090226 0.26982773324236736 0.2341804536926488 0.19307521746546136 0.17056114617090226 0.22343510148388196
8 0.045249 -10 0.056110425317023906 0.09196498709460217 0.08079901245651443 0.06491976209179666 0.056110425317023906 0.06536864549433284
8 0.032 -10 0.017137373183438442 0.026031669865642995 0.02342678914176035 0.019519468055936386 0.017137373183438442 0.014703866191390184
8 0.022624 -10 0.005261385638521761 0.0072291438673289 0.006776664702416028 0.005871706372590285 0.005261385638521761 0.0030516036703426216
8 0.016 -10 0.0019044571916112469 0.0023101065734244426 0.0022453550289096603 0.0020377691950240343 0.0019044571916112469 0.0006341842448065452
8 0.011312 -10 0.0007117731550483935 0.000815692035685459 0.0008021683457395395 0.0007402440812503292 0.0007117731550483935 0.00014662526993996906
8 0.008 -10 0.0003005830108077627 0.00034086113425600294 0.00033815588715873306 0.0003138086632833043 0.0003005830108077627 5.139969484812743e-05
8 0.005656 -10 0.00013325313271452354 0.0001568389372049942 0.00015217507755998589 0.00014058205501382234 0.00013325313271452354 2.9448942329909704e-05
8 0.004 -10 6.0537671382147685e-05 6.992101044638057e-05 6.8044342633534e-05 6.314079125158004e-05 6.0537671382147685e-05 1.0533554820493697e-05
8 0.002828 -10 2.8911292377847117e-05 3.304560718787925e-05 3.2322824878433076e-05 3.015447795009454e-05 2.8911292377847117e-05 4.481250318566303e-06
8 0.002 -10 1.3654773249927794e-05 1.5307000813169056e-05 1.4951976708670935e-05 1.4159999860175121e-05 1.3654773249927794e-05 1.7614657492406854e-06
