6 0.362 -10 0.983284169124877 1.0 0.992133726647001 0.9862340216322517 0.983284169124877 1.0
6 0.256 -10 0.9699321047526673 1.0 0.988360814742968 0.973811833171678 0.9699321047526673 1.0
6 0.181 -10 0.8857395925597874 0.9875996457041629 0.9300265721877768 0.8928255093002657 0.8857395925597874 0.9743135518157662
6 0.128 -10 0.6635700066357001 0.8447246184472462 0.7465162574651626 0.6821499668214996 0.6635700066357001 0.8195089581950896
6 0.090496 -10 0.4208754208754209 0.571969696969697 0.484006734006734 0.43813131313131315 0.4208754208754209 0.5265151515151515
6 0.064 -10 0.20161290322580644 0.3096774193548387 0.24818548387096775 0.21310483870967742 0.20161290322580644 0.28004032258064515
6 0.045249 -10 0.09417969485778865 0.14550762855528349 0.11894895460538708 0.10114899227726502 0.09417969485778865 0.1254473535505745
6 0.032 -10 0.0396557877622239 0.06503549193004719 0.05301978823809335 0.04211444660348178 0.0396557877622239 0.054011182932148946
6 0.022624 -10 0.015399066816550917 0.02468470410693112 0.021189115939574062 0.0168157809636736 0.015399066816550917 0.01931042978795485
6 0.016 -10 0.005684692827623059 0.00960713087868297 0.008129110743500974 0.0063441171956273345 0.005684692827623059 0.006935325249700132
6 0.011312 -10 0.0021947681117751505 0.003557719109187519 0.003123155023056039 0.0024998408793118964 0.0021947681117751505 0.0022825588362461566
6 0.008 -10 0.0008362686362465587 0.001282836088002221 0.0011440154943852924 0.000932439529414913 0.0008362686362465587 0.0006807226699046988
6 0.005656 -10 0.00031082475172095894 0.00045908815829185637 0.00040749124950617717 0.0003353799071069147 0.00031082475172095894 0.00022006392421843892
6 0.004 -10 0.00011949174425564351 0.0001724265869608936 0.00015474180881105834 0.00013108244344844092 0.00011949174425564351 7.7430650277657e-05
6 0.002828 -10 3.7004911291826654e-05 5.5507366937739974e-05 4.906851237296214e-05 4.044636804196653e-05 3.7004911291826654e-05 2.5829428081695003e-05
6 0.002 -10 1.1934665772728375e-05 1.806908397991076e-05 1.5765693485774183e-05 1.3533910986273976e-05 1.1934665772728375e-05 8.6645673510008e-06
