6 0.362 -10 0.9836065573770492 1.0 0.9868852459016394 0.9836065573770492 0.9836065573770492 1.0
6 0.256 -10 0.9771986970684039 1.0 0.990228013029316 0.9837133550488599 0.9771986970684039 1.0
6 0.181 -10 0.8746355685131195 0.9854227405247813 0.9212827988338192 0.880466472303207 0.8746355685131195 0.9708454810495627
6 0.128 -10 0.6622516556291391 0.8344370860927153 0.7439293598233996 0.6754966887417219 0.6622516556291391 0.8211920529801324
6 0.090496 -10 0.4267425320056899 0.5832147937411095 0.4992887624466572 0.44096728307254623 0.4267425320056899 0.5334281650071123
6 0.064 -10 0.20147750167897918 0.31296171927468097 0.24177300201477503 0.2102081934184016 0.20147750167897918 0.2887844190732035
6 0.045249 -10 0.09151921903599756 0.1503965832824893 0.11714460036607688 0.09975594874923734 0.09151921903599756 0.13148261134838315
6 0.032 -10 0.03648747263439552 0.06166382875212843 0.04925808805643396 0.039284845536365846 0.03648747263439552 0.052785210411092194
6 0.022624 -10 0.01392369813422445 0.02538754293140258 0.020514248584424022 0.01550171725610322 0.01392369813422445 0.01986447600482688
6 0.016 -10 0.0073815264996801334 0.011564391516165543 0.009842035332906845 0.008291914767974017 0.0073815264996801334 0.007725997736331873
6 0.011312 -10 0.0028591851322373124 0.004136287824636645 0.003716940671908506 0.0031165117941386704 0.0028591851322373124 0.0022968787228973076
6 0.008 -10 0.0013168232954819793 0.00190061495647899 0.0015670197216235554 0.0013914432822259581 0.0013168232954819793 0.0008339880871385868
6 0.005656 -10 0.0005588038617072203 0.0012275058162168606 0.0007469344951486511 0.0005904694138706294 0.0005588038617072203 0.0008084029199364453
6 0.004 -10 0.00018419270486373117 0.0005231072818129965 0.00023392473517693858 0.00019463029147267594 0.00018419270486373117 0.00037268323950761606
6 0.002828 -10 8.595028062766625e-05 0.00024639080446597656 9.970232552809285e-05 8.996129372362401e-05 8.595028062766625e-05 0.0001744790696741625
6 0.002 -10 3.9583434490999254e-05 0.00011149334048298123 4.288205403191586e-05 4.103482708900256e-05 3.9583434490999254e-05 7.81113107289052e-05
