8 0.362 -10 0.9970089730807578 1.0 1.0 0.9980059820538385 0.9970089730807578 1.0
8 0.256 -10 0.9950248756218906 1.0 1.0 0.9980099502487563 0.9950248756218906 1.0
8 0.181 -10 0.968054211035818 1.0 0.9883833494675702 0.9757986447241046 0.968054211035818 0.9990319457889641
8 0.128 -10 0.7581501137225171 0.9044730856709629 0.8324488248673237 0.78013646702047 0.7581501137225171 0.8786959818043972
8 0.090496 -10 0.3711952487008166 0.5400890868596881 0.44283593170007424 0.3878990348923534 0.3711952487008166 0.46325167037861914
8 0.064 -10 0.12725884448969205 0.21494018834308984 0.1660727920590481 0.13693051667090864 0.12725884448969205 0.17141766352761517
8 0.045249 -10 0.03280624630929729 0.06370973033265534 0.04576471360146972 0.0363165146643921 0.03280624630929729 0.04802834459681123
8 0.032 -10 0.007613594834937264 0.019277622122061154 0.01188482153733707 0.008702338896333293 0.007613594834937264 0.014549579729565111
8 0.022624 -10 0.0017989332325930724 0.0065697041654299 0.0031427363573400973 0.002129936947390198 0.0017989332325930724 0.005288863703823633
8 0.016 -10 0.0004789336255467027 0.0020062529574151377 0.0008319077075746226 0.0005819043550392438 0.0004789336255467027 0.0016221481897266822
8 0.011312 -10 0.0001122442542727459 0.0006358637004551056 0.0002881310007181387 0.00018217242468466661 0.0001122442542727459 0.0005437111676971811
8 0.008 -10 2.963155063208246e-05 0.00021731779233569276 5.315900183395593e-05 3.3779967720574006e-05 2.963155063208246e-05 0.00019103460692503562
8 0.005656 -10 7.783444220301141e-06 6.158261067102264e-05 1.410360092718567e-05 9.028795295549325e-06 7.783444220301141e-06 5.460086120541251e-05
8 0.004 -10 2.4734743252944545e-06 2.707712343899839e-05 8.667054035831768e-06 2.918699703847456e-06 2.4734743252944545e-06 2.4784212739450434e-05
8 0.002828 -10 7.172675152326784e-07 9.212583965648521e-06 2.927885997179793e-06 7.961669419082729e-07 7.172675152326784e-07 8.544807908966898e-06
8 0.002 -10 1.1974517149320722e-07 3.19671709818266e-06 9.88256900333439e-07 1.3698847618822905e-07 1.1974517149320722e-07 3.0893056793532527e-06
