6 0.362 -10 0.9861932938856016 1.0 0.9940828402366864 0.9891518737672583 0.9861932938856016 1.0
6 0.256 -10 0.9624639076034649 1.0 0.9807507218479307 0.9672762271414822 0.9624639076034649 1.0
6 0.181 -10 0.8896797153024911 0.9848754448398577 0.9297153024911032 0.8959074733096085 0.8896797153024911 0.9741992882562278
6 0.128 -10 0.6662225183211192 0.8527648234510327 0.7421718854097269 0.681545636242505 0.6662225183211192 0.8301132578281146
6 0.090496 -10 0.4187604690117253 0.571608040201005 0.4807370184254606 0.43299832495812396 0.4187604690117253 0.5163316582914573
6 0.064 -10 0.22321428571428573 0.3357142857142857 0.27879464285714284 0.2408482142857143 0.22321428571428573 0.2870535714285714
6 0.045249 -10 0.09559315553006405 0.1539049804034031 0.12780804894369563 0.10457891214989007 0.09559315553006405 0.12474906796673359
6 0.032 -10 0.03880180040353873 0.06995964612758032 0.05983237622225671 0.050946763929846345 0.03880180040353873 0.05967716902064256
6 0.022624 -10 0.0160498186370494 0.03190703945045421 0.02757358841845087 0.023737681764196064 0.0160498186370494 0.026787147305235452
6 0.016 -10 0.009972873783309398 0.014729934577947981 0.013243976384234881 0.01143888622945588 0.009972873783309398 0.009204962501994575
6 0.011312 -10 0.0045787336138570795 0.006378175924102911 0.0056638934803412075 0.00503202824162893 0.0045787336138570795 0.0031455899927198138
6 0.008 -10 0.0020599825725474362 0.0027809764729390387 0.002535838546805894 0.0022021213700532095 0.0020599825725474362 0.0012668892821166733
6 0.005656 -10 0.0010158141953938921 0.0012484356461390934 0.0011722495814845515 0.0010838737464852828 0.0010158141953938921 0.0004246103336746469
6 0.004 -10 0.0004623001187649005 0.000548287940855172 0.0005187007332542184 0.00048264132399055613 0.0004623001187649005 0.00013822773551070525
6 0.002828 -10 0.0002363393492726893 0.00026328203508977586 0.0002533557824203229 0.00024342952975086996 0.0002363393492726893 4.348644026617483e-05
6 0.002 -10 0.00011642827395433147 0.000125393251048815 0.00012201683110413939 0.00011782541324178345 0.00011642827395433147 1.501924734010876e-05
