4 0.362 -10 0.9478672985781991 0.9478672985781991 0.9478672985781991 0.9478672985781991 0.9478672985781991 0.0
4 0.256 -10 0.9174311926605505 0.9174311926605505 0.9174311926605505 0.9174311926605505 0.9174311926605505 0.0
4 0.181 -10 0.7980845969672785 0.7980845969672785 0.7980845969672785 0.7980845969672785 0.7980845969672785 0.0
4 0.128 -10 0.6455777921239509 0.6455777921239509 0.6455777921239509 0.6455777921239509 0.6455777921239509 0.0
4 0.090496 -10 0.42735042735042733 0.42735042735042733 0.42735042735042733 0.42735042735042733 0.42735042735042733 0.0
4 0.064 -10 0.2670940170940171 0.2670940170940171 0.2670940170940171 0.2670940170940171 0.2670940170940171 0.0
4 0.045249 -10 0.1574307304785894 0.1574307304785894 0.1574307304785894 0.1574307304785894 0.1574307304785894 0.0
4 0.032 -10 0.09196247930844216 0.09196247930844216 0.09196247930844216 0.09196247930844216 0.09196247930844216 0.0
4 0.022624 -10 0.053092646668436425 0.053092646668436425 0.053092646668436425 0.053092646668436425 0.053092646668436425 0.0
4 0.016 -10 0.027860585629509934 0.027860585629509934 0.027860585629509934 0.027860585629509934 0.027860585629509934 0.0
4 0.011312 -10 0.01296092281770462 0.01296092281770462 0.01296092281770462 0.01296092281770462 0.01296092281770462 0.0
4 0.008 -10 0.006881696751150964 0.006881696751150964 0.006881696751150964 0.006881696751150964 0.006881696751150964 0.0
4 0.005656 -10 0.0035851802987172223 0.0035851802987172223 0.0035851802987172223 0.0035851802987172223 0.0035851802987172223 0.0
4 0.004 -10 0.0018228915069661799 0.0018228915069661799 0.0018228915069661799 0.0018228915069661799 0.0018228915069661799 0.0
4 0.002828 -10 0.0009036893116146669 0.0009036893116146669 0.0009036893116146669 0.0009036893116146669 0.0009036893116146669 0.0
4 0.002 -10 0.00047904099824479376 0.00047904099824479376 0.00047904099824479376 0.00047904099824479376 0.00047904099824479376 0.0
