8 0.362 -10 0.9970089730807578 1.0 1.0 0.9980059820538385 0.9970089730807578 1.0
8 0.256 -10 0.9910802775024777 1.0 0.998017839444995 0.9940535183349851 0.9910802775024777 1.0
8 0.181 -10 0.9578544061302682 1.0 0.9904214559386973 0.9722222222222222 0.9578544061302682 1.0
8 0.128 -10 0.7473841554559043 0.9103139013452914 0.852017937219731 0.7877428998505231 0.7473841554559043 0.8871449925261584
8 0.090496 -10 0.3995205753096284 0.5729125049940071 0.5121853775469437 0.4362764682381143 0.3995205753096284 0.5305633240111866
8 0.064 -10 0.1669449081803005 0.26176961602671117 0.232220367278798 0.19165275459098496 0.1669449081803005 0.22470784641068448
8 0.045249 -10 0.05928736586233474 0.09474121064801092 0.08590739313452303 0.06978122961996798 0.05928736586233474 0.07221201162032372
8 0.032 -10 0.0170264932234557 0.02582919021998229 0.023734931553497242 0.02007423551045427 0.0170264932234557 0.016055983109718723
8 0.022624 -10 0.005217572785140353 0.007299384326411354 0.006913283940310967 0.005979338411770844 0.005217572785140353 0.003433162892622352
8 0.016 -10 0.0015885901103911268 0.001990503408320082 0.001915839673131699 0.0017569806620925863 0.0015885901103911268 0.0006830937474681845
8 0.011312 -10 0.0005384174296490326 0.0006229489661039307 0.0006121806175109501 0.000578260319443061 0.0005384174296490326 0.00014321903628664268
8 0.008 -10 0.00018446117507302356 0.00020290729258032593 0.00020180052552988778 0.0001923930056011636 0.00018446117507302356 2.951378801168377e-05
8 0.005656 -10 6.504672566491413e-05 7.311251964736348e-05 7.298242619603367e-05 6.868934230214933e-05 6.504672566491413e-05 1.2358877876333685e-05
8 0.004 -10 4.868156923091153e-05 5.121301083091893e-05 5.121301083091893e-05 4.9703882184760675e-05 4.868156923091153e-05 4.040570246165657e-06
8 0.002828 -10 2.302756155025413e-05 2.3994719135364804e-05 2.3994719135364804e-05 2.3326919850407432e-05 2.302756155025413e-05 1.4967915007665185e-06
8 0.002 -10 9.973110400008394e-06 1.0372034816008729e-05 1.0372034816008729e-05 1.0162599497608553e-05 9.973110400008394e-06 5.884135136004952e-07
