7 0.362 -10 0.9937888198757764 1.0 0.9975155279503105 0.9950310559006211 0.9937888198757764 1.0
7 0.256 -10 0.9950248756218906 1.0 0.9975124378109452 0.9975124378109452 0.9950248756218906 1.0
7 0.181 -10 0.922722029988466 0.9988465974625144 0.9665513264129181 0.9331026528258363 0.922722029988466 0.994232987312572
7 0.128 -10 0.7092198581560284 0.8882978723404256 0.825354609929078 0.7393617021276596 0.7092198581560284 0.8475177304964538
7 0.090496 -10 0.4022121669180493 0.5741578682755153 0.5168426344896934 0.4358974358974359 0.4022121669180493 0.5113122171945701
7 0.064 -10 0.1625685836212152 0.26884779516358465 0.2363340784393416 0.1904084535663483 0.1625685836212152 0.22800243852875432
7 0.045249 -10 0.062232594321275765 0.10548424737456243 0.09366005445352003 0.07397899649941657 0.062232594321275765 0.07786853364449631
7 0.032 -10 0.020982505835759436 0.033309728014268104 0.030660686652503474 0.024759356886196134 0.020982505835759436 0.020982505835759436
7 0.022624 -10 0.006996187078042467 0.009978311820058068 0.009348654983034246 0.00814181271207192 0.006996187078042467 0.004923566656172386
7 0.016 -10 0.002312345903823753 0.002948241027375285 0.0028210620026649785 0.0026013891418017222 0.002312345903823753 0.0009769661443655357
7 0.011312 -10 0.0007503761260331741 0.0008798160077738967 0.0008573047239929015 0.0008038404250130378 0.0007503761260331741 0.00019978764355633262
7 0.008 -10 0.00033469176352855486 0.0003614671046108392 0.0003568650928623216 0.0003464059752520543 0.00033469176352855486 5.020376452928323e-05
7 0.005656 -10 0.0001250174047668199 0.00013361235134453874 0.00013126827500516087 0.00012845538339790742 0.0001250174047668199 1.2501740476681988e-05
7 0.004 -10 6.411837791404001e-05 6.636252114103142e-05 6.612207722385376e-05 6.500000561035807e-05 6.411837791404001e-05 3.606658757664751e-06
7 0.002828 -10 2.6378731382839377e-05 2.710414649586746e-05 2.6807385767810514e-05 2.6477651625525024e-05 2.6378731382839377e-05 1.0221758410850259e-06
7 0.002 -10 1.1577533431683515e-05 1.1736724516369163e-05 1.172225259957956e-05 1.1649893015631537e-05 1.1577533431683515e-05 2.6049450221287907e-07
