6 0.362 -10 0.9900990099009901 1.0 0.994059405940594 0.9910891089108911 0.9900990099009901 1.0
6 0.256 -10 0.968054211035818 1.0 0.9835430784123911 0.9748305905130688 0.968054211035818 1.0
6 0.181 -10 0.8888888888888888 0.9955555555555555 0.9466666666666667 0.9004444444444445 0.8888888888888888 0.9955555555555555
6 0.128 -10 0.6476683937823834 0.8840673575129534 0.772020725388601 0.6722797927461139 0.6476683937823834 0.8652849740932642
6 0.090496 -10 0.3965107057890563 0.6415543219666932 0.5019825535289453 0.4115781126090404 0.3965107057890563 0.6300555114988104
6 0.064 -10 0.20529665366454528 0.4064873742557996 0.2980907411209197 0.21864093615274072 0.20529665366454528 0.39622254157257236
6 0.045249 -10 0.09380863039399624 0.20046904315196998 0.14671669793621014 0.10309568480300188 0.09380863039399624 0.1924015009380863
6 0.032 -10 0.03913741145160659 0.09451684865562991 0.06637704982192477 0.044068725294509024 0.03913741145160659 0.09119016868224336
6 0.022624 -10 0.015661461840848226 0.04228594697029021 0.02850386055034377 0.01780708211304443 0.015661461840848226 0.04029694131650248
6 0.016 -10 0.006085501293169025 0.01665601703940362 0.011458998935037273 0.006913129469040012 0.006085501293169025 0.015639738323444393
6 0.011312 -10 0.0021043948181382 0.007150733592033603 0.004526553253815267 0.0024558287527672792 0.0021043948181382 0.006700393100952028
6 0.008 -10 0.0008573226499500181 0.003040923439372714 0.0018783939260404896 0.000990207660692271 0.0008573226499500181 0.0027751534178882087
6 0.005656 -10 0.00028447397916512576 0.00127757264043058 0.0006790393882671552 0.0003598595836438841 0.00028447397916512576 0.0011885322849518954
6 0.004 -10 9.948130447844936e-05 0.00047571959801594486 0.00030361694126822747 0.00011609468232635041 9.948130447844936e-05 0.00043781722100965563
6 0.002828 -10 4.48646447128407e-05 0.00021754866221256457 0.00011503294904372355 6.630994488557856e-05 4.48646447128407e-05 0.00020189090120778316
6 0.002 -10 2.419011670691136e-05 9.787321219616337e-05 6.020920048350238e-05 2.6609128377602496e-05 2.419011670691136e-05 8.384294450615478e-05
