4 0.362 -10 0.9328358208955224 0.9990671641791045 0.9496268656716418 0.933768656716418 0.9328358208955224 0.9841417910447762
4 0.256 -10 0.8620689655172413 0.9896551724137931 0.8887931034482759 0.8620689655172413 0.8620689655172413 0.9775862068965517
4 0.181 -10 0.7299270072992701 0.9664233576642336 0.7547445255474453 0.7306569343065693 0.7299270072992701 0.9598540145985401
4 0.128 -10 0.5353319057815846 0.6134903640256959 0.5674518201284796 0.5353319057815846 0.5353319057815846 0.5240899357601713
4 0.090496 -10 0.3683241252302026 0.43830570902394106 0.3871086556169429 0.3683241252302026 0.3683241252302026 0.38453038674033146
4 0.064 -10 0.2117746717492588 0.265141889030072 0.2312579415501906 0.2117746717492588 0.2117746717492588 0.23464633629817874
4 0.045249 -10 0.1290822253775655 0.16264360397573255 0.1430231057183426 0.12921130760294308 0.1290822253775655 0.14573383245127147
4 0.032 -10 0.06904646827314782 0.08824138645308292 0.08037008906994407 0.06904646827314782 0.06904646827314782 0.08188911137195333
4 0.022624 -10 0.03947420360794221 0.05060592902538191 0.04543480835274148 0.03947420360794221 0.03947420360794221 0.048355899419729204
4 0.016 -10 0.020389022550258942 0.02677078660848999 0.025160053827019534 0.020389022550258942 0.020389022550258942 0.024324103902458916
4 0.011312 -10 0.010295480284155256 0.013198805724287038 0.012951714197467311 0.010295480284155256 0.010295480284155256 0.01206630289302996
4 0.008 -10 0.005466063942015994 0.007045756421258616 0.006690462265027577 0.005466063942015994 0.005466063942015994 0.006559276730419192
4 0.005656 -10 0.00277886616702653 0.0036014105524663827 0.003287398675592385 0.00277886616702653 0.00277886616702653 0.0033735435267702074
4 0.004 -10 0.0013671399705244623 0.0017950547812986188 0.0016843164436861375 0.0013671399705244623 0.0013671399705244623 0.0016515050843935505
4 0.002828 -10 0.0007374772672632367 0.0009277464022171516 0.0008724356071724089 0.0007374772672632367 0.0007374772672632367 0.0008716981299051456
4 0.002 -10 0.00035102560907330994 0.000445100472304957 0.0004082427833522595 0.00035102560907330994 0.00035102560907330994 0.0004198266284516787
