6 0.362 -10 0.9871668311944719 1.0 0.9960513326752222 0.9891411648568608 0.9871668311944719 1.0
6 0.256 -10 0.9794319294809011 1.0 0.9911851126346719 0.9843290891283056 0.9794319294809011 1.0
6 0.181 -10 0.8779631255487269 0.990342405618964 0.9236172080772608 0.8849868305531168 0.8779631255487269 0.9885864793678666
6 0.128 -10 0.6734006734006734 0.8754208754208754 0.7353535353535353 0.6808080808080809 0.6734006734006734 0.8619528619528619
6 0.090496 -10 0.4017677782241864 0.5910004017677782 0.4644435516271595 0.40699075934110085 0.4017677782241864 0.5556448372840498
6 0.064 -10 0.17940437746681018 0.30211697165410833 0.22102619303911014 0.1865805525654826 0.17940437746681018 0.2766415500538213
6 0.045249 -10 0.07675775253300583 0.13754989253914646 0.09640773718145533 0.08074915566472214 0.07675775253300583 0.12158428001228123
6 0.032 -10 0.028172188415596124 0.054625873337840886 0.038680414694613474 0.0305386522425062 0.028172188415596124 0.04665314401622718
6 0.022624 -10 0.010238872904870631 0.020600612284599713 0.014006778133863024 0.010986310626926187 0.010238872904870631 0.017232023098897275
6 0.016 -10 0.003612286107508859 0.0076688834062413076 0.005133058558770089 0.0039554532877222005 0.003612286107508859 0.006447930701903313
6 0.011312 -10 0.0012564471444097525 0.0027151822790694754 0.001751487319307195 0.0013820918588507277 0.0012564471444097525 0.002228937234182901
6 0.008 -10 0.0004172429835376781 0.0009421346568280771 0.0006175196156357636 0.00047106732841403857 0.0004172429835376781 0.0007710650335776291
6 0.005656 -10 0.00015524695910018862 0.00034464824920241876 0.0002319389568956818 0.00017946548471981804 0.00015524695910018862 0.0002805312550940408
6 0.004 -10 5.358420744804408e-05 0.00012243991401878073 7.941179543800133e-05 6.183617539504287e-05 5.358420744804408e-05 9.827343645971285e-05
6 0.002828 -10 1.8928564147834434e-05 4.272176928166232e-05 2.856320329908216e-05 2.1483920307792082e-05 1.8928564147834434e-05 3.4525701005650004e-05
6 0.002 -10 6.6962906995861315e-06 1.5274239085755967e-05 9.93729539818582e-06 7.432882676540606e-06 6.6962906995861315e-06 1.2153767619748829e-05
