4 0.362 -10 0.9959839357429718 0.9959839357429718 0.9959839357429718 0.9959839357429718 0.9959839357429718 0.0
4 0.256 -10 0.971025841816758 0.971025841816758 0.971025841816758 0.971025841816758 0.971025841816758 0.0
4 0.181 -10 0.8850820842255531 0.8850820842255531 0.8850820842255531 0.8850820842255531 0.8850820842255531 0.0
4 0.128 -10 0.6670252824098978 0.6670252824098978 0.6670252824098978 0.6670252824098978 0.6670252824098978 0.0
4 0.090496 -10 0.41977943792244754 0.41977943792244754 0.41977943792244754 0.41977943792244754 0.41977943792244754 0.0
4 0.064 -10 0.25095703955763504 0.25095703955763504 0.25095703955763504 0.25095703955763504 0.25095703955763504 0.0
4 0.045249 -10 0.13872135102533173 0.13872135102533173 0.13872135102533173 0.13872135102533173 0.13872135102533173 0.0
4 0.032 -10 0.07599525901136443 0.07599525901136443 0.07599525901136443 0.07599525901136443 0.07599525901136443 0.0
4 0.022624 -10 0.04356940277035636 0.04356940277035636 0.04356940277035636 0.04356940277035636 0.04356940277035636 0.0
4 0.016 -10 0.024061925408031235 0.024061925408031235 0.024061925408031235 0.024061925408031235 0.024061925408031235 0.0
4 0.011312 -10 0.011707144671592503 0.011707144671592503 0.011707144671592503 0.011707144671592503 0.011707144671592503 0.0
4 0.008 -10 0.006456643032916697 0.006456643032916697 0.006456643032916697 0.006456643032916697 0.006456643032916697 0.0
4 0.005656 -10 0.003320262566363748 0.003320262566363748 0.003320262566363748 0.003320262566363748 0.003320262566363748 0.0
4 0.004 -10 0.0017712438559978746 0.0017712438559978746 0.0017712438559978746 0.0017712438559978746 0.0017712438559978746 0.0
4 0.002828 -10 0.0009234156035075018 0.0009234156035075018 0.0009234156035075018 0.0009234156035075018 0.0009234156035075018 0.0
4 0.002 -10 0.0005083046818927639 0.0005083046818927639 0.0005083046818927639 0.0005083046818927639 0.0005083046818927639 0.0
