4 0.362 -10 0.9345794392523364 0.9990654205607477 0.9467289719626168 0.9345794392523364 0.9345794392523364 0.9822429906542056
4 0.256 -10 0.8547008547008547 0.9914529914529915 0.8692307692307693 0.8547008547008547 0.8547008547008547 0.9837606837606837
4 0.181 -10 0.704721634954193 0.9570119802677942 0.7300916138125441 0.704721634954193 0.704721634954193 0.9478505990133897
4 0.128 -10 0.555247084952804 0.7606885063853415 0.572459744586341 0.5558023320377568 0.555247084952804 0.6996113270405331
4 0.090496 -10 0.35855145213338113 0.4342058085335246 0.3840086052348512 0.35855145213338113 0.35855145213338113 0.36392972391538186
4 0.064 -10 0.2254283137962128 0.2732191163210099 0.2396302975653742 0.2254283137962128 0.2254283137962128 0.2378268710550045
4 0.045249 -10 0.12490632025980515 0.15463402448163877 0.13402448163877093 0.12490632025980515 0.12490632025980515 0.13252560579565326
4 0.032 -10 0.0768403258029814 0.09259259259259259 0.0913631473797449 0.08621484555094514 0.0768403258029814 0.07745504840940526
4 0.022624 -10 0.0382189948404357 0.04681826867953373 0.04639785973628893 0.04395184406650105 0.0382189948404357 0.03428243837187082
4 0.016 -10 0.02243208685704031 0.02611094910159492 0.025931492406738598 0.024966912671885867 0.02243208685704031 0.01668947262163799
4 0.011312 -10 0.013372023053367744 0.015043525935038712 0.014896433681451667 0.014562133105117473 0.013372023053367744 0.007033684126071433
4 0.008 -10 0.007754282302401501 0.008467676274222439 0.008444413427315235 0.008359116321988819 0.007754282302401501 0.0027915416288645406
4 0.005656 -10 0.004761655341863045 0.005028308041007376 0.005009261419639924 0.004975929832246882 0.004761655341863045 0.0011904138354657612
4 0.004 -10 0.003016072651158021 0.0031156030486462357 0.003112586975995078 0.0030944905400881297 0.003016072651158021 0.00044637875237138713
4 0.002828 -10 0.0020045503292473914 0.0020446413358323396 0.0020406322351738445 0.0020245958325398653 0.0020045503292473914 0.00013831397271807
4 0.002 -10 0.0013862088850444697 0.001390367511699603 0.0013889813028145584 0.0013862088850444697 0.0013862088850444697 1.9406924390622574e-05
