4 0.362 -10 0.9302325581395349 1.0 0.9553488372093023 0.9413953488372093 0.9302325581395349 0.9851162790697674
4 0.256 -10 0.8726003490401396 0.9947643979057592 0.8979057591623036 0.8804537521815009 0.8726003490401396 0.9799301919720768
4 0.181 -10 0.7358351729212657 0.8197203826342899 0.7549668874172185 0.7417218543046358 0.7358351729212657 0.6490066225165563
4 0.128 -10 0.5288207297726071 0.6160761501850872 0.5478582760444209 0.5325224748810153 0.5288207297726071 0.5177154944473823
4 0.090496 -10 0.3672420124862284 0.43738523687109804 0.3782592728608153 0.37238340066103565 0.3672420124862284 0.37238340066103565
4 0.064 -10 0.2106593638087213 0.26079629239519697 0.22119233199915736 0.21255529808299978 0.2106593638087213 0.22582683800294923
4 0.045249 -10 0.1319087191663369 0.1548608363012795 0.13758079409048937 0.13204062788550322 0.1319087191663369 0.11753066877720618
4 0.032 -10 0.07123014459719353 0.0869007764085761 0.07472042168245602 0.07179998575397108 0.07123014459719353 0.06332359854690504
4 0.022624 -10 0.040645449741901395 0.04820550339389505 0.04340934032435069 0.040929967890094704 0.040645449741901395 0.03117505995203837
4 0.016 -10 0.01986886548778065 0.023206834889727797 0.02114047287899861 0.020107291873634015 0.01986886548778065 0.014126763361812041
4 0.011312 -10 0.010230807006056638 0.011888197741037812 0.010783270584383697 0.010271730234080864 0.010230807006056638 0.006496562448845965
4 0.008 -10 0.005755329435056863 0.006486256273309084 0.005974031953589023 0.00577835075279709 0.005755329435056863 0.002969749988489341
4 0.005656 -10 0.0029929904164446865 0.0032833104868398213 0.0030498572343571357 0.0029959834068611314 0.0029929904164446865 0.0013258947544849962
4 0.004 -10 0.0016631463402464782 0.001811166364528415 0.001689756681690422 0.0016631463402464782 0.0016631463402464782 0.0006037221215094717
4 0.002828 -10 0.0009622110840943622 0.0010218681713082126 0.0009708709838512114 0.0009622110840943622 0.0009622110840943622 0.0002886633252283086
4 0.002 -10 0.0005548835299470641 0.0005876216582139409 0.0005865118911540468 0.0005548835299470641 0.0005548835299470641 0.00012873297894771887
