8 0.362 -10 0.9970089730807578 1.0 1.0 0.9970089730807578 0.9970089730807578 1.0
8 0.256 -10 0.9960159362549801 1.0 0.999003984063745 0.9970119521912351 0.9960159362549801 1.0
8 0.181 -10 0.9532888465204957 0.9990467111534795 0.9818875119161106 0.9599618684461392 0.9532888465204957 0.998093422306959
8 0.128 -10 0.7385524372230429 0.9010339734121122 0.8323485967503693 0.7666174298375185 0.7385524372230429 0.8722304283604135
8 0.090496 -10 0.4046944556859571 0.594496155402671 0.52853095912586 0.4447592067988669 0.4046944556859571 0.5495750708215298
8 0.064 -10 0.16181229773462782 0.2632686084142395 0.22750809061488672 0.18608414239482202 0.16181229773462782 0.227831715210356
8 0.045249 -10 0.052435635257721144 0.09302081694719731 0.08027895757957107 0.06276545540349221 0.052435635257721144 0.07367206753709821
8 0.032 -10 0.016100726142749038 0.027210227181245873 0.024360398653979296 0.019562382263440082 0.016100726142749038 0.01903105830072936
8 0.022624 -10 0.004334164048109221 0.006579261025029797 0.006115505471882111 0.0050189619677104775 0.004334164048109221 0.003532343699209015
8 0.016 -10 0.0012481698709267536 0.0016887738353638976 0.0015889202456897573 0.0013904612362124035 0.0012481698709267536 0.0007127049962991763
8 0.011312 -10 0.0003613520928067807 0.00044879929926602163 0.00043542927183217074 0.00039712594999465197 0.0003613520928067807 0.00013550703480254275
8 0.008 -10 0.00010450752448950949 0.00012823073254862813 0.0001256180444363904 0.00011297263397315975 0.00010450752448950949 3.323339278766401e-05
8 0.005656 -10 3.717740514947213e-05 4.383216067122764e-05 4.342320921458345e-05 3.9184985027543625e-05 3.717740514947213e-05 8.811045020424894e-06
8 0.004 -10 1.3808947167617157e-05 1.5659346088077857e-05 1.5548874510736918e-05 1.4388922948657078e-05 1.3808947167617157e-05 2.540846278841557e-06
8 0.002828 -10 4.2581447450704096e-06 4.828736140909845e-06 4.811703561929563e-06 4.505117140284493e-06 4.2581447450704096e-06 7.707241988577442e-07
8 0.002 -10 1.3555948119244707e-06 1.5535116544654435e-06 1.5508004648415946e-06 1.4179521732729965e-06 1.3555948119244707e-06 2.8467491050413886e-07
