7 0.362 -10 0.9987515605493134 1.0 1.0 0.9987515605493134 0.9987515605493134 1.0
7 0.256 -10 0.9962640099626401 1.0 0.9987546699875467 0.9975093399750934 0.9962640099626401 1.0
7 0.181 -10 0.954653937947494 0.9952267303102625 0.977326968973747 0.9582338902147971 0.954653937947494 0.9928400954653938
7 0.128 -10 0.7279344858962693 0.8507734303912647 0.7816196542311192 0.7388535031847133 0.7279344858962693 0.7734303912647862
7 0.090496 -10 0.39389463318562284 0.517479074347612 0.4534711964549483 0.4096504185130478 0.39389463318562284 0.3889709502708026
7 0.064 -10 0.15417228753131623 0.2131431875120447 0.18404316824050876 0.16072460975139718 0.15417228753131623 0.1408749277317402
7 0.045249 -10 0.04672351360822334 0.07031888798037612 0.06015652377058755 0.050344585912860645 0.04672351360822334 0.04392010279172994
7 0.032 -10 0.013902405116085082 0.02101000973168358 0.017916724593354652 0.015101487557347422 0.013902405116085082 0.0114868622271653
7 0.022624 -10 0.003923722828219414 0.006037628501922624 0.005174409479714353 0.00432099976457663 0.003923722828219414 0.0030408851918700464
7 0.016 -10 0.0010794822802983688 0.0016111273033453156 0.0014154711400412362 0.0011712382741237302 0.0010794822802983688 0.000729999892051772
7 0.011312 -10 0.0003063046299093453 0.00046634879903697824 0.0004043221114803358 0.00033655221211289317 0.0003063046299093453 0.0002021610557401679
7 0.008 -10 9.490055430227512e-05 0.0001486379931759384 0.00012870887677246063 0.00010533961527552537 9.490055430227512e-05 6.0143226289066854e-05
7 0.005656 -10 2.9313122814546387e-05 4.532541615199235e-05 3.927958457149216e-05 3.180473825378283e-05 2.9313122814546387e-05 1.8210777548536943e-05
7 0.004 -10 9.03197728656416e-06 1.3570545873062649e-05 1.1910920046656485e-05 1.0081944646127243e-05 9.03197728656416e-06 5.012747394043108e-06
7 0.002828 -10 3.071785539237821e-06 4.6729537515655356e-06 4.123872086426775e-06 3.471117659338738e-06 3.071785539237821e-06 1.7393985615934162e-06
7 0.002 -10 1.0765641481587335e-06 1.7292311629799657e-06 1.435867432606711e-06 1.1949862044561943e-06 1.0765641481587335e-06 6.782354133400021e-07
