4 0.362 -10 0.9398496240601504 1.0 0.9417293233082706 0.9398496240601504 0.9398496240601504 0.9821428571428571
4 0.256 -10 0.8695652173913043 0.991304347826087 0.8817391304347826 0.8695652173913043 0.8695652173913043 0.9808695652173913
4 0.181 -10 0.731528895391368 0.9670811997073885 0.7461594732991953 0.731528895391368 0.731528895391368 0.958302852962692
4 0.128 -10 0.5296610169491526 0.753177966101695 0.5471398305084746 0.5296610169491526 0.5296610169491526 0.694385593220339
4 0.090496 -10 0.36469730123997085 0.4387308533916849 0.38037928519328956 0.36469730123997085 0.36469730123997085 0.3738147337709701
4 0.064 -10 0.22021581149526537 0.26580048447478527 0.22902444395507598 0.22021581149526537 0.22021581149526537 0.23298832856199075
4 0.045249 -10 0.12322858903265557 0.1523105360443623 0.12975970425138633 0.12322858903265557 0.12322858903265557 0.133086876155268
4 0.032 -10 0.0708666997377932 0.08617390688115655 0.08263057189426688 0.0708666997377932 0.0708666997377932 0.070937566437531
4 0.022624 -10 0.04287796929937398 0.05081039361975817 0.04939542063287883 0.04287796929937398 0.04287796929937398 0.03687505359746163
4 0.016 -10 0.022286605749944285 0.02649877423668375 0.025518163583686203 0.022286605749944285 0.022286605749944285 0.01586806329396033
4 0.011312 -10 0.012630089926240274 0.01422148125694655 0.014044659997979186 0.012630089926240274 0.012630089926240274 0.0068455087400222285
4 0.008 -10 0.007985944737262418 0.008680721929404249 0.008616834371506149 0.007985944737262418 0.007985944737262418 0.0029308417185753073
4 0.005656 -10 0.004921356719620465 0.005192031339199591 0.0051723459123211085 0.004921356719620465 0.004921356719620465 0.0012893954605405619
4 0.004 -10 0.0026644427451220716 0.002763027126691588 0.002749704912965978 0.0026644427451220716 0.0026644427451220716 0.00041565306823904315
4 0.002828 -10 0.0018981887482963757 0.0019304579570174139 0.0019266615795208212 0.0018981887482963757 0.0018981887482963757 0.00011009494740118979
4 0.002 -10 0.001314279781251273 0.0013287368588450373 0.001327422579063786 0.001314279781251273 0.001314279781251273 4.862835190629711e-05
