8 0.362 -10 0.9960159362549801 1.0 1.0 0.9970119521912351 0.9960159362549801 1.0
8 0.256 -10 0.9930486593843099 1.0 0.9990069513406157 0.9940417080436942 0.9930486593843099 1.0
8 0.181 -10 0.9596928982725528 1.0 0.9846449136276392 0.9683301343570058 0.9596928982725528 1.0
8 0.128 -10 0.78064012490242 0.9086651053864169 0.8454332552693209 0.8032786885245902 0.78064012490242 0.8735362997658079
8 0.090496 -10 0.3850596842510589 0.5325375433192144 0.4636118598382749 0.4073931459376203 0.3850596842510589 0.4666923373122834
8 0.064 -10 0.12454851164528584 0.1812180844438909 0.15518744551002617 0.13251961639058413 0.12454851164528584 0.13837339643791258
8 0.045249 -10 0.03353229159680773 0.04640869156998189 0.040641137415330965 0.03587955200858427 0.03353229159680773 0.028234189524512104
8 0.032 -10 0.008574343848337006 0.010735078498117931 0.009834772394042545 0.00908023013538889 0.008574343848337006 0.004570125271163624
8 0.022624 -10 0.002192626635151313 0.0025017869907076485 0.002352688379517359 0.002267175940746458 0.002192626635151313 0.0006599806171805453
8 0.016 -10 0.0006840244716594981 0.000726433988902387 0.0007052292302809426 0.0006949688632060501 0.0006840244716594981 0.0001039717196922437
8 0.011312 -10 0.00019925573996010102 0.00021160959583762728 0.00020563192363882426 0.00020324085475930306 0.00019925573996010102 2.749729211449394e-05
8 0.008 -10 6.417583974728068e-05 6.648616997818279e-05 6.526682902298445e-05 6.513847734348989e-05 6.417583974728068e-05 6.032528936244384e-06
8 0.005656 -10 2.1260030110155444e-05 2.2195471435002283e-05 2.1897831013460106e-05 2.183405092312964e-05 2.1260030110155444e-05 1.91340270991399e-06
8 0.004 -10 7.599874510872076e-06 7.87346999326347e-06 7.79747124815475e-06 7.774671624622134e-06 7.599874510872076e-06 4.4079272163058044e-07
8 0.002828 -10 2.6289259045278323e-06 2.7235672370908342e-06 2.6999069039500837e-06 2.6999069039500837e-06 2.6289259045278323e-06 1.5247770246261427e-07
8 0.002 -10 1.0051923542773674e-06 1.0263013937171922e-06 1.0242910090086374e-06 1.0242910090086374e-06 1.0051923542773674e-06 4.4228463588204166e-08
