4 0.362 -10 0.946969696969697 0.9981060606060606 0.9564393939393939 0.946969696969697 0.946969696969697 0.978219696969697
4 0.256 -10 0.8733624454148472 0.9877729257641922 0.8847161572052402 0.8733624454148472 0.8733624454148472 0.9764192139737992
4 0.181 -10 0.7457121551081283 0.9627143922445935 0.7636092468307233 0.7457121551081283 0.7457121551081283 0.9537658463832961
4 0.128 -10 0.5257623554153522 0.7386961093585699 0.5483701366982124 0.5257623554153522 0.5257623554153522 0.6729758149316509
4 0.090496 -10 0.3615328994938539 0.4374548083875633 0.388647866955893 0.3615328994938539 0.3615328994938539 0.3774403470715835
4 0.064 -10 0.22406453058480844 0.2814250504145194 0.24400627380685638 0.22406453058480844 0.22406453058480844 0.2451265964597804
4 0.045249 -10 0.12374706100730108 0.15480757332013365 0.13958668481623562 0.12374706100730108 0.12374706100730108 0.1371117435960896
4 0.032 -10 0.0690846286701209 0.08939550949913644 0.08905008635578583 0.08110535405872193 0.0690846286701209 0.08013816925734024
4 0.022624 -10 0.03836562440053712 0.048801074237483213 0.047419911759063876 0.043928639938615004 0.03836562440053712 0.04546326491463649
4 0.016 -10 0.01992587574223887 0.025305862192643365 0.02472801179611844 0.022735424221894552 0.01992587574223887 0.02295460885505918
4 0.011312 -10 0.01065757220505169 0.013545774272620697 0.013471171267185335 0.012117659597143771 0.01065757220505169 0.012469359479910477
4 0.008 -10 0.0054208474952974145 0.006851951234055932 0.006808584454093553 0.006304445637030893 0.0054208474952974145 0.006120136822190782
4 0.005656 -10 0.002659037003158936 0.0033929312160308023 0.003371658920005531 0.003033961220604346 0.002659037003158936 0.0029169635924653527
4 0.004 -10 0.0013962853225279466 0.0017118458054192626 0.0017118458054192626 0.0015764061291340518 0.0013962853225279466 0.0013837187546251952
4 0.002828 -10 0.0007211365111415591 0.0008891613182375424 0.0008812288166149852 0.0007773851590106007 0.0007211365111415591 0.0007283478762529747
4 0.002 -10 0.0003713030285702828 0.0004541036039414559 0.0004541036039414559 0.0003961803314844918 0.0003713030285702828 0.0003441979074846522
