4 0.362 -10 0.9363295880149812 0.9971910112359551 0.947565543071161 0.9363295880149812 0.9363295880149812 0.9831460674157303
4 0.256 -10 0.8695652173913043 0.9904347826086957 0.8834782608695653 0.8695652173913043 0.8695652173913043 0.9747826086956521
4 0.181 -10 0.7374631268436578 0.9616519174041298 0.7485250737463127 0.7374631268436578 0.7374631268436578 0.9579646017699115
4 0.128 -10 0.5178663904712584 0.803728638011393 0.5442775763852926 0.5178663904712584 0.5178663904712584 0.7659243915069912
4 0.090496 -10 0.37147102526002973 0.5286032689450223 0.4008172362555721 0.37147102526002973 0.37147102526002973 0.46953937592867756
4 0.064 -10 0.22482014388489208 0.3808453237410072 0.26551258992805754 0.22909172661870503 0.22482014388489208 0.3489208633093525
4 0.045249 -10 0.12204051745179399 0.24481327800829875 0.2319990236758604 0.12667805711496216 0.12204051745179399 0.23114474005369784
4 0.032 -10 0.07563152321887763 0.16517924671002873 0.1649523521403721 0.07797610043866283 0.07563152321887763 0.14929662683406444
4 0.022624 -10 0.04389237589430716 0.18320677698283808 0.11741210551727164 0.04389237589430716 0.04389237589430716 0.17491111793881403
4 0.016 -10 0.021888543536313095 0.12406426476382261 0.12296983758700696 0.021888543536313095 0.021888543536313095 0.11975222168716894
4 0.011312 -10 0.01132387412381524 0.08934536683690224 0.08892638349432108 0.01153902773216773 0.01132387412381524 0.08717118300512972
4 0.008 -10 0.005606386795837818 0.06274668101901687 0.06252242554718335 0.0057297273053462505 0.005606386795837818 0.061681467527807676
4 0.005656 -10 0.0030029398781407 0.04518223340650497 0.024272763035011274 0.003081016314972358 0.0030029398781407 0.04468975126648989
4 0.004 -10 0.0015212017493820118 0.0018634721429929644 0.001810230081764594 0.0015212017493820118 0.0015212017493820118 0.0015181593458832479
4 0.002828 -10 0.000823618750175019 0.0009175112876949711 0.0008804484439370953 0.000823618750175019 0.000823618750175019 0.0007585528689111925
4 0.002 -10 0.0004197701674379244 0.0004680437366932857 0.0004680437366932857 0.0004197701674379244 0.0004197701674379244 0.00032112417809001214
