8 0.362 -10 0.9970089730807578 1.0 0.9990029910269193 0.9980059820538385 0.9970089730807578 1.0
8 0.256 -10 0.9960159362549801 1.0 0.99800796812749 0.9960159362549801 0.9960159362549801 1.0
8 0.181 -10 0.9551098376313276 0.9990448901623686 0.9828080229226361 0.9637058261700095 0.9551098376313276 0.9990448901623686
8 0.128 -10 0.7552870090634441 0.904833836858006 0.851963746223565 0.7877643504531722 0.7552870090634441 0.8957703927492447
8 0.090496 -10 0.4004805766920304 0.5774929915899079 0.5058069683620344 0.43251902282739285 0.4004805766920304 0.5334401281537845
8 0.064 -10 0.16931933626820184 0.2695563833389773 0.23806298679309176 0.19302404334575007 0.16931933626820184 0.2312902133423637
8 0.045249 -10 0.05132416341613632 0.09140833504413878 0.07955245329501129 0.0613323752822829 0.05132416341613632 0.07236707041675221
8 0.032 -10 0.01555911686452677 0.026279348384185712 0.023587621166622583 0.01916883197709698 0.01555911686452677 0.018421994367599694
8 0.022624 -10 0.0043117015267735105 0.006545162917642189 0.005997576823741953 0.00501019717411082 0.0043117015267735105 0.00364769949165039
8 0.016 -10 0.001243535171527024 0.0016999125794774415 0.0016016733009268068 0.0014213607010553882 0.001243535171527024 0.0007088150477704036
8 0.011312 -10 0.00034669531756771046 0.00045313078006099756 0.00043440923291234124 0.00038795206035826803 0.00034669531756771046 0.00015219924441222489
8 0.008 -10 0.00010968390415030732 0.00013140131717206816 0.0001286592195683105 0.00011648430620762637 0.00010968390415030732 3.334390686169342e-05
8 0.005656 -10 3.767267411452923e-05 4.321055720936502e-05 4.2758485119990667e-05 3.9367944449683036e-05 3.767267411452923e-05 8.061952260509254e-06
8 0.004 -10 1.2931076675970015e-05 1.4974186790773278e-05 1.4857807100689549e-05 1.3525906203064636e-05 1.2931076675970015e-05 2.650870718573853e-06
8 0.002828 -10 4.184826984919411e-06 4.7916268977327255e-06 4.774887589793048e-06 4.461025565924092e-06 4.184826984919411e-06 7.658233382402522e-07
8 0.002 -10 1.4028723601142485e-06 1.6175118312117286e-06 1.6133032141313857e-06 1.4814332122806465e-06 1.4028723601142485e-06 3.058261745049062e-07
