4 0.362 -10 0.9302325581395349 0.9990697674418605 0.9441860465116279 0.9302325581395349 0.9302325581395349 0.9739534883720931
4 0.256 -10 0.8695652173913043 0.9895652173913043 0.8852173913043478 0.8695652173913043 0.8695652173913043 0.9765217391304348
4 0.181 -10 0.7363770250368189 0.9499263622974963 0.748159057437408 0.7363770250368189 0.7363770250368189 0.9425625920471281
4 0.128 -10 0.5291005291005291 0.7343915343915344 0.5470899470899471 0.5291005291005291 0.5291005291005291 0.6751322751322751
4 0.090496 -10 0.3561253561253561 0.4234330484330484 0.3803418803418803 0.3561253561253561 0.3561253561253561 0.3596866096866097
4 0.064 -10 0.21805494984736154 0.26515481901439164 0.2341910161360663 0.21805494984736154 0.21805494984736154 0.23092019188835586
4 0.045249 -10 0.13361838588989844 0.1624799572421165 0.14444147514698022 0.13361838588989844 0.13361838588989844 0.1461785141635489
4 0.032 -10 0.0730033581544751 0.09110819097678494 0.08928310702292305 0.08285881150532924 0.0730033581544751 0.07855161337421522
4 0.022624 -10 0.04002561639449247 0.04855107268651937 0.047790585975024016 0.044068203650336216 0.04002561639449247 0.03622318283701569
4 0.016 -10 0.020241685727587392 0.023986397587191063 0.02337914701536344 0.022569479586259943 0.020241685727587392 0.014735947209683622
4 0.011312 -10 0.011013094569443068 0.012356692106915122 0.012246561161220691 0.011839076662151298 0.011013094569443068 0.006035175824054801
4 0.008 -10 0.005580419424323932 0.006250069755242804 0.0061886851415752404 0.005976629203450931 0.005580419424323932 0.0031082936193484304
4 0.005656 -10 0.002716498107959068 0.003007163405510688 0.0029908644168629337 0.002890353986868448 0.002716498107959068 0.0012115581561497443
4 0.004 -10 0.001375211266830867 0.0015457374639178945 0.001508606759713461 0.0014398461963719177 0.001375211266830867 0.0006546005630114927
4 0.002828 -10 0.0006884146018244364 0.0007297194779339025 0.0007290310633320781 0.0006884146018244364 0.0006884146018244364 0.00016797316284516248
4 0.002 -10 0.00034018141194336115 0.00036025211524801944 0.00035412884983303895 0.00035072703571360536 0.00034018141194336115 7.688099909919962e-05
