8 0.362 -10 0.9768009768009768 1.0 0.989010989010989 0.9816849816849816 0.9768009768009768 1.0
8 0.256 -10 0.9815950920245399 1.0 0.9950920245398773 0.9865030674846625 0.9815950920245399 1.0
8 0.181 -10 0.9195402298850575 0.9977011494252873 0.9528735632183908 0.9310344827586207 0.9195402298850575 0.993103448275862
8 0.128 -10 0.6578947368421053 0.8486842105263158 0.7335526315789473 0.6685855263157895 0.6578947368421053 0.8240131578947368
8 0.090496 -10 0.34557235421166305 0.49892008639308855 0.41079913606911445 0.35550755939524836 0.34557235421166305 0.4475161987041037
8 0.064 -10 0.13104013104013104 0.2045864045864046 0.16101556101556103 0.13431613431613432 0.13104013104013104 0.171007371007371
8 0.045249 -10 0.033592273777031285 0.056980894394289314 0.044383791727902584 0.035397858492546716 0.033592273777031285 0.042746168381272306
8 0.032 -10 0.009545286418250587 0.015439500781520326 0.01250432520790827 0.010249251291596569 0.009545286418250587 0.010141866819391249
8 0.022624 -10 0.0022123037271787045 0.0036032896956423146 0.0029119447808989697 0.0024003495439888943 0.0022123037271787045 0.0020463809476403017
8 0.016 -10 0.0005774993268523471 0.0008922364599868763 0.0007327022709439154 0.000623699273000535 0.0005774993268523471 0.0004367338659320875
8 0.011312 -10 0.00013711066355905348 0.00020635154865637548 0.00016830333951873815 0.00014413758506645497 0.00013711066355905348 9.56346878324398e-05
8 0.008 -10 3.903503252667276e-05 5.0647954703357905e-05 4.493908119633202e-05 4.0742815199714695e-05 3.903503252667276e-05 1.6638682614494263e-05
8 0.005656 -10 9.842397865990979e-06 1.3041177172438048e-05 1.1146515583234785e-05 1.0383729748620483e-05 9.842397865990979e-06 4.023080127723813e-06
8 0.004 -10 2.765257096909631e-06 3.916295363498265e-06 3.304482230807009e-06 2.8413016670746456e-06 2.765257096909631e-06 1.327323406516623e-06
8 0.002828 -10 8.214691732392406e-07 1.0956345098078372e-06 9.354480210261853e-07 8.409790661036727e-07 8.214691732392406e-07 3.1215828583091146e-07
8 0.002 -10 2.9099439512239996e-07 3.5246696109200696e-07 3.3864472732369297e-07 2.95723054043139e-07 2.9099439512239996e-07 6.983865482937599e-08
