4 0.362 -10 0.9302325581395349 0.998139534883721 0.9441860465116279 0.9302325581395349 0.9302325581395349 0.9832558139534884
4 0.256 -10 0.8748906386701663 0.9973753280839895 0.8888888888888888 0.8748906386701663 0.8748906386701663 0.9816272965879265
4 0.181 -10 0.7215007215007215 0.9696969696969697 0.7453102453102453 0.7215007215007215 0.7215007215007215 0.9595959595959596
4 0.128 -10 0.5319148936170213 0.7734042553191489 0.549468085106383 0.5319148936170213 0.5319148936170213 0.7170212765957447
4 0.090496 -10 0.3624501631025734 0.43349039507067777 0.387459224356651 0.3624501631025734 0.3624501631025734 0.36861181587531716
4 0.064 -10 0.22644927536231885 0.28125 0.24615036231884058 0.22644927536231885 0.22644927536231885 0.24615036231884058
4 0.045249 -10 0.12884937508053085 0.15912897822445563 0.14134776446334235 0.12884937508053085 0.12884937508053085 0.14328050508955031
4 0.032 -10 0.07307804735457468 0.08988599824612686 0.08798596901490792 0.08352820812627887 0.07307804735457468 0.07578193510669395
4 0.022624 -10 0.03798814769791825 0.04710530314541863 0.046041635009876916 0.04220483209238717 0.03798814769791825 0.036164716608418176
4 0.016 -10 0.01937458828999884 0.022300151121788663 0.021718913473088696 0.02117642500096873 0.01937458828999884 0.013387840508389197
4 0.011312 -10 0.010439612064015702 0.01177588240820971 0.011629727839313491 0.011212143356752862 0.010439612064015702 0.005303322928519976
4 0.008 -10 0.005637518815219046 0.006443684005795369 0.006376033780012741 0.0061223454333278835 0.005637518815219046 0.003083722791924818
4 0.005656 -10 0.002662584037808693 0.002958130866005458 0.002926179857551754 0.002830326832190641 0.002662584037808693 0.0012301138254676163
4 0.004 -10 0.0014986527112126199 0.0016305341497993304 0.0016140489699759915 0.0015346203762817228 0.0014986527112126199 0.000638426054976576
4 0.002828 -10 0.0007065145587922557 0.0007531445196725447 0.0007531445196725447 0.0007065145587922557 0.0007065145587922557 0.00017662863969806393
4 0.002 -10 0.0003586468684031392 0.0003798070336389244 0.00036940627445523335 0.0003647438651659925 0.0003586468684031392 8.930307023238165e-05
