4 0.362 -10 0.9191176470588235 1.0 0.9273897058823529 0.9191176470588235 0.9191176470588235 0.9871323529411765
4 0.362 -10 0.9191176470588235 1.0 0.9273897058823529 0.9191176470588235 0.9191176470588235 0.9871323529411765
4 0.256 -10 0.8833922261484098 0.9814487632508834 0.8948763250883393 0.8833922261484098 0.8833922261484098 0.9664310954063604
4 0.181 -10 0.7246376811594203 0.9608695652173913 0.7376811594202899 0.7246376811594203 0.7246376811594203 0.9528985507246377
4 0.128 -10 0.5327650506126798 0.7650506126798082 0.5567394778902504 0.5327650506126798 0.5327650506126798 0.7016515716568993
4 0.090496 -10 0.36088054853843377 0.43955250811981234 0.37315048718874055 0.36088054853843377 0.36088054853843377 0.3738722482858174
4 0.064 -10 0.21905805038335158 0.4650602409638554 0.2565169769989047 0.21905805038335158 0.21905805038335158 0.44644030668127055
4 0.045249 -10 0.12367054167697254 0.3388572841949048 0.1297303982191442 0.12367054167697254 0.12367054167697254 0.33131338115260944
4 0.032 -10 0.08259002312520647 0.24281466798810702 0.08581103402708953 0.08259002312520647 0.08259002312520647 0.19466468450611166
4 0.022624 -10 0.03697404422095689 0.04765954300081343 0.03885972047622569 0.03697404422095689 0.03697404422095689 0.04551504843599793
4 0.016 -10 0.02003325520363804 0.026704329186449507 0.021215217260652685 0.02003325520363804 0.02003325520363804 0.02574273293667488
4 0.011312 -10 0.010006504227748037 0.013648871766648321 0.010887076599789863 0.010006504227748037 0.010006504227748037 0.013228598589082903
4 0.008 -10 0.005567060814572339 0.007242746119758612 0.005917785645890396 0.005567060814572339 0.005567060814572339 0.007109136660208876
4 0.005656 -10 0.0026299525293568453 0.0035767354399253094 0.0028114192538824675 0.0026299525293568453 0.0026299525293568453 0.0035267663418675293
4 0.004 -10 0.0016586333524629046 0.03216753523766557 0.0017481995534959014 0.0016586333524629046 0.0016586333524629046 0.031220455593409253
4 0.002828 -10 0.0007170345173246295 0.000963694391284302 0.0007614906573987565 0.0007170345173246295 0.0007170345173246295 0.0009586751496630297
4 0.002 -10 0.0004130961390382461 0.0004680379255303328 0.0004329247537120819 0.0004130961390382461 0.0004130961390382461 0.00022183262666353816
4 0.362 -10 0.9191176470588235 1.0 0.9273897058823529 0.9191176470588235 0.9191176470588235 0.9871323529411765
4 0.256 -10 0.8833922261484098 0.9814487632508834 0.8948763250883393 0.8833922261484098 0.8833922261484098 0.9664310954063604
4 0.181 -10 0.7246376811594203 0.9608695652173913 0.7376811594202899 0.7246376811594203 0.7246376811594203 0.9528985507246377
4 0.128 -10 0.5327650506126798 0.7650506126798082 0.5567394778902504 0.5327650506126798 0.5327650506126798 0.7016515716568993
4 0.090496 -10 0.36088054853843377 0.43955250811981234 0.37315048718874055 0.36088054853843377 0.36088054853843377 0.3738722482858174
4 0.064 -10 0.21905805038335158 0.4650602409638554 0.2565169769989047 0.21905805038335158 0.21905805038335158 0.44644030668127055
4 0.045249 -10 0.12367054167697254 0.3388572841949048 0.1297303982191442 0.12367054167697254 0.12367054167697254 0.33131338115260944
4 0.032 -10 0.08259002312520647 0.24281466798810702 0.08581103402708953 0.08259002312520647 0.08259002312520647 0.19466468450611166
4 0.022624 -10 0.03697404422095689 0.04765954300081343 0.03885972047622569 0.03697404422095689 0.03697404422095689 0.04551504843599793
4 0.016 -10 0.02003325520363804 0.026704329186449507 0.021215217260652685 0.02003325520363804 0.02003325520363804 0.02574273293667488
4 0.011312 -10 0.010006504227748037 0.013648871766648321 0.010887076599789863 0.010006504227748037 0.010006504227748037 0.013228598589082903
4 0.008 -10 0.005567060814572339 0.007242746119758612 0.005917785645890396 0.005567060814572339 0.005567060814572339 0.007109136660208876
4 0.005656 -10 0.0026299525293568453 0.0035767354399253094 0.0028114192538824675 0.0026299525293568453 0.0026299525293568453 0.0035267663418675293
4 0.004 -10 0.0016586333524629046 0.03216753523766557 0.0017481995534959014 0.0016586333524629046 0.0016586333524629046 0.031220455593409253
4 0.002828 -10 0.0007170345173246295 0.000963694391284302 0.0007614906573987565 0.0007170345173246295 0.0007170345173246295 0.0009586751496630297
4 0.002 -10 0.0004130961390382461 0.0004680379255303328 0.0004329247537120819 0.0004130961390382461 0.0004130961390382461 0.00022183262666353816
