4 0.362 -10 0.9363295880149812 0.99812734082397 0.9428838951310862 0.9363295880149812 0.9363295880149812 0.9784644194756554
4 0.256 -10 0.8673026886383348 0.98959236773634 0.8803122289679098 0.8673026886383348 0.8673026886383348 0.9765828274067649
4 0.181 -10 0.7225433526011561 0.9515895953757225 0.7442196531791907 0.7225433526011561 0.7225433526011561 0.9472543352601156
4 0.128 -10 0.5361930294906166 0.7624664879356569 0.5517426273458444 0.5361930294906166 0.5361930294906166 0.693833780160858
4 0.090496 -10 0.35765379113018597 0.43204577968526464 0.37160228898426323 0.35765379113018597 0.35765379113018597 0.36087267525035766
4 0.064 -10 0.21101498206372651 0.45389322641907576 0.21966659632833932 0.21101498206372651 0.21101498206372651 0.4357459379615953
4 0.045249 -10 0.13315579227696406 0.34274300932090546 0.3347536617842876 0.13315579227696406 0.13315579227696406 0.3355525965379494
4 0.032 -10 0.08189337482597658 0.25477028908361316 0.2489558594709688 0.08189337482597658 0.08189337482597658 0.21177626729997542
4 0.022624 -10 0.03725088470851183 0.048463401005773885 0.04529707580555038 0.03725088470851183 0.03725088470851183 0.046377351462097226
4 0.016 -10 0.020676963794636394 0.02661125240369704 0.021834873767136033 0.020676963794636394 0.020676963794636394 0.025556727250170583
4 0.011312 -10 0.011078859320644346 0.014413595976158294 0.011821142895127517 0.011078859320644346 0.011078859320644346 0.014025835899935743
4 0.008 -10 0.005318979181515484 0.006978500686148315 0.005654074869950959 0.005318979181515484 0.005318979181515484 0.0068348882482473965
4 0.005656 -10 0.003309450134860093 0.003729750301987325 0.0034749226416030976 0.003309450134860093 0.003309450134860093 0.0017308424205318286
4 0.004 -10 0.0016716062631743469 0.001913989171334627 0.0017819322765438537 0.0016716062631743469 0.0016716062631743469 0.0009026673821141473
4 0.002828 -10 0.0008073983525844014 0.0009163971301832956 0.0008501904652713746 0.0008073983525844014 0.0008073983525844014 0.00043438031369040796
4 0.002 -10 0.00042542420110652833 0.0004820056198536966 0.0004458445627596417 0.00042542420110652833 0.00042542420110652833 0.0002190934635698621
