8 0.362 -10 0.998003992015968 1.0 1.0 0.998003992015968 0.998003992015968 1.0
8 0.256 -10 0.998003992015968 1.0 1.0 0.999001996007984 0.998003992015968 1.0
8 0.181 -10 0.9532888465204957 0.998093422306959 0.9837940896091516 0.9580552907530981 0.9532888465204957 0.996186844613918
8 0.128 -10 0.7473841554559043 0.905829596412556 0.8460388639760837 0.7787742899850523 0.7473841554559043 0.882660687593423
8 0.090496 -10 0.4050222762251924 0.5828270554880518 0.5212636695018226 0.4398541919805589 0.4050222762251924 0.5362494937221547
8 0.064 -10 0.17053206002728513 0.27336289222373805 0.23789222373806276 0.19440654843110505 0.17053206002728513 0.23465211459754434
8 0.045249 -10 0.054842601733026214 0.09443896018427114 0.08297685642206866 0.06575627947789843 0.054842601733026214 0.0721728638806625
8 0.032 -10 0.01699524133242692 0.028110129163834128 0.024643099932019033 0.019833446634942214 0.01699524133242692 0.019986403806934058
8 0.022624 -10 0.004822600635618764 0.00791871024368601 0.007012061324189683 0.005763007759564422 0.004822600635618764 0.004943165651509233
8 0.016 -10 0.001459159582446894 0.002349246927739499 0.0021099447562182086 0.0016940842752208437 0.001459159582446894 0.0012986520283777355
8 0.011312 -10 0.0005030145662958108 0.0007555278785763078 0.0006961721597534021 0.0005724305764446327 0.0005030145662958108 0.0003485890944429969
8 0.008 -10 0.0001689045392081485 0.00028696881211464427 0.000235452927656159 0.00018647061128579593 0.0001689045392081485 0.00015100065805208476
8 0.005656 -10 4.654670030441542e-05 0.0010972453662759848 7.81519098111135e-05 5.40407190534263e-05 4.654670030441542e-05 0.0010767182714417375
8 0.004 -10 1.6267332924567792e-05 0.000538708997129987 2.739418864497216e-05 1.8593561532780987e-05 1.6267332924567792e-05 0.0005304126573384574
8 0.002828 -10 5.143155569315897e-06 0.000264795364486229 9.021094868580082e-06 5.930058371421229e-06 5.143155569315897e-06 0.00026220835723486305
8 0.002 -10 1.7957709816058783e-06 0.00013087399336845481 3.2413666217986106e-06 2.0902774225892425e-06 1.7957709816058783e-06 0.00012997610787765187
