6 0.362 -10 0.9891196834817013 1.0 0.9920870425321464 0.9891196834817013 0.9891196834817013 1.0
6 0.256 -10 0.9615384615384616 1.0 0.9788461538461538 0.9625 0.9615384615384616 1.0
6 0.181 -10 0.8771929824561403 0.9868421052631579 0.8947368421052632 0.8798245614035087 0.8771929824561403 0.9789473684210527
6 0.128 -10 0.6476683937823834 0.7972797927461139 0.6826424870466321 0.6515544041450777 0.6476683937823834 0.7422279792746114
6 0.090496 -10 0.3748125937031484 0.4782608695652174 0.41754122938530736 0.3793103448275862 0.3748125937031484 0.36431784107946025
6 0.064 -10 0.16761649346295676 0.21656050955414013 0.18823332215890043 0.17029835735836407 0.16761649346295676 0.14398256788467986
6 0.045249 -10 0.06863889079552475 0.08593589127599698 0.07653236323701008 0.0695998352666621 0.06863889079552475 0.047841306884480746
6 0.032 -10 0.026794566062002628 0.03295731625626323 0.030117092253690952 0.027437635647490688 0.026794566062002628 0.014710216768039441
6 0.022624 -10 0.009174985320023489 0.010918232530827951 0.010120008807985907 0.009330960070463887 0.009174985320023489 0.004082868467410452
6 0.016 -10 0.0032504258057805572 0.0037509913798707633 0.0035559658315239295 0.003318684747701949 0.0032504258057805572 0.0010953934965480477
6 0.011312 -10 0.0011772711326054658 0.0013173663973855164 0.0012655664675508757 0.0011961074707271533 0.0011772711326054658 0.00027312690276446805
6 0.008 -10 0.0003956389509712343 0.00043005953970573165 0.00041858601012756587 0.0004011778962848316 0.0003956389509712343 6.211531530248379e-05
6 0.005656 -10 0.00014428717302903362 0.000154531562314095 0.00015034723429625303 0.00014500860889417878 0.00014428717302903362 1.7747322282571135e-05
6 0.004 -10 5.110564769023681e-05 5.4785254323933866e-05 5.355871877936818e-05 5.161670416713918e-05 5.110564769023681e-05 5.570515598235813e-06
6 0.002828 -10 1.7621191329274302e-05 1.8696084000360035e-05 1.834366017377455e-05 1.7797403242567046e-05 1.7621191329274302e-05 1.6740131762810588e-06
6 0.002 -10 7.126391462674246e-06 7.404320729718541e-06 7.325930423629125e-06 7.1548970285249424e-06 7.126391462674246e-06 4.275834877604547e-07
