6 0.362 -10 0.9871668311944719 1.0 0.9950641658440277 0.9901283316880553 0.9871668311944719 1.0
6 0.256 -10 0.9671179883945842 1.0 0.9854932301740812 0.9690522243713733 0.9671179883945842 1.0
6 0.181 -10 0.8756567425569177 0.9851138353765324 0.9194395796847635 0.8817863397548161 0.8756567425569177 0.9754816112084063
6 0.128 -10 0.6472491909385113 0.8375404530744337 0.7242718446601941 0.6588996763754046 0.6472491909385113 0.8129449838187702
6 0.090496 -10 0.4108463434675431 0.5706655710764175 0.4753492193919474 0.4252259654889072 0.4108463434675431 0.524239934264585
6 0.064 -10 0.2075980900975711 0.3109819389661615 0.24704172721610962 0.21569441561137637 0.2075980900975711 0.2806726178119161
6 0.045249 -10 0.09337068160597572 0.1507002801120448 0.11960784313725491 0.10037348272642391 0.09337068160597572 0.1319327731092437
6 0.032 -10 0.039710904614407114 0.0631006274322929 0.052259550472559764 0.042570089746644425 0.039710904614407114 0.0518624414264157
6 0.022624 -10 0.015843090036280677 0.026141098559863116 0.021435700819087754 0.017506614490090146 0.015843090036280677 0.01985139181545969
6 0.016 -10 0.007068936266470621 0.010978058021828874 0.00944409885200475 0.007917208618447096 0.007068936266470621 0.007174970310467681
6 0.011312 -10 0.0028506921480535474 0.004384364523706356 0.003742958790394308 0.0031528655157472235 0.0028506921480535474 0.0023945814043649797
6 0.008 -10 0.0013657284112481391 0.0019161169609811393 0.0016238510809740375 0.001461329400035509 0.0013657284112481391 0.0008221685035713798
6 0.005656 -10 0.00048621530975318737 0.0011460094850882627 0.0006768117111764368 0.0005124709364798595 0.00048621530975318737 0.0007701650506490488
6 0.004 -10 0.00019882506317169319 0.000534640594868683 0.00024435600263801095 0.00020797101607759107 0.00019882506317169319 0.0003783640952157322
6 0.002828 -10 9.142587985066863e-05 0.00024959265199232534 0.00010477405830886625 9.563147032379938e-05 9.142587985066863e-05 0.00016977785888269164
6 0.002 -10 4.077357252741921e-05 0.00011812103961193345 4.546253336807242e-05 4.260838329115307e-05 4.077357252741921e-05 8.260725794055131e-05
