4 0.362 -10 0.9233610341643582 0.9981532779316713 0.9409048938134811 0.9233610341643582 0.9233610341643582 0.9824561403508771
4 0.256 -10 0.8741258741258742 0.9895104895104895 0.8846153846153846 0.8741258741258742 0.8741258741258742 0.9737762237762237
4 0.181 -10 0.7204610951008645 0.8069164265129684 0.7384726224783862 0.7204610951008645 0.7204610951008645 0.6520172910662824
4 0.128 -10 0.5549389567147613 0.6381798002219756 0.5715871254162043 0.5549389567147613 0.5549389567147613 0.5299667036625971
4 0.090496 -10 0.36643459142543056 0.4353242946134115 0.38145840967387323 0.36643459142543056 0.36643459142543056 0.36899963356540855
4 0.064 -10 0.22461814914645103 0.2821203953279425 0.23495058400718777 0.22461814914645103 0.22461814914645103 0.25202156334231807
4 0.045249 -10 0.1310615989515072 0.16828309305373526 0.13145478374836173 0.1310615989515072 0.1310615989515072 0.15557011795543907
4 0.032 -10 0.07070635650144948 0.09029201725235099 0.07197907091847557 0.07070635650144948 0.07070635650144948 0.08442338966273068
4 0.022624 -10 0.037076860331467135 0.04942345482184569 0.039116087649697824 0.037076860331467135 0.037076860331467135 0.04790330354825553
4 0.016 -10 0.01990643973325371 0.02647556484522743 0.02098138747884941 0.01990643973325371 0.01990643973325371 0.025659400816164028
4 0.011312 -10 0.010139519792342634 0.013292910447761194 0.010524821544451654 0.010139519792342634 0.010139519792342634 0.012887329656067488
4 0.008 -10 0.00543100451859576 0.007244960027806743 0.005762295794230101 0.00543100451859576 0.00543100451859576 0.007136339937434828
4 0.005656 -10 0.0027333382533421893 0.0035916064648916367 0.002839938445222535 0.0027333382533421893 0.0027333382533421893 0.0035451397145848194
4 0.004 -10 0.0014115601126989594 0.0018378512667340452 0.001429910394164046 0.0014115601126989594 0.0014115601126989594 0.0018209125453816576
4 0.002828 -10 0.0007283347717945076 0.0008441400005098343 0.000763294840840644 0.0007283347717945076 0.0007283347717945076 0.00044355587602285516
4 0.002 -10 0.0003723715225154441 0.0004892961805852935 0.0003909900986412163 0.0003723715225154441 0.0003723715225154441 0.00048668957992768547
