4 0.362 -10 0.929368029739777 1.0 0.949814126394052 0.9377323420074349 0.929368029739777 0.9767657992565055
4 0.256 -10 0.8748906386701663 0.9930008748906387 0.8932633420822397 0.8775153105861767 0.8748906386701663 0.979002624671916
4 0.181 -10 0.7347538574577517 0.8185157972079353 0.7545922116091109 0.7421013960323292 0.7347538574577517 0.6355620867009552
4 0.128 -10 0.562429696287964 0.6552305961754781 0.5793025871766029 0.5691788526434196 0.562429696287964 0.5528683914510686
4 0.090496 -10 0.33921302578018997 0.4121438263229308 0.35651289009497966 0.34633649932157395 0.33921302578018997 0.3585481682496608
4 0.064 -10 0.22016732716864817 0.2710259797446059 0.23095552619991194 0.22258916776750332 0.22016732716864817 0.24020255394099516
4 0.045249 -10 0.12635835228708617 0.15845337376800606 0.13280262825372757 0.12635835228708617 0.12635835228708617 0.14607025524387163
4 0.032 -10 0.06817562039814562 0.09033269702754296 0.0693346059449141 0.06817562039814562 0.06817562039814562 0.08678756476683938
4 0.022624 -10 0.036928985560766646 0.04837697108460431 0.03851693193987961 0.036928985560766646 0.036928985560766646 0.046382805864322904
4 0.016 -10 0.01994296312546118 0.02596573798935046 0.02076062461360509 0.01994296312546118 0.01994296312546118 0.0253275631693357
4 0.011312 -10 0.010410918971817642 0.013679947528968383 0.010785712054803078 0.010410918971817642 0.010410918971817642 0.01337803087878567
4 0.008 -10 0.005522726017562269 0.00735074832937538 0.005826475948528194 0.005638703263931077 0.005522726017562269 0.007212680178936323
4 0.005656 -10 0.0026358379065121013 0.0035610170116978485 0.0027491789364921214 0.002743907260679097 0.0026358379065121013 0.003508300253567607
4 0.004 -10 0.0013533869184327238 0.0018040647622708209 0.0013980486867410037 0.0013533869184327238 0.0013533869184327238 0.0018013579884339553
4 0.002828 -10 0.0007028137852707098 0.0008159668046992941 0.0007309263366815382 0.0007196813161172069 0.0007028137852707098 0.00046034302935231495
4 0.002 -10 0.0003352244461756925 0.0004391440244901571 0.0003469573017918417 0.0003352244461756925 0.0003352244461756925 0.00043746790225927866
