6 0.362 -10 0.9881422924901185 1.0 0.991106719367589 0.9881422924901185 0.9881422924901185 1.0
6 0.256 -10 0.9699321047526673 1.0 0.9825412221144519 0.9709020368574199 0.9699321047526673 1.0
6 0.181 -10 0.8726003490401396 0.9729493891797557 0.9136125654450262 0.8760907504363001 0.8726003490401396 0.9546247818499127
6 0.128 -10 0.6626905235255136 0.8429423459244533 0.7388999337309476 0.6726308813783963 0.6626905235255136 0.8217362491716369
6 0.090496 -10 0.4027386226339106 0.5650422875553766 0.4687877567458719 0.41522351993556184 0.4027386226339106 0.518324607329843
6 0.064 -10 0.2070822116380203 0.3068958376475461 0.24477117415614 0.2130875957755229 0.2070822116380203 0.2721060260923587
6 0.045249 -10 0.0918105031215571 0.1453360264414249 0.11678295997062065 0.09869629085567388 0.0918105031215571 0.12376055820785897
6 0.032 -10 0.037768629376439926 0.061449559995467765 0.05076103788193526 0.04097896287343732 0.037768629376439926 0.05008120255315934
6 0.022624 -10 0.015862944162436547 0.02519035532994924 0.021446700507614214 0.017401649746192894 0.015862944162436547 0.018940355329949237
6 0.016 -10 0.005818858921765441 0.00928107998021588 0.008123127054784556 0.006435657967472579 0.005818858921765441 0.006039975560792528
6 0.011312 -10 0.0022989562738516714 0.0035564853556485356 0.003170260701641455 0.0025771299829877234 0.0022989562738516714 0.0019839992643339924
6 0.008 -10 0.0008008726308185399 0.001235746469353007 0.001105204230529585 0.0008945747286243091 0.0008008726308185399 0.0006142693078378201
6 0.005656 -10 0.0002890117445702641 0.00042166813532801533 0.0003748482327076325 0.0003147337898370176 0.0002890117445702641 0.0001780312346552827
6 0.004 -10 0.0001200314914621 0.00016000197811897929 0.0001465584510752241 0.0001291538848132196 0.0001200314914621 5.31739507177103e-05
6 0.002828 -10 3.741452604756277e-05 4.8713712913926724e-05 4.5608307251979014e-05 4.0332859079272664e-05 3.741452604756277e-05 1.4853566840882419e-05
6 0.002 -10 1.2931663619341688e-05 1.677236771428617e-05 1.5427474697874633e-05 1.3953265045269681e-05 1.2931663619341688e-05 4.771783875537083e-06
