4 0.362 -10 0.9398496240601504 0.9990601503759399 0.9464285714285714 0.9398496240601504 0.9398496240601504 0.9849624060150376
4 0.256 -10 0.8920606601248885 0.9973238180196253 0.9000892060660125 0.8920606601248885 0.8920606601248885 0.9848349687778769
4 0.181 -10 0.7407407407407407 0.9651851851851851 0.7555555555555555 0.7407407407407407 0.7407407407407407 0.9540740740740741
4 0.128 -10 0.5482456140350878 0.7543859649122807 0.5614035087719298 0.5482456140350878 0.5482456140350878 0.6935307017543859
4 0.090496 -10 0.35958288385472853 0.4228694714131607 0.37144911902193456 0.35958288385472853 0.35958288385472853 0.3480762315713772
4 0.064 -10 0.2218770800976259 0.26669625027734634 0.23141779454182382 0.2218770800976259 0.2218770800976259 0.2362990903039716
4 0.045249 -10 0.12828736369467608 0.1634381013470173 0.13970493906350223 0.12828736369467608 0.12828736369467608 0.1474021808851828
4 0.032 -10 0.07194244604316546 0.09050359712230216 0.08719424460431655 0.07194244604316546 0.07194244604316546 0.07899280575539569
4 0.022624 -10 0.03741114852225964 0.04601571268237935 0.043322109988776655 0.03741114852225964 0.03741114852225964 0.036438458660680885
4 0.016 -10 0.019573685137700875 0.02325353794358864 0.021844232613674176 0.019573685137700875 0.019573685137700875 0.015737242850711503
4 0.011312 -10 0.010692785577570812 0.01211492605938773 0.011815528063215749 0.010692785577570812 0.010692785577570812 0.0067899188417574665
4 0.008 -10 0.0056354855252554285 0.0062779308751345474 0.006255388933033525 0.0056354855252554285 0.0056354855252554285 0.002710668537647861
4 0.005656 -10 0.002747381059005503 0.0030413508323190916 0.0030001401164340092 0.002747381059005503 0.002747381059005503 0.0013159955272636359
4 0.004 -10 0.0013763469275119365 0.0014988418040604986 0.0014850783347853792 0.0013763469275119365 0.0013763469275119365 0.000583571097265061
4 0.002828 -10 0.0007422846929019769 0.0008098325999560568 0.0007719760806180559 0.0007422846929019769 0.0007422846929019769 0.00025534593435828
4 0.002 -10 0.00035771712087798093 0.000374529825559246 0.0003666600488999304 0.00035771712087798093 0.00035771712087798093 6.152734479101271e-05
