8 0.362 -10 0.7656967840735069 1.0 0.9027565084226646 0.7947932618683001 0.7656967840735069 1.0
8 0.256 -10 0.7390983000739099 1.0 0.8632668144863267 0.7649667405764967 0.7390983000739099 1.0
8 0.181 -10 0.6093845216331505 0.9945155393053017 0.7397928092626447 0.6246191346739792 0.6093845216331505 0.9939061547836685
8 0.128 -10 0.4086636697997548 0.9096853289742541 0.5104209235798938 0.4172456068655497 0.4086636697997548 0.8945647731916633
8 0.090496 -10 0.1807337791433219 0.6938369781312127 0.23893005602747153 0.1832640520513284 0.1807337791433219 0.6782938731248871
8 0.064 -10 0.0656943896991197 0.4592037839968467 0.08816187097621864 0.0660228616476153 0.0656943896991197 0.4504664301668638
8 0.045249 -10 0.018264506584354624 0.2781319062665522 0.025022374020565834 0.018355829117276398 0.018264506584354624 0.2752643787328085
8 0.032 -10 0.004877810838495683 0.17205502170625822 0.006628944929515633 0.004882688649334179 0.004877810838495683 0.17136237256719183
8 0.022624 -10 0.0012460919441401902 0.0950294638440192 0.0017046537795837803 0.0012460919441401902 0.0012460919441401902 0.09482385867323606
8 0.016 -10 0.0002805211971634819 0.05022900347930441 0.00040142583314094253 0.0002805211971634819 0.0002805211971634819 0.05019309676606748
8 0.011312 -10 7.344651441204229e-05 0.02613741108381349 0.00010275167366244716 7.351996092645433e-05 7.344651441204229e-05 0.02612845060905522
8 0.008 -10 1.837212972906198e-05 0.013382700225762241 2.46921423558593e-05 1.8408873988520103e-05 1.837212972906198e-05 0.013381028361956896
8 0.005656 -10 4.4908013097996845e-06 0.006806011471060362 6.062581768229574e-06 4.508764515038883e-06 4.4908013097996845e-06 0.0068056477161542684
8 0.004 -10 1.159381879029341e-06 0.003449365141322999 1.539659135350965e-06 1.1628600246664292e-06 1.159381879029341e-06 0.003449288622118983
8 0.002828 -10 2.834850608454404e-07 0.0017392636259245438 3.8412225744557174e-07 2.8405203096713127e-07 2.834850608454404e-07 0.0017392417975748587
8 0.002 -10 7.472499714769455e-08 0.0008754388359588868 9.916007121499068e-08 7.524807212772841e-08 7.472499714769455e-08 0.0008754322601591378
