8 0.362 -10 0.9815950920245399 1.0 0.9950920245398773 0.9840490797546012 0.9815950920245399 1.0
8 0.256 -10 0.984009840098401 1.0 0.992619926199262 0.984009840098401 0.984009840098401 1.0
8 0.181 -10 0.8998875140607424 0.9921259842519685 0.9448818897637795 0.9100112485939258 0.8998875140607424 0.9921259842519685
8 0.128 -10 0.6756756756756757 0.8859797297297297 0.7795608108108109 0.7027027027027027 0.6756756756756757 0.8640202702702703
8 0.090496 -10 0.3616636528028933 0.5556057866184448 0.46971066907775766 0.3829113924050633 0.3616636528028933 0.523508137432188
8 0.064 -10 0.1526426254531578 0.28296126693379126 0.2329708070978821 0.17134134707116963 0.1526426254531578 0.2629269223430643
8 0.045249 -10 0.05796681399898558 0.11136874139555104 0.09238460981088327 0.06673429461633215 0.05796681399898558 0.09854358379827549
8 0.032 -10 0.01700897223285283 0.035931453841901606 0.029255432240506866 0.02081472976995365 0.01700897223285283 0.030509843942679762
8 0.022624 -10 0.005095249316918138 0.010884726353266374 0.009152341585514206 0.006375430707793821 0.005095249316918138 0.008566387914068621
8 0.016 -10 0.001592749802897212 0.003119798676424914 0.0026897562296426666 0.0019531094458027061 0.001592749802897212 0.0021283119241213995
8 0.011312 -10 0.0005256500813114969 0.0008922910130262661 0.0007897892471705242 0.0006182959081426483 0.0005256500813114969 0.0005039670154573978
8 0.008 -10 0.00018068100024098329 0.00027215075661298106 0.00024798467283074953 0.00021049336528074553 0.00018068100024098329 0.00012444403891597724
8 0.005656 -10 6.314046132315257e-05 8.926482719560694e-05 8.334540894656138e-05 7.190120033173998e-05 6.314046132315257e-05 3.370122123123268e-05
8 0.004 -10 2.3768283715109904e-05 3.10770309575062e-05 2.938354074280462e-05 2.5937139604113682e-05 2.3768283715109904e-05 9.388472067468412e-06
8 0.002828 -10 8.193154015574878e-06 1.0333615502143816e-05 9.842026261209322e-06 8.991986532093429e-06 8.193154015574878e-06 2.7651894802565216e-06
8 0.002 -10 6.247013829779774e-06 6.809245074459954e-06 6.684304797864358e-06 6.473468081109291e-06 6.247013829779774e-06 6.559364521268762e-07
