6 0.362 -10 0.9852216748768473 1.0 0.993103448275862 0.9852216748768473 0.9852216748768473 1.0
6 0.256 -10 0.9784735812133072 1.0 0.9882583170254403 0.9784735812133072 0.9784735812133072 1.0
6 0.181 -10 0.8960573476702509 0.9811827956989247 0.9292114695340502 0.9005376344086021 0.8960573476702509 0.9731182795698925
6 0.128 -10 0.6711409395973155 0.8483221476510067 0.7536912751677852 0.6859060402684564 0.6711409395973155 0.8268456375838926
6 0.090496 -10 0.4095004095004095 0.5618345618345618 0.47583947583947583 0.42342342342342343 0.4095004095004095 0.5229320229320229
6 0.064 -10 0.20916126333403054 0.3195984103743987 0.253503451160845 0.2198284877640661 0.20916126333403054 0.28383183434427944
6 0.045249 -10 0.091441111923921 0.14283101682516458 0.11530724213606437 0.09939648866130212 0.091441111923921 0.12307973664959766
6 0.032 -10 0.039365429280006296 0.0618430893988899 0.05074203834192812 0.0425146636224068 0.039365429280006296 0.04841947801440775
6 0.022624 -10 0.016754347753241965 0.025248802064135642 0.021780652079214556 0.01816171296451429 0.016754347753241965 0.016519786884696578
6 0.016 -10 0.006980461687736027 0.010093747600466295 0.008900088651863433 0.007462113544189812 0.006980461687736027 0.005347033652805797
6 0.011312 -10 0.002740950068112609 0.0036344997903173196 0.003374109533846622 0.0028917023218588025 0.002740950068112609 0.0014773720867126963
6 0.008 -10 0.0012820200533576747 0.0016294474878176045 0.001528167903602348 0.0013550951963990621 0.0012820200533576747 0.0005192181216098583
6 0.005656 -10 0.0005588431053570141 0.0006616702367427047 0.0006231100624730707 0.0005811968295712947 0.0005588431053570141 0.00015144648155175083
6 0.004 -10 0.00029643428096456155 0.0003302277889945216 0.00032044545772269106 0.0003059201779554276 0.00029643428096456155 4.9504524921081786e-05
6 0.002828 -10 0.00015932542888015574 0.00017079685975952694 0.00016681372403752306 0.00016187463574223823 0.00015932542888015574 1.577321745913542e-05
6 0.002 -10 8.693930019775213e-05 9.102544730704648e-05 8.91997220028937e-05 8.763481459933415e-05 8.693930019775213e-05 4.781661510876367e-06
