4 0.362 -10 0.9191176470588235 0.9990808823529411 0.9237132352941176 0.9191176470588235 0.9191176470588235 0.9834558823529411
4 0.256 -10 0.8688097306689835 0.9913119026933102 0.8783666377063423 0.8688097306689835 0.8688097306689835 0.9808861859252823
4 0.181 -10 0.7256894049346879 0.9550072568940493 0.7380261248185777 0.7256894049346879 0.7256894049346879 0.9455732946298984
4 0.128 -10 0.5390835579514824 0.7423180592991914 0.553099730458221 0.5390835579514824 0.5390835579514824 0.6738544474393531
4 0.090496 -10 0.35473572188719404 0.4136218517204682 0.3636041149343739 0.35473572188719404 0.35473572188719404 0.34090102873359346
4 0.064 -10 0.2271178741766977 0.27140585964115377 0.23483988189870542 0.2271178741766977 0.2271178741766977 0.24210765387235975
4 0.045249 -10 0.12496875781054737 0.15696075981004748 0.13309172706823294 0.12496875781054737 0.12496875781054737 0.14133966508372905
4 0.032 -10 0.07458233890214797 0.08957338902147971 0.08576968973747016 0.07458233890214797 0.07458233890214797 0.07652147971360382
4 0.022624 -10 0.03719684570748401 0.04538015176313049 0.04329712840351138 0.03719684570748401 0.03719684570748401 0.03355155482815057
4 0.016 -10 0.020909566126502875 0.024255096706743334 0.023878724516466283 0.020909566126502875 0.020909566126502875 0.013779404077365394
4 0.011312 -10 0.010731225720601808 0.012276522224368468 0.012029704032794625 0.010731225720601808 0.010731225720601808 0.006696284849655528
4 0.008 -10 0.005051372457896811 0.005824232443955022 0.005748461857086571 0.005051372457896811 0.005051372457896811 0.002879282301001182
4 0.005656 -10 0.0026838576696600626 0.0029361402906081086 0.002933456432938448 0.0026838576696600626 0.0026838576696600626 0.0011755296593111075
4 0.004 -10 0.0014390911851347636 0.0015844393948333747 0.0015484621152050057 0.0014390911851347636 0.0014390911851347636 0.0005799537476093098
4 0.002828 -10 0.0006951975751508579 0.0007348238369344568 0.0007348238369344568 0.0006951975751508579 0.0006951975751508579 0.0001585050471343956
4 0.002 -10 0.00036358493289494686 0.0003839456891370639 0.00037449248088179525 0.00036358493289494686 0.00036358493289494686 8.76239688276822e-05
