4 0.362 -10 0.9276437847866419 0.9276437847866419 0.9276437847866419 0.9276437847866419 0.9276437847866419 0.0
4 0.256 -10 0.9157509157509157 0.9157509157509157 0.9157509157509157 0.9157509157509157 0.9157509157509157 0.0
4 0.181 -10 0.7874015748031497 0.7874015748031497 0.7874015748031497 0.7874015748031497 0.7874015748031497 0.0
4 0.128 -10 0.5875440658049353 0.5875440658049353 0.5875440658049353 0.5875440658049353 0.5875440658049353 0.0
4 0.090496 -10 0.3671071953010279 0.3671071953010279 0.3671071953010279 0.3671071953010279 0.3671071953010279 0.0
4 0.064 -10 0.22732439190725165 0.22732439190725165 0.22732439190725165 0.22732439190725165 0.22732439190725165 0.0
4 0.045249 -10 0.1268874508311128 0.1268874508311128 0.1268874508311128 0.1268874508311128 0.1268874508311128 0.0
4 0.032 -10 0.07344840249724569 0.07344840249724569 0.07344840249724569 0.07344840249724569 0.07344840249724569 0.0
4 0.022624 -10 0.04042690815006468 0.04042690815006468 0.04042690815006468 0.04042690815006468 0.04042690815006468 0.0
4 0.016 -10 0.021437605848178876 0.021437605848178876 0.021437605848178876 0.021437605848178876 0.021437605848178876 0.0
4 0.011312 -10 0.011102845659342489 0.011102845659342489 0.011102845659342489 0.011102845659342489 0.011102845659342489 0.0
4 0.008 -10 0.005470758794244762 0.005470758794244762 0.005470758794244762 0.005470758794244762 0.005470758794244762 0.0
4 0.005656 -10 0.002777970692409195 0.002777970692409195 0.002777970692409195 0.002777970692409195 0.002777970692409195 0.0
4 0.004 -10 0.0014549242639174417 0.0014549242639174417 0.0014549242639174417 0.0014549242639174417 0.0014549242639174417 0.0
4 0.002828 -10 0.0007141005582124064 0.0007141005582124064 0.0007141005582124064 0.0007141005582124064 0.0007141005582124064 0.0
4 0.002 -10 0.00037408657410767257 0.00037408657410767257 0.00037408657410767257 0.00037408657410767257 0.00037408657410767257 0.0
