8 0.362 -10 0.9960159362549801 1.0 0.999003984063745 0.9970119521912351 0.9960159362549801 1.0
8 0.256 -10 0.9930486593843099 1.0 0.9980139026812314 0.9950347567030785 0.9930486593843099 1.0
8 0.181 -10 0.9380863039399625 0.9971857410881801 0.9699812382739212 0.9446529080675422 0.9380863039399625 0.9953095684803002
8 0.128 -10 0.7575757575757576 0.9242424242424242 0.8507575757575757 0.7833333333333333 0.7575757575757576 0.896969696969697
8 0.090496 -10 0.4168403501458941 0.5877448937057107 0.5185493955814923 0.45018757815756566 0.4168403501458941 0.5318882867861608
8 0.064 -10 0.16265452179570591 0.25439167208848407 0.22348731294729993 0.18510084580351333 0.16265452179570591 0.20559531554977228
8 0.045249 -10 0.06008893161879582 0.09451988943636583 0.0860473500781156 0.06850138204542723 0.06008893161879582 0.06507631294315587
8 0.032 -10 0.0170180902299144 0.025305900171882712 0.02321267507360324 0.019247460050033187 0.0170180902299144 0.013427273191402462
8 0.022624 -10 0.005633739338148302 0.007143581480772048 0.006777388423792408 0.0060731710065238705 0.005633739338148302 0.00238870547937488
8 0.016 -10 0.0019162741498449734 0.002148143321976215 0.002088738823331021 0.0019660972777409426 0.0019162741498449734 0.00034109679867240527
8 0.011312 -10 0.0007412931414075971 0.000774651332770939 0.0007664971082154554 0.0007546364179529338 0.0007412931414075971 5.337310618134699e-05
8 0.008 -10 0.0003025198695050291 0.0003097803463731498 0.0003088727867646347 0.00030524254833057436 0.0003025198695050291 1.1495755041191105e-05
8 0.005656 -10 0.0001471664931328435 0.00014804949209164058 0.00014804949209164058 0.0001474608261191092 0.0001471664931328435 1.471664931328435e-06
8 0.004 -10 6.666986237540319e-05 6.6803202100154e-05 6.666986237540319e-05 6.666986237540319e-05 6.666986237540319e-05 1.3333972475080638e-07
8 0.002828 -10 3.2560221268844474e-05 3.259278149011332e-05 3.259278149011332e-05 3.259278149011332e-05 3.2560221268844474e-05 6.512044253768895e-08
8 0.002 -10 1.7134037813005245e-05 1.715117185081825e-05 1.715117185081825e-05 1.715117185081825e-05 1.7134037813005245e-05 1.7134037813005247e-08
