4 0.362 -10 0.9398496240601504 1.0 0.9727443609022557 0.9398496240601504 0.9398496240601504 0.9830827067669173
4 0.256 -10 0.8779631255487269 0.9920983318700615 0.9306409130816505 0.8779631255487269 0.8779631255487269 0.9850746268656716
4 0.181 -10 0.7077140835102619 0.9631988676574664 0.8527954706298655 0.7077140835102619 0.7077140835102619 0.9554140127388535
4 0.128 -10 0.5428881650380022 0.8925081433224755 0.748642779587405 0.5428881650380022 0.5428881650380022 0.8865363735070575
4 0.090496 -10 0.35945363048166784 0.7828900071890726 0.6193386053199137 0.35945363048166784 0.35945363048166784 0.7821710999281093
4 0.064 -10 0.22799817601459188 0.6584587323301414 0.4906520747834017 0.22799817601459188 0.22799817601459188 0.6582307341541268
4 0.045249 -10 0.12774655084312725 0.5275932549821155 0.37225344915687275 0.12774655084312725 0.12774655084312725 0.5275932549821155
4 0.032 -10 0.07088176920895946 0.38644740572724695 0.25992344768925435 0.07088176920895946 0.07088176920895946 0.38453359795860503
4 0.022624 -10 0.03748547437867826 0.28391498294410916 0.18236683285226973 0.03748547437867826 0.03748547437867826 0.282415563968962
4 0.016 -10 0.02002002002002002 0.21347347347347348 0.13565565565565565 0.02002002002002002 0.02002002002002002 0.2124924924924925
4 0.011312 -10 0.010685358921206164 0.15747013442181523 0.0988075139443934 0.010685358921206164 0.010685358921206164 0.15704272006496697
4 0.008 -10 0.005771539384984763 0.1144727121617878 0.07071867208421831 0.005771539384984763 0.005771539384984763 0.1142418505863884
4 0.005656 -10 0.0026928773394371886 0.08168304833714825 0.0500363538440824 0.0026928773394371886 0.0026928773394371886 0.0815861047529285
4 0.004 -10 0.0014330507357282478 0.05818615902277404 0.03539205402028053 0.0014330507357282478 0.0014330507357282478 0.05814603360217365
4 0.002828 -10 0.0007088830130363587 0.04162773717453409 0.025345403248101965 0.0007088830130363587 0.0007088830130363587 0.04160150850305174
4 0.002 -10 0.0003545826438178339 0.02959772244476223 0.017917060992115146 0.0003545826438178339 0.0003545826438178339 0.02958602121751624
