8 0.362 -10 0.9940357852882704 1.0 0.9980119284294234 0.9950298210735586 0.9940357852882704 1.0
8 0.256 -10 0.9910802775024777 1.0 0.9990089197224975 0.9930624380574826 0.9910802775024777 1.0
8 0.181 -10 0.9765625 1.0 0.9931640625 0.98046875 0.9765625 0.9990234375
8 0.128 -10 0.7336757153338225 0.8936170212765957 0.8011738811445341 0.7461482024944974 0.7336757153338225 0.8628026412325752
8 0.090496 -10 0.36483035388544327 0.49361546880700474 0.42867566581539585 0.379423568040861 0.36483035388544327 0.4188252462604889
8 0.064 -10 0.12448649321548612 0.17714427984563674 0.1543632515872028 0.13120876384912236 0.12448649321548612 0.12398854724262418
8 0.045249 -10 0.03202049311559398 0.04303554274735831 0.038680755683637526 0.033685558757604865 0.03202049311559398 0.021293627921869996
8 0.032 -10 0.008603630732168976 0.01008345521810204 0.009326335713671169 0.008844532392669706 0.008603630732168976 0.0027101436806332272
8 0.022624 -10 0.0025973621190319113 0.00274541175981673 0.002664893534126741 0.0026181410159841663 0.0025973621190319113 0.0002311652285938401
8 0.016 -10 0.0008026055787508568 0.0008178550847471231 0.0008114342401171162 0.0008066186066446111 0.0008026055787508568 2.8893800835030844e-05
8 0.011312 -10 0.0002678368637803138 0.0002686403743716547 0.0002686403743716547 0.0002681047006440941 0.0002678368637803138 2.410531774022824e-06
8 0.008 -10 9.016547980342843e-05 9.025564528323186e-05 9.025564528323186e-05 9.016547980342843e-05 9.016547980342843e-05 9.016547980342844e-08
8 0.005656 -10 3.069377037087989e-05 3.069377037087989e-05 3.069377037087989e-05 3.069377037087989e-05 3.069377037087989e-05 0.0
8 0.004 -10 1.1102108904427573e-05 1.1102108904427573e-05 1.1102108904427573e-05 1.1102108904427573e-05 1.1102108904427573e-05 0.0
8 0.002828 -10 4.444414577978481e-06 4.444414577978481e-06 4.444414577978481e-06 4.444414577978481e-06 4.444414577978481e-06 0.0
8 0.002 -10 1.517232525996964e-06 1.517232525996964e-06 1.517232525996964e-06 1.517232525996964e-06 1.517232525996964e-06 0.0
