4 0.362 -10 0.9970089730807578 0.9970089730807578 0.9970089730807578 0.9970089730807578 0.9970089730807578 0.0
4 0.256 -10 0.9823182711198428 0.9823182711198428 0.9823182711198428 0.9823182711198428 0.9823182711198428 0.0
4 0.181 -10 0.8741258741258742 0.8741258741258742 0.8741258741258742 0.8741258741258742 0.8741258741258742 0.0
4 0.128 -10 0.6261740763932373 0.6261740763932373 0.6261740763932373 0.6261740763932373 0.6261740763932373 0.0
4 0.090496 -10 0.42337002540220153 0.42337002540220153 0.42337002540220153 0.42337002540220153 0.42337002540220153 0.0
4 0.064 -10 0.2563445270443476 0.2563445270443476 0.2563445270443476 0.2563445270443476 0.2563445270443476 0.0
4 0.045249 -10 0.14188422247446084 0.14188422247446084 0.14188422247446084 0.14188422247446084 0.14188422247446084 0.0
4 0.032 -10 0.08084727948904519 0.08084727948904519 0.08084727948904519 0.08084727948904519 0.08084727948904519 0.0
4 0.022624 -10 0.04174145343740869 0.04174145343740869 0.04174145343740869 0.04174145343740869 0.04174145343740869 0.0
4 0.016 -10 0.022170491076377342 0.022170491076377342 0.022170491076377342 0.022170491076377342 0.022170491076377342 0.0
4 0.011312 -10 0.012057926277838736 0.012057926277838736 0.012057926277838736 0.012057926277838736 0.012057926277838736 0.0
4 0.008 -10 0.006292355417403397 0.006292355417403397 0.006292355417403397 0.006292355417403397 0.006292355417403397 0.0
4 0.005656 -10 0.00311275326138723 0.00311275326138723 0.00311275326138723 0.00311275326138723 0.00311275326138723 0.0
4 0.004 -10 0.0018520096156339244 0.0018520096156339244 0.0018520096156339244 0.0018520096156339244 0.0018520096156339244 0.0
4 0.002828 -10 0.0009332824383310297 0.0009332824383310297 0.0009332824383310297 0.0009332824383310297 0.0009332824383310297 0.0
4 0.002 -10 0.0004988834987298426 0.0004988834987298426 0.0004988834987298426 0.0004988834987298426 0.0004988834987298426 0.0
