6 0.362 -10 0.9881422924901185 1.0 0.991106719367589 0.9891304347826086 0.9881422924901185 1.0
6 0.256 -10 0.966183574879227 1.0 0.9845410628019323 0.9681159420289855 0.966183574879227 1.0
6 0.181 -10 0.8802816901408451 0.9903169014084507 0.9234154929577465 0.8846830985915493 0.8802816901408451 0.971830985915493
6 0.128 -10 0.6680026720106881 0.8256513026052105 0.7114228456913828 0.6720106880427522 0.6680026720106881 0.7615230460921844
6 0.090496 -10 0.363901018922853 0.45924308588064044 0.39665211062590977 0.3675400291120815 0.363901018922853 0.35807860262008734
6 0.064 -10 0.1737921445950643 0.2316649287452207 0.20038234271810915 0.1805700382342718 0.1737921445950643 0.1597149808828641
6 0.045249 -10 0.07220216606498195 0.09776173285198556 0.08389891696750902 0.07494584837545126 0.07220216606498195 0.0628158844765343
6 0.032 -10 0.02764951475101612 0.03881991871042663 0.03304117012746426 0.028838443885309813 0.02764951475101612 0.02352973705311472
6 0.022624 -10 0.010083999717648008 0.013804995613460123 0.012373067653554106 0.010739459699295129 0.010083999717648008 0.0075428317888007095
6 0.016 -10 0.0034810820595473895 0.004803893242175398 0.00415989306115913 0.0036690604907629485 0.0034810820595473895 0.002509860164933668
6 0.011312 -10 0.0012117319891186468 0.0017897281479282412 0.001543746554137156 0.0012941297643787148 0.0012117319891186468 0.0009524213434472564
6 0.008 -10 0.00044116005683906173 0.0006511522438944551 0.0005633613925834819 0.0004702766205904398 0.00044116005683906173 0.00033351700297033066
6 0.005656 -10 0.00015425266895680462 0.00022104407461510104 0.00018911377214104246 0.00016844391450083064 0.00015425266895680462 0.00011198743766264016
6 0.004 -10 4.830482897578692e-05 6.757845573712589e-05 5.68547837045012e-05 5.023702213481839e-05 4.830482897578692e-05 2.9176116701375295e-05
6 0.002828 -10 1.989858645615448e-05 2.7479947895949337e-05 2.385840516092922e-05 2.1430777613278375e-05 1.989858645615448e-05 1.168047024976268e-05
6 0.002 -10 6.139202512436704e-06 9.024627693281955e-06 7.937988848580659e-06 6.624199510919204e-06 6.139202512436704e-06 3.8124447602231935e-06
