4 0.362 -10 0.9191176470588235 0.9972426470588235 0.9237132352941176 0.9191176470588235 0.9191176470588235 0.9816176470588235
4 0.256 -10 0.8787346221441125 0.9929701230228472 0.8866432337434095 0.8787346221441125 0.8787346221441125 0.9833040421792618
4 0.181 -10 0.7142857142857143 0.9564285714285714 0.7292857142857143 0.7142857142857143 0.7142857142857143 0.9507142857142857
4 0.128 -10 0.5443658138268916 0.7479586281981492 0.5590636908002178 0.5443658138268916 0.5443658138268916 0.6712030484485574
4 0.090496 -10 0.35932446999640677 0.43226733740567735 0.3722601509162774 0.35932446999640677 0.35932446999640677 0.3679482572763205
4 0.064 -10 0.218435998252512 0.27522935779816515 0.22957623416339012 0.218435998252512 0.218435998252512 0.24027959807776322
4 0.045249 -10 0.12348728081007657 0.15670535934798716 0.1316374413435416 0.12348728081007657 0.12348728081007657 0.13879970363052604
4 0.032 -10 0.07429420505200594 0.09457652303120356 0.08907875185735513 0.07429420505200594 0.07429420505200594 0.08543833580980684
4 0.022624 -10 0.03941974140649637 0.04982655313781142 0.04746136865342163 0.03941974140649637 0.03941974140649637 0.04647587511825922
4 0.016 -10 0.021093486331420858 0.026746540668241645 0.02514343570705366 0.021093486331420858 0.021093486331420858 0.02463719203509956
4 0.011312 -10 0.010925140934318053 0.014038806100598697 0.01329589651706507 0.010925140934318053 0.010925140934318053 0.012826115456889393
4 0.008 -10 0.005432509221684404 0.007154614644958359 0.006714581398001923 0.005432509221684404 0.005432509221684404 0.00669828387033687
4 0.005656 -10 0.00271888373509372 0.0034883278321252427 0.0032680982495826515 0.00271888373509372 0.00271888373509372 0.0032680982495826515
4 0.004 -10 0.001367145577762557 0.001749946339536073 0.0016118646361820545 0.001367145577762557 0.001367145577762557 0.0014792515151390866
4 0.002828 -10 0.0006949787093272398 0.0008833179395549217 0.0008117351324942161 0.0006949787093272398 0.0006949787093272398 0.0007172180280257115
4 0.002 -10 0.00036668760452888526 0.0004656932577516843 0.0004238908708353914 0.00036668760452888526 0.00036668760452888526 0.00036742097973794304
4 0.362 -10 0.9191176470588235 0.9972426470588235 0.9237132352941176 0.9191176470588235 0.9191176470588235 0.9816176470588235
4 0.256 -10 0.8787346221441125 0.9929701230228472 0.8866432337434095 0.8787346221441125 0.8787346221441125 0.9833040421792618
4 0.181 -10 0.7142857142857143 0.9564285714285714 0.7292857142857143 0.7142857142857143 0.7142857142857143 0.9507142857142857
4 0.128 -10 0.5443658138268916 0.7479586281981492 0.5590636908002178 0.5443658138268916 0.5443658138268916 0.6712030484485574
4 0.090496 -10 0.35932446999640677 0.43226733740567735 0.3722601509162774 0.35932446999640677 0.35932446999640677 0.3679482572763205
4 0.064 -10 0.218435998252512 0.27522935779816515 0.22957623416339012 0.218435998252512 0.218435998252512 0.24027959807776322
4 0.045249 -10 0.12348728081007657 0.15670535934798716 0.1316374413435416 0.12348728081007657 0.12348728081007657 0.13879970363052604
4 0.032 -10 0.07429420505200594 0.09457652303120356 0.08907875185735513 0.07429420505200594 0.07429420505200594 0.08543833580980684
4 0.022624 -10 0.03941974140649637 0.04982655313781142 0.04746136865342163 0.03941974140649637 0.03941974140649637 0.04647587511825922
4 0.016 -10 0.021093486331420858 0.026746540668241645 0.02514343570705366 0.021093486331420858 0.021093486331420858 0.02463719203509956
4 0.011312 -10 0.010925140934318053 0.014038806100598697 0.01329589651706507 0.010925140934318053 0.010925140934318053 0.012826115456889393
4 0.008 -10 0.005432509221684404 0.007154614644958359 0.006714581398001923 0.005432509221684404 0.005432509221684404 0.00669828387033687
4 0.005656 -10 0.00271888373509372 0.0034883278321252427 0.0032680982495826515 0.00271888373509372 0.00271888373509372 0.0032680982495826515
4 0.004 -10 0.001367145577762557 0.001749946339536073 0.0016118646361820545 0.001367145577762557 0.001367145577762557 0.0014792515151390866
4 0.002828 -10 0.0006949787093272398 0.0008833179395549217 0.0008117351324942161 0.0006949787093272398 0.0006949787093272398 0.0007172180280257115
4 0.002 -10 0.00036668760452888526 0.0004656932577516843 0.0004238908708353914 0.00036668760452888526 0.00036668760452888526 0.00036742097973794304
