6 0.362 -10 0.9794319294809011 1.0 0.9872673849167483 0.980411361410382 0.9794319294809011 1.0
6 0.256 -10 0.9775171065493646 1.0 0.9853372434017595 0.9775171065493646 0.9775171065493646 1.0
6 0.181 -10 0.8888888888888888 0.9822222222222222 0.9057777777777778 0.8906666666666667 0.8888888888888888 0.9742222222222222
6 0.128 -10 0.6472491909385113 0.7967637540453074 0.684789644012945 0.6517799352750809 0.6472491909385113 0.7398058252427184
6 0.090496 -10 0.35739814152966404 0.45961401000714797 0.3927805575411008 0.36132952108649036 0.35739814152966404 0.36097212294496067
6 0.064 -10 0.17565431231336728 0.22518882838573687 0.1949762866678377 0.17828912699806782 0.17565431231336728 0.15562972070964343
6 0.045249 -10 0.07306736811340056 0.09586438696478153 0.08380827122607044 0.07460178284378197 0.07306736811340056 0.058234692386380245
6 0.032 -10 0.026546323334218212 0.033873108574462435 0.030395540217679852 0.027289620387576322 0.026546323334218212 0.0177860366339262
6 0.022624 -10 0.009793168285803823 0.012212080852397368 0.010997727984957694 0.010057583829520527 0.009793168285803823 0.005209965528047634
6 0.016 -10 0.003274340629655703 0.00398487254629099 0.003650889802066109 0.0033791195298046857 0.003274340629655703 0.001476727623974722
6 0.011312 -10 0.00110529846927215 0.0013075680891489532 0.0012224601070149979 0.001128509737126865 0.00110529846927215 0.0003857491657759803
6 0.008 -10 0.00037238760783414154 0.00042452187293092136 0.0004036681668922094 0.0003798353599908244 0.00037238760783414154 8.564914980185256e-05
6 0.005656 -10 0.0001366771115315299 0.00015020814557315136 0.00014433102977729558 0.00013818055975837673 0.0001366771115315299 2.1184952287387135e-05
6 0.004 -10 4.865577474711769e-05 5.2742859825875576e-05 5.1185875033967816e-05 4.923964404408311e-05 4.865577474711769e-05 6.7631526898493594e-06
6 0.002828 -10 1.726108343229256e-05 1.8417576022256166e-05 1.819318193763636e-05 1.7381911016318612e-05 1.726108343229256e-05 2.1058521787396927e-06
6 0.002 -10 6.071878226539166e-06 6.399759650772281e-06 6.2843939644680366e-06 6.132597008804557e-06 6.071878226539166e-06 5.768284315212207e-07
