6 0.362 -10 0.9794319294809011 1.0 0.9941234084231146 0.9833496571988247 0.9794319294809011 1.0
6 0.256 -10 0.9596928982725528 1.0 0.982725527831094 0.9654510556621881 0.9596928982725528 1.0
6 0.181 -10 0.8710801393728222 0.9825783972125436 0.9172473867595818 0.877177700348432 0.8710801393728222 0.9721254355400697
6 0.128 -10 0.6662225183211192 0.8627581612258495 0.7501665556295802 0.6742171885409727 0.6662225183211192 0.8354430379746836
6 0.090496 -10 0.407000407000407 0.571021571021571 0.4656084656084656 0.4188034188034188 0.407000407000407 0.5368335368335369
6 0.064 -10 0.21486892995272883 0.32617103566824235 0.2569832402234637 0.22475290073055437 0.21486892995272883 0.29458530296519125
6 0.045249 -10 0.09624639076034648 0.15139557266602502 0.12088546679499519 0.10327237728585179 0.09624639076034648 0.13031761308950915
6 0.032 -10 0.03745318352059925 0.06198501872659176 0.05108614232209738 0.04101123595505618 0.03745318352059925 0.04940074906367041
6 0.022624 -10 0.015463837815268994 0.024680285153169314 0.020767934185906257 0.017072076948056968 0.015463837815268994 0.01767516662285246
6 0.016 -10 0.006694246964159002 0.010550133215514587 0.009331780268037649 0.007691689761818693 0.006694246964159002 0.006252426664524508
6 0.011312 -10 0.002853946437133268 0.0040925591908491064 0.003653051439530583 0.0031393410808465945 0.002853946437133268 0.001963515148747688
6 0.008 -10 0.0011107778777477869 0.0015295411376587023 0.00137514301265176 0.0011907538849456273 0.0011107778777477869 0.0006220356115387606
6 0.005656 -10 0.0005653949990812331 0.0006835625538892108 0.0006405925339590371 0.0005947955390334573 0.0005653949990812331 0.000184318769700482
6 0.004 -10 0.0002369699692697344 0.0002943167018330101 0.0002651693956128328 0.00024573785813271457 0.0002369699692697344 7.701524001266368e-05
6 0.002828 -10 0.0001248263665241649 0.00013980553050706466 0.00013456282311304974 0.00012844633115336566 0.0001248263665241649 2.246874597434968e-05
6 0.002 -10 6.787001561756929e-05 7.262091671079914e-05 7.105990635159505e-05 6.922741592992068e-05 6.787001561756929e-05 7.2620916710799144e-06
