6 0.362 -10 0.9852216748768473 1.0 0.9950738916256158 0.9901477832512315 0.9852216748768473 1.0
6 0.256 -10 0.970873786407767 1.0 0.987378640776699 0.9766990291262136 0.970873786407767 1.0
6 0.181 -10 0.8635578583765112 0.9792746113989638 0.9205526770293609 0.8842832469775475 0.8635578583765112 0.9689119170984456
6 0.128 -10 0.6574621959237343 0.8527284681130834 0.7547666009204471 0.6824457593688363 0.6574621959237343 0.8244575936883629
6 0.090496 -10 0.4132231404958678 0.5673553719008264 0.4826446280991736 0.43016528925619835 0.4132231404958678 0.5177685950413223
6 0.064 -10 0.2139952921035737 0.32698480633426064 0.2741279691846779 0.23154290605606676 0.2139952921035737 0.28611170554247806
6 0.045249 -10 0.10271158586688578 0.1597165160230074 0.13753081347576007 0.114215283483977 0.10271158586688578 0.13321692686935085
6 0.032 -10 0.0431238949501919 0.07512182500323429 0.06623830264349476 0.05597481564534909 0.0431238949501919 0.0623140282030273
6 0.022624 -10 0.018073051273246463 0.03218810431765195 0.028989174242287325 0.025808317218195948 0.018073051273246463 0.02783249896079955
6 0.016 -10 0.010788068396353634 0.015200388370462269 0.013884244026107126 0.012395490587410324 0.010788068396353634 0.009126705863315173
6 0.011312 -10 0.00496167109082339 0.0067577960257014565 0.006296360614254881 0.0056166116748120765 0.00496167109082339 0.003483093105758019
6 0.008 -10 0.002178407192229186 0.002768755541323295 0.0025966613731371897 0.002309111623762937 0.002178407192229186 0.0011436637759203226
6 0.005656 -10 0.0010228023557183857 0.0012150891985934422 0.0011700858949418333 0.0011097405559544484 0.0010228023557183857 0.0003917333022401417
6 0.004 -10 0.0004924546104585541 0.0005599208920913759 0.000537760434620741 0.0005175697955919403 0.0004924546104585541 0.00013345519943426813
6 0.002828 -10 0.0002488512404612209 0.00027224325706457566 0.0002690081909385798 0.0002575610338773636 0.0002488512404612209 4.777943816855441e-05
6 0.002 -10 0.00011518485383675565 0.00012509075126671663 0.0001223263147746345 0.00011864039945185831 0.00011518485383675565 1.9696610006085215e-05
