4 0.362 -10 0.9433962264150944 0.9990566037735849 0.9575471698113207 0.9433962264150944 0.9433962264150944 0.9783018867924528
4 0.256 -10 0.8779631255487269 0.9956101843722563 0.9016681299385426 0.8779631255487269 0.8779631255487269 0.9850746268656716
4 0.181 -10 0.7380073800738007 0.8228782287822878 0.7571955719557195 0.7380073800738007 0.7380073800738007 0.6523985239852399
4 0.128 -10 0.5497526113249038 0.6481583287520616 0.5568993952721275 0.5497526113249038 0.5497526113249038 0.5530511269928532
4 0.090496 -10 0.36258158085569253 0.4311094996374184 0.3680203045685279 0.36258158085569253 0.36258158085569253 0.3651196519216824
4 0.064 -10 0.22396416573348266 0.2721164613661814 0.22732362821948487 0.22396416573348266 0.22396416573348266 0.23023516237402017
4 0.045249 -10 0.1195886151638364 0.1468548194211911 0.1205453240851471 0.1195886151638364 0.1195886151638364 0.1143267160966276
4 0.032 -10 0.07095217823187172 0.08365261813537675 0.07130693912303107 0.07095217823187172 0.07095217823187172 0.053285085852135664
4 0.022624 -10 0.038378876266502916 0.045095179613140926 0.041142155357691126 0.038378876266502916 0.038378876266502916 0.02851550506601167
4 0.016 -10 0.0199513187821715 0.022405330992378597 0.021048641315190936 0.0199513187821715 0.0199513187821715 0.011511910937312957
4 0.011312 -10 0.01003945505837943 0.011324505305851999 0.010410914895539471 0.01003945505837943 0.01003945505837943 0.004899254068489163
4 0.008 -10 0.0055205003781542755 0.005984222409919235 0.005686115389498904 0.0055205003781542755 0.0055205003781542755 0.0020039416372700024
4 0.005656 -10 0.0027515993671321454 0.002875421338653092 0.0028093829538419204 0.0027515993671321454 0.0027515993671321454 0.0006301162550732614
4 0.004 -10 0.0014022452751345455 0.0014905867274680217 0.0014274856900869672 0.0014022452751345455 0.0014022452751345455 0.0003323321302068873
4 0.002828 -10 0.0007743420222251648 0.0008153821494030984 0.0007743420222251648 0.0007743420222251648 0.0007743420222251648 0.00015874011455615876
4 0.002 -10 0.0003654691582404707 0.0003771641713041657 0.00036839291150639444 0.0003654691582404707 0.0003654691582404707 4.6780052254780245e-05
