4 0.362 -10 0.9302325581395349 0.998139534883721 0.933953488372093 0.9302325581395349 0.9302325581395349 0.9823255813953489
4 0.256 -10 0.8726003490401396 0.9912739965095986 0.8787085514834206 0.8726003490401396 0.8726003490401396 0.974694589877836
4 0.181 -10 0.723589001447178 0.9500723589001447 0.7387843704775687 0.723589001447178 0.723589001447178 0.9363241678726484
4 0.128 -10 0.5246589716684156 0.7418677859391396 0.5409233997901364 0.5246589716684156 0.5246589716684156 0.6836306400839455
4 0.090496 -10 0.36218761318362913 0.4339007605939877 0.37522636725823977 0.36218761318362913 0.36218761318362913 0.3592901122781601
4 0.064 -10 0.20999580008399832 0.45674086518269635 0.22070558588828224 0.20999580008399832 0.20999580008399832 0.4409911801763965
4 0.045249 -10 0.12866700977869275 0.34817292846114256 0.33607822954194544 0.12866700977869275 0.12866700977869275 0.3400669068450849
4 0.032 -10 0.08261049153242461 0.24890541098719537 0.24370095002065262 0.08261049153242461 0.08261049153242461 0.20380008261049154
4 0.022624 -10 0.03989467804994814 0.0513045559722333 0.04891087528923642 0.03989467804994814 0.03989467804994814 0.04867150722093673
4 0.016 -10 0.019408054342552158 0.02488112566715187 0.020262008733624454 0.019408054342552158 0.019408054342552158 0.0238136826783115
4 0.011312 -10 0.009898931905247424 0.013096286910642341 0.010562160342899002 0.009898931905247424 0.009898931905247424 0.012809217885390167
4 0.008 -10 0.005273288158831439 0.006918554064386849 0.005526405990455349 0.005273288158831439 0.005273288158831439 0.0067761752840984
4 0.005656 -10 0.0032595374064512766 0.0036441628204125272 0.003432292888993194 0.0032595374064512766 0.0032595374064512766 0.0017177762131998227
4 0.004 -10 0.0016700457258519738 0.0018721212586800626 0.0017518779664187206 0.0016700457258519738 0.0016700457258519738 0.0008149823142157632
4 0.002828 -10 0.0008511319203408613 0.000950714355020742 0.0008996464398002904 0.0008511319203408613 0.0008511319203408613 0.0004340772793738393
4 0.002 -10 0.00040668905896625333 0.00046769241781119137 0.0004347506040349248 0.00040668905896625333 0.00040668905896625333 0.00021513851219314803
