8 0.362 -10 0.9950248756218906 1.0 0.9980099502487563 0.9960199004975124 0.9950248756218906 1.0
8 0.256 -10 0.9960159362549801 1.0 1.0 0.99800796812749 0.9960159362549801 1.0
8 0.181 -10 0.9487666034155597 0.9981024667931688 0.976280834914611 0.9535104364326376 0.9487666034155597 0.9952561669829222
8 0.128 -10 0.7598784194528876 0.9118541033434651 0.8503039513677811 0.7895136778115501 0.7598784194528876 0.8913373860182371
8 0.090496 -10 0.40387722132471726 0.577140549273021 0.5165589660743134 0.4394184168012924 0.40387722132471726 0.5351373182552503
8 0.064 -10 0.16611295681063123 0.2742524916943522 0.24086378737541528 0.1908637873754153 0.16611295681063123 0.23754152823920266
8 0.045249 -10 0.05255136896316149 0.0921225497924221 0.0800882862998581 0.06269378317305166 0.05255136896316149 0.07262599190708918
8 0.032 -10 0.015541947716887881 0.0255198781511299 0.023002082620994062 0.01871250505113301 0.015541947716887881 0.017717820397252185
8 0.022624 -10 0.004381890522847177 0.0067481114051846525 0.006222284542442991 0.005210067831665294 0.004381890522847177 0.0037684258496485726
8 0.016 -10 0.001181959049846759 0.0015660957410469558 0.0014987240752056905 0.0013237941358283701 0.001181959049846759 0.0006158006649701614
8 0.011312 -10 0.0003620600201377783 0.00044678206485001843 0.00043012730392368064 0.0003971798420911428 0.0003620600201377783 0.00012780718710863576
8 0.008 -10 0.00010102351979076009 0.00011789444759581702 0.00011546988312083877 0.00010698390745841493 0.00010102351979076009 2.6468162185179144e-05
8 0.005656 -10 3.526027193426921e-05 3.963254565411859e-05 3.9174162118973094e-05 3.709380607485121e-05 3.526027193426921e-05 6.24106813236565e-06
8 0.004 -10 1.2563623761179584e-05 1.4021004117476415e-05 1.3845113384819902e-05 1.2852587107686715e-05 1.2563623761179584e-05 1.9850525542663744e-06
8 0.002828 -10 4.057629983041987e-06 4.398470901617515e-06 4.374125121719262e-06 4.187474142499332e-06 4.057629983041987e-06 4.544545581007026e-07
8 0.002 -10 1.2337703539984114e-06 1.3176667380703035e-06 1.3127316566543097e-06 1.2695496942643653e-06 1.2337703539984114e-06 1.1597441327585067e-07
