6 0.362 -10 1.0 1.0 1.0 1.0 1.0 0.0
6 0.256 -10 1.0 1.0 1.0 1.0 1.0 0.0
6 0.181 -10 0.9836065573770492 0.9836065573770492 0.9836065573770492 0.9836065573770492 0.9836065573770492 0.0
6 0.128 -10 0.8498583569405099 0.8498583569405099 0.8498583569405099 0.8498583569405099 0.8498583569405099 0.0
6 0.090496 -10 0.5347593582887701 0.5347593582887701 0.5347593582887701 0.5347593582887701 0.5347593582887701 0.0
6 0.064 -10 0.32432432432432434 0.32432432432432434 0.32432432432432434 0.32432432432432434 0.32432432432432434 0.0
6 0.045249 -10 0.15682174594877157 0.15682174594877157 0.15682174594877157 0.15682174594877157 0.15682174594877157 0.0
6 0.032 -10 0.06657789613848203 0.06657789613848203 0.06657789613848203 0.06657789613848203 0.06657789613848203 0.0
6 0.022624 -10 0.02531218359770503 0.02531218359770503 0.02531218359770503 0.02531218359770503 0.02531218359770503 0.0
6 0.016 -10 0.01084637911710474 0.01084637911710474 0.01084637911710474 0.01084637911710474 0.01084637911710474 0.0
6 0.011312 -10 0.00469792351780513 0.00469792351780513 0.00469792351780513 0.00469792351780513 0.00469792351780513 0.0
6 0.008 -10 0.0020602131633886385 0.0020602131633886385 0.0020602131633886385 0.0020602131633886385 0.0020602131633886385 0.0
6 0.005656 -10 0.00121813560285531 0.00121813560285531 0.00121813560285531 0.00121813560285531 0.00121813560285531 0.0
6 0.004 -10 0.0005805380426579354 0.0005805380426579354 0.0005805380426579354 0.0005805380426579354 0.0005805380426579354 0.0
6 0.002828 -10 0.00023917398871258223 0.00023917398871258223 0.00023917398871258223 0.00023917398871258223 0.00023917398871258223 0.0
6 0.002 -10 0.00011789116287843063 0.00011789116287843063 0.00011789116287843063 0.00011789116287843063 0.00011789116287843063 0.0
