6 0.362 -10 0.983284169124877 1.0 0.9931170108161259 0.9882005899705014 0.983284169124877 1.0
6 0.256 -10 0.9624639076034649 1.0 0.9865255052935515 0.9682386910490857 0.9624639076034649 1.0
6 0.181 -10 0.8680555555555556 0.9939236111111112 0.9357638888888888 0.8828125 0.8680555555555556 0.9921875
6 0.128 -10 0.6501950585175552 0.8764629388816645 0.7600780234070221 0.6690507152145644 0.6501950585175552 0.8654096228868661
6 0.090496 -10 0.388651379712398 0.6292265837543723 0.5091333074232414 0.41391371939370386 0.388651379712398 0.6183443451224252
6 0.064 -10 0.20820320632937747 0.39225484072454714 0.29085987924214035 0.2227774307724339 0.20820320632937747 0.3810118675827608
6 0.045249 -10 0.09066183136899365 0.19619220308250226 0.1411604714415231 0.09954669084315503 0.09066183136899365 0.18893925657298277
6 0.032 -10 0.03823360734085261 0.09260179697954501 0.06901166125023896 0.04289810743643663 0.03823360734085261 0.0878608296692793
6 0.022624 -10 0.01573638409366296 0.039970415597903916 0.029065101420995484 0.01778211402583914 0.01573638409366296 0.03718507561332557
6 0.016 -10 0.006337095455668849 0.0169453932484585 0.011926413647568773 0.007731256455915996 0.006337095455668849 0.015101298470858867
6 0.011312 -10 0.0026356503335415496 0.006641838840524705 0.005018278235063111 0.003165416050583401 0.0026356503335415496 0.005811608985459117
6 0.008 -10 0.0010601115025278358 0.002577131062645169 0.001886998474499548 0.0012201883394095392 0.0010601115025278358 0.002073578098944447
6 0.005656 -10 0.0003806145402366661 0.0010299429458804185 0.000645141645701149 0.0004738651025946493 0.0003806145402366661 0.0008377326030609021
6 0.004 -10 0.00017471109336822898 0.00043223524499299843 0.00033754183238741834 0.0002086050454816654 0.00017471109336822898 0.00031622707899649444
6 0.002828 -10 7.344043543715456e-05 0.00020078615048518058 0.00013153181986794382 8.585186902603369e-05 7.344043543715456e-05 0.0001473949539223692
6 0.002 -10 2.679140028200628e-05 7.50695035901816e-05 4.47952212715145e-05 2.8827546703438756e-05 2.679140028200628e-05 5.452049957388278e-05
