6 0.362 -10 1.0 1.0 1.0 1.0 1.0 0.0
6 0.256 -10 1.0 1.0 1.0 1.0 1.0 0.0
6 0.181 -10 0.9823182711198428 0.9823182711198428 0.9823182711198428 0.9823182711198428 0.9823182711198428 0.0
6 0.128 -10 0.8650519031141869 0.8650519031141869 0.8650519031141869 0.8650519031141869 0.8650519031141869 0.0
6 0.090496 -10 0.5995203836930456 0.5995203836930456 0.5995203836930456 0.5995203836930456 0.5995203836930456 0.0
6 0.064 -10 0.34928396786587496 0.34928396786587496 0.34928396786587496 0.34928396786587496 0.34928396786587496 0.0
6 0.045249 -10 0.16515276630883569 0.16515276630883569 0.16515276630883569 0.16515276630883569 0.16515276630883569 0.0
6 0.032 -10 0.0718132854578097 0.0718132854578097 0.0718132854578097 0.0718132854578097 0.0718132854578097 0.0
6 0.022624 -10 0.029314337642540968 0.029314337642540968 0.029314337642540968 0.029314337642540968 0.029314337642540968 0.0
6 0.016 -10 0.01083999089440765 0.01083999089440765 0.01083999089440765 0.01083999089440765 0.01083999089440765 0.0
6 0.011312 -10 0.004221778466396754 0.004221778466396754 0.004221778466396754 0.004221778466396754 0.004221778466396754 0.0
6 0.008 -10 0.001595267797605184 0.001595267797605184 0.001595267797605184 0.001595267797605184 0.001595267797605184 0.0
6 0.005656 -10 0.0005934077150123844 0.0005934077150123844 0.0005934077150123844 0.0005934077150123844 0.0005934077150123844 0.0
6 0.004 -10 0.00022830138065259948 0.00022830138065259948 0.00022830138065259948 0.00022830138065259948 0.00022830138065259948 0.0
6 0.002828 -10 9.665919716610699e-05 9.665919716610699e-05 9.665919716610699e-05 9.665919716610699e-05 9.665919716610699e-05 0.0
6 0.002 -10 3.8666439359558486e-05 3.8666439359558486e-05 3.8666439359558486e-05 3.8666439359558486e-05 3.8666439359558486e-05 0.0
