6 0.362 -10 0.9852216748768473 1.0 0.993103448275862 0.9862068965517241 0.9852216748768473 1.0
6 0.256 -10 0.9784735812133072 1.0 0.9882583170254403 0.9814090019569471 0.9784735812133072 1.0
6 0.181 -10 0.8795074758135444 0.9894459102902374 0.9014951627088831 0.8803869832893579 0.8795074758135444 0.9824098504837291
6 0.128 -10 0.6527415143603134 0.8074412532637075 0.6840731070496083 0.6560052219321149 0.6527415143603134 0.7356396866840731
6 0.090496 -10 0.36496350364963503 0.47883211678832116 0.40145985401459855 0.3678832116788321 0.36496350364963503 0.36532846715328465
6 0.064 -10 0.1652892561983471 0.22776859504132232 0.18413223140495869 0.16727272727272727 0.1652892561983471 0.16033057851239668
6 0.045249 -10 0.07091192738618636 0.09792937172032336 0.0826123954049071 0.07247198978868245 0.07091192738618636 0.06452985392142958
6 0.032 -10 0.024949477308450388 0.03792320550884459 0.029215837928195404 0.025573214241161647 0.024949477308450388 0.024874628876525036
6 0.022624 -10 0.009444832732012316 0.015187291033075805 0.011324354445682767 0.009813181208560796 0.009444832732012316 0.00925593607737207
6 0.016 -10 0.003112481986510503 0.0051885074715130085 0.0038843775191651077 0.0032712185678225388 0.003112481986510503 0.003100032058564461
6 0.011312 -10 0.0011481992217505675 0.0019393084855367085 0.0015408833555892616 0.0012170911750556015 0.0011481992217505675 0.0010896410614412886
6 0.008 -10 0.00037125919237760325 0.0006485898090836729 0.0004986010953631211 0.0003983611134211683 0.00037125919237760325 0.00035603756549012155
6 0.005656 -10 0.00014243232826435668 0.00023729225888841822 0.0001761887900630092 0.00014456881318832202 0.00014243232826435668 0.00013046801269015073
6 0.004 -10 4.635202817239191e-05 8.426798721740849e-05 6.396579887790083e-05 4.9411262031769775e-05 4.635202817239191e-05 4.714001265132257e-05
6 0.002828 -10 1.5626414678853897e-05 3.0471508623765094e-05 2.2080123941220553e-05 1.617333919261378e-05 1.5626414678853897e-05 1.8142267442149373e-05
6 0.002 -10 5.610511009606744e-06 1.0553371209070285e-05 7.349769422584834e-06 6.003246780279215e-06 5.610511009606744e-06 5.879815538067867e-06
