8 0.362 -10 0.998003992015968 1.0 1.0 0.999001996007984 0.998003992015968 1.0
8 0.256 -10 0.9950248756218906 1.0 0.9980099502487563 0.9960199004975124 0.9950248756218906 1.0
8 0.181 -10 0.9699321047526673 1.0 0.9922405431619786 0.976721629485936 0.9699321047526673 1.0
8 0.128 -10 0.7674597083653109 0.9009976976208749 0.8434382194934766 0.7904834996162702 0.7674597083653109 0.8633921719109747
8 0.090496 -10 0.39463299131807417 0.5224940805051302 0.46685082872928174 0.4104183109707972 0.39463299131807417 0.44869771112865037
8 0.064 -10 0.1312852829197847 0.18379939608769857 0.15806748063542078 0.13850597348037286 0.1312852829197847 0.128659577261389
8 0.045249 -10 0.033985861881457316 0.04441952147906471 0.04003534529635672 0.03544725394235998 0.033985861881457316 0.02188689505165851
8 0.032 -10 0.00897166747411674 0.010308445927760134 0.009671457537097845 0.00910624248622849 0.00897166747411674 0.0028709335917173565
8 0.022624 -10 0.002486337575025236 0.0026131407913515233 0.0025833047404512205 0.0025136872883505137 0.002486337575025236 0.0002337157320523722
8 0.016 -10 0.0007702368170117585 0.0007763987115478525 0.0007733177642798055 0.0007725475274627937 0.0007702368170117585 2.3107104510352752e-05
8 0.011312 -10 0.0002635789273919129 0.0002648968220288724 0.0002641060852466967 0.00026384250631930476 0.0002635789273919129 3.69010498348678e-06
8 0.008 -10 8.463810734295675e-05 8.47227454502997e-05 8.47227454502997e-05 8.47227454502997e-05 8.463810734295675e-05 8.463810734295674e-08
8 0.005656 -10 3.0080987041411593e-05 3.0141149015494417e-05 3.0080987041411593e-05 3.0080987041411593e-05 3.0080987041411593e-05 9.024296112423477e-08
8 0.004 -10 1.1918731083260453e-05 1.1918731083260453e-05 1.1918731083260453e-05 1.1918731083260453e-05 1.1918731083260453e-05 0.0
8 0.002828 -10 4.13571035767567e-06 4.13571035767567e-06 4.13571035767567e-06 4.13571035767567e-06 4.13571035767567e-06 0.0
8 0.002 -10 1.4548173752546002e-06 1.4548173752546002e-06 1.4548173752546002e-06 1.4548173752546002e-06 1.4548173752546002e-06 0.0
