8 0.362 -10 0.7468259895444361 1.0 0.8722927557879014 0.7804331590739357 0.7468259895444361 1.0
8 0.256 -10 0.7380073800738007 1.0 0.8693726937269373 0.7601476014760148 0.7380073800738007 1.0
8 0.181 -10 0.6426735218508998 0.9942159383033419 0.7577120822622108 0.6529562982005142 0.6426735218508998 0.9916452442159382
8 0.128 -10 0.4100041000410004 0.9044690446904469 0.5194751947519475 0.41656416564165644 0.4100041000410004 0.8880688806888068
8 0.090496 -10 0.18178512997636792 0.6262497727685875 0.23832030539901836 0.18451190692601346 0.18178512997636792 0.6115251772405017
8 0.064 -10 0.060893922786505905 0.30605285592497866 0.08196322007063694 0.06119839240043844 0.060893922786505905 0.2965534039702838
8 0.045249 -10 0.01845018450184502 0.12105166051660517 0.02477859778597786 0.01856088560885609 0.01845018450184502 0.11715867158671586
8 0.032 -10 0.004943422529153835 0.04452046329755943 0.006896074428169599 0.004973083064328757 0.004943422529153835 0.04321045632733367
8 0.022624 -10 0.001216599773955762 0.014714774265994941 0.0017300048785650936 0.001216599773955762 0.001216599773955762 0.014346144534486346
8 0.016 -10 0.0002976180732741649 0.004870817387204982 0.0004178557748769275 0.00029791569134743904 0.0002976180732741649 0.004781531965222733
8 0.011312 -10 7.481401236525996e-05 0.0016433645956153004 0.0001100514121892974 7.481401236525996e-05 7.481401236525996e-05 0.0016197233677078782
8 0.008 -10 1.8995721289762367e-05 0.0005593480090983426 2.697392423146256e-05 1.9071704174921414e-05 1.8995721289762367e-05 0.0005532693782856187
8 0.005656 -10 5.160150828112615e-06 0.00019244782513446 7.471898399107067e-06 5.160150828112615e-06 5.160150828112615e-06 0.00019081721747277639
8 0.004 -10 1.2615452569199173e-06 6.607847901220834e-05 1.98062605336427e-06 1.264068347433757e-06 1.2615452569199173e-06 6.562684581023102e-05
8 0.002828 -10 2.986116925184449e-07 2.2748238736055132e-05 5.443691154611251e-07 2.986116925184449e-07 2.986116925184449e-07 2.2643724643673676e-05
8 0.002 -10 7.160771131470339e-08 7.991850228988786e-06 1.8102429420357016e-07 7.160771131470339e-08 7.160771131470339e-08 7.96664431460601e-06
