8 0.362 -10 0.999000999000999 1.0 1.0 0.999000999000999 0.999000999000999 1.0
8 0.256 -10 0.9950248756218906 1.0 1.0 0.9960199004975124 0.9950248756218906 1.0
8 0.181 -10 0.9398496240601504 0.9962406015037594 0.9699248120300752 0.9511278195488722 0.9398496240601504 0.9962406015037594
8 0.128 -10 0.7309941520467836 0.89546783625731 0.8260233918128655 0.7595029239766082 0.7309941520467836 0.8691520467836257
8 0.090496 -10 0.40551500405515006 0.5928629359286294 0.5287915652879156 0.44038929440389296 0.40551500405515006 0.5401459854014599
8 0.064 -10 0.16583747927031509 0.2593698175787728 0.22902155887230513 0.18623548922056385 0.16583747927031509 0.2109452736318408
8 0.045249 -10 0.056439778756067274 0.08731233773563607 0.07794333446212891 0.06400270910938029 0.056439778756067274 0.05954396658765097
8 0.032 -10 0.017020407468554797 0.024288121457627695 0.022688203155583543 0.018892652290095825 0.017020407468554797 0.012050448487736797
8 0.022624 -10 0.00552944429084877 0.007105335913740669 0.006679568703345314 0.005993917611280066 0.00552944429084877 0.0024440143765551564
8 0.016 -10 0.0019921231450843366 0.002243130661364963 0.002179382720722264 0.002079776563468047 0.0019921231450843366 0.0003864718901463613
8 0.011312 -10 0.0007780823537924901 0.000822433047958662 0.0008138741420669446 0.00079053167145317 0.0007780823537924901 7.547398831787154e-05
8 0.008 -10 0.00031069553856741397 0.00033306561734426773 0.0003318228351899981 0.00031628805826162737 0.00031069553856741397 2.8273294009634667e-05
8 0.005656 -10 0.00013578372260037236 0.00014257290873039097 0.00014243712500779058 0.00013727734354897645 0.00013578372260037236 8.554374523823458e-06
8 0.004 -10 6.471134437106106e-05 6.710566411279032e-05 6.710566411279032e-05 6.542316915914273e-05 6.471134437106106e-05 3.04143318543987e-06
8 0.002828 -10 3.33820533274296e-05 3.448366108723478e-05 3.448366108723478e-05 3.3682491807376474e-05 3.33820533274296e-05 1.1683718664600362e-06
8 0.002 -10 1.5518509321790085e-05 1.5953027582800208e-05 1.5953027582800208e-05 1.578232398026052e-05 1.5518509321790085e-05 4.500367703319125e-07
