4 0.362 -10 0.9940357852882704 0.9940357852882704 0.9940357852882704 0.9940357852882704 0.9940357852882704 0.0
4 0.256 -10 0.9746588693957114 0.9746588693957114 0.9746588693957114 0.9746588693957114 0.9746588693957114 0.0
4 0.181 -10 0.8665511265164645 0.8665511265164645 0.8665511265164645 0.8665511265164645 0.8665511265164645 0.0
4 0.128 -10 0.6644518272425249 0.6644518272425249 0.6644518272425249 0.6644518272425249 0.6644518272425249 0.0
4 0.090496 -10 0.44543429844098 0.44543429844098 0.44543429844098 0.44543429844098 0.44543429844098 0.0
4 0.064 -10 0.25393600812595224 0.25393600812595224 0.25393600812595224 0.25393600812595224 0.25393600812595224 0.0
4 0.045249 -10 0.1443209698369173 0.1443209698369173 0.1443209698369173 0.1443209698369173 0.1443209698369173 0.0
4 0.032 -10 0.08034064433196754 0.08034064433196754 0.08034064433196754 0.08034064433196754 0.08034064433196754 0.0
4 0.022624 -10 0.04414426345296429 0.04414426345296429 0.04414426345296429 0.04414426345296429 0.04414426345296429 0.0
4 0.016 -10 0.023262846907204503 0.023262846907204503 0.023262846907204503 0.023262846907204503 0.023262846907204503 0.0
4 0.011312 -10 0.01254594954019095 0.01254594954019095 0.01254594954019095 0.01254594954019095 0.01254594954019095 0.0
4 0.008 -10 0.006180928128167726 0.006180928128167726 0.006180928128167726 0.006180928128167726 0.006180928128167726 0.0
4 0.005656 -10 0.003366935348107446 0.003366935348107446 0.003366935348107446 0.003366935348107446 0.003366935348107446 0.0
4 0.004 -10 0.001546957907275343 0.001546957907275343 0.001546957907275343 0.001546957907275343 0.001546957907275343 0.0
4 0.002828 -10 0.0008177102966898269 0.0008177102966898269 0.0008177102966898269 0.0008177102966898269 0.0008177102966898269 0.0
4 0.002 -10 0.0004302009683823798 0.0004302009683823798 0.0004302009683823798 0.0004302009683823798 0.0004302009683823798 0.0
