6 0.362 -10 0.9852216748768473 1.0 0.994088669950739 0.9862068965517241 0.9852216748768473 1.0
6 0.256 -10 0.968054211035818 1.0 0.9835430784123911 0.9719264278799613 0.968054211035818 1.0
6 0.181 -10 0.8673026886383348 0.98438855160451 0.9124024284475282 0.8733738074588031 0.8673026886383348 0.9765828274067649
6 0.128 -10 0.6313131313131313 0.8339646464646465 0.7152777777777778 0.6414141414141414 0.6313131313131313 0.8137626262626263
6 0.090496 -10 0.40535062829347385 0.55776246453182 0.4783137413862992 0.42602351033644104 0.40535062829347385 0.5152006485610052
6 0.064 -10 0.20855057351407716 0.32638164754953075 0.262148070907195 0.22168925964546402 0.20855057351407716 0.2913451511991658
6 0.045249 -10 0.10041168792047395 0.17290892659905613 0.13736318907520836 0.10894668139371423 0.10041168792047395 0.14670147605181244
6 0.032 -10 0.03840983291722681 0.07347801037065489 0.05554061839830997 0.04394084885730747 0.03840983291722681 0.06510466679469944
6 0.022624 -10 0.015225566771723077 0.03378553266645351 0.02379756086420317 0.0176159807548836 0.015225566771723077 0.030375005709587538
6 0.016 -10 0.010193160389378727 0.016278477141837826 0.013628255440599358 0.011457112277661689 0.010193160389378727 0.011100351664033434
6 0.011312 -10 0.004346087651895763 0.006710359334527059 0.00575422005110999 0.004645967699876571 0.004346087651895763 0.003954939763225145
6 0.008 -10 0.002102143134926057 0.0029913496809997795 0.0026949474989752054 0.0022955403033392543 0.002102143134926057 0.0015030323414721308
6 0.005656 -10 0.0010170374107041154 0.0013526597562364734 0.0011960359949880397 0.0010811107675784747 0.0010170374107041154 0.0005410639024945893
6 0.004 -10 0.00046985592337965484 0.00058544048053105 0.0005426835915035014 0.00049005972808498 0.00046985592337965484 0.00018559308973496366
6 0.002828 -10 0.00023060773439892554 0.0002700416569811418 0.0002543603310420149 0.00024029325924368044 0.00023060773439892554 6.203348055331098e-05
6 0.002 -10 0.00011458176738251244 0.00013039405128129915 0.00012420663584264348 0.00011733172979969274 0.00011458176738251244 2.440591645247515e-05
