6 0.362 -10 0.9861932938856016 1.0 0.9930966469428008 0.9871794871794872 0.9861932938856016 1.0
6 0.256 -10 0.9718172983479106 1.0 0.9873663751214772 0.9757045675413022 0.9718172983479106 1.0
6 0.181 -10 0.8865248226950354 0.9778368794326241 0.9290780141843972 0.8936170212765957 0.8865248226950354 0.9680851063829787
6 0.128 -10 0.6447453255963894 0.851063829787234 0.7343649258542876 0.662153449387492 0.6447453255963894 0.8317214700193424
6 0.090496 -10 0.39698292973402144 0.5533942040492259 0.46010321556173084 0.40849543469630806 0.39698292973402144 0.5172687574434299
6 0.064 -10 0.2079866888519135 0.3082362728785358 0.24792013311148087 0.2177620632279534 0.2079866888519135 0.2747504159733777
6 0.045249 -10 0.0971534052268532 0.1494219372389002 0.12406489847469154 0.10589721169726998 0.0971534052268532 0.1291168755464879
6 0.032 -10 0.03715676438895701 0.06142013153494594 0.04979006428120239 0.040166462304462525 0.03715676438895701 0.051350648385538586
6 0.022624 -10 0.014815473280293938 0.02414922144687912 0.020371275760404164 0.016267389661762745 0.014815473280293938 0.018223032134761546
6 0.016 -10 0.005753342692104113 0.009021241341219248 0.007870572802798426 0.0063631970174671485 0.005753342692104113 0.005966216371711965
6 0.011312 -10 0.0021583727596090757 0.0034512380426149117 0.0030778395552025417 0.0024713368097523916 0.0021583727596090757 0.0019598024657250406
6 0.008 -10 0.0008179965791383061 0.0012139069234412463 0.0010838454673582556 0.0008948882575773069 0.0008179965791383061 0.0005832315609256122
6 0.005656 -10 0.0002798163173766213 0.00040937127232199694 0.00037271533474565955 0.00031059611228804963 0.0002798163173766213 0.0001827200552469337
6 0.004 -10 0.00011344392149317612 0.00015326273793728093 0.00014067046265153838 0.00012376731834905515 0.00011344392149317612 5.161698427939513e-05
6 0.002828 -10 3.5643890303931534e-05 4.794103245878791e-05 4.4376643428394756e-05 3.863797708946178e-05 3.5643890303931534e-05 1.5718955624033804e-05
6 0.002 -10 1.3494844126116066e-05 1.7178936572545752e-05 1.597789544532142e-05 1.4493462591448655e-05 1.3494844126116066e-05 4.709700600014507e-06
