4 0.362 -10 0.9389671361502347 0.996244131455399 0.9483568075117371 0.9389671361502347 0.9389671361502347 0.9830985915492958
4 0.256 -10 0.8764241893076249 0.9947414548641542 0.8921998247151621 0.8764241893076249 0.8764241893076249 0.9772129710780018
4 0.181 -10 0.7173601147776184 0.9526542324246772 0.7403156384505022 0.7173601147776184 0.7173601147776184 0.9483500717360115
4 0.128 -10 0.5431830526887561 0.7479630635524172 0.5638240086909289 0.5431830526887561 0.5431830526887561 0.6789788158609451
4 0.090496 -10 0.3637686431429611 0.4423426700618407 0.39759912695525645 0.3684976355038196 0.3637686431429611 0.37904692615496544
4 0.064 -10 0.2203128442388191 0.4593522802379379 0.24807226261291032 0.2269222295659837 0.2203128442388191 0.44040537563339943
4 0.045249 -10 0.135464643727987 0.3446220536439989 0.3364941750203197 0.1448117041452181 0.135464643727987 0.3354104578704958
4 0.032 -10 0.0813868316106454 0.24033531374623585 0.24033531374623585 0.08716529665500122 0.0813868316106454 0.1961422641816554
4 0.022624 -10 0.04127455836222552 0.05167574706950635 0.05064388311045072 0.043916130097407954 0.04127455836222552 0.04961201915139508
4 0.016 -10 0.02406159769008662 0.026828681424446582 0.02521655437921078 0.024615014436958613 0.02406159769008662 0.025433108758421558
4 0.011312 -10 0.011719070443332435 0.012773786783232354 0.012351900247272386 0.012340181176829054 0.011719070443332435 0.012562843515252371
4 0.008 -10 0.006672315894123692 0.007259479692806576 0.006985914741147505 0.006819106843794413 0.006672315894123692 0.007092671795453484
4 0.005656 -10 0.0034823670345207045 0.003712203258799071 0.0035972851466598878 0.0035415672741075563 0.0034823670345207045 0.001626265405121169
4 0.004 -10 0.001723493106889319 0.0019096303624333655 0.0018406906381577927 0.0017700274207753306 0.001723493106889319 0.0009065573742237817
4 0.002828 -10 0.0008349482624309184 0.0009434915365469378 0.0009159382438867176 0.0009159382438867176 0.0008349482624309184 0.00045337690649998875
4 0.002 -10 0.0003909194111815461 0.0004511210005035042 0.0004511210005035042 0.00043431146582269774 0.0003909194111815461 0.00021070556262685336
