6 0.362 -10 0.9269988412514485 1.0 0.9432213209733488 0.9269988412514485 0.9269988412514485 1.0
6 0.256 -10 0.8938547486033519 1.0 0.9162011173184358 0.8938547486033519 0.8938547486033519 1.0
6 0.181 -10 0.7483629560336763 0.9532273152478953 0.7811038353601497 0.7492984097287184 0.7483629560336763 0.9279700654817586
6 0.128 -10 0.5637773079633545 0.7681465821000705 0.5926708949964764 0.5651867512332629 0.5637773079633545 0.7244538407329105
6 0.090496 -10 0.3357112882920688 0.4494334872010071 0.35501468736886277 0.33655056651279897 0.3357112882920688 0.3734788082249266
6 0.064 -10 0.16204172574437917 0.22989669839983795 0.17723313753291473 0.16204172574437917 0.16204172574437917 0.18533522382013368
6 0.045249 -10 0.07076514816452897 0.10234409553295003 0.07978770455550642 0.07111897390535162 0.07076514816452897 0.08385670057496683
6 0.032 -10 0.029930038534924614 0.043735268809158595 0.03426989412248868 0.030528639305623106 0.029930038534924614 0.03284821729207976
6 0.022624 -10 0.011836770928890598 0.01735566537448584 0.013789838132157548 0.011881158819873939 0.011836770928890598 0.012532181220962921
6 0.016 -10 0.0041275410174388604 0.006098441853265917 0.0048137447115880715 0.004158497575069652 0.0041275410174388604 0.004313280363223609
6 0.011312 -10 0.001598028033406776 0.0022632072023123467 0.0018257470281672417 0.0016120107786990853 0.001598028033406776 0.0014382252300660983
6 0.008 -10 0.0005970425497299128 0.0008328743568732285 0.0006806285066921007 0.0006037592784143744 0.0005970425497299128 0.0005067398640832636
6 0.005656 -10 0.00020313462112219182 0.00029073642648113707 0.000236143997054548 0.00020719731354463565 0.00020313462112219182 0.0001660625527673918
6 0.004 -10 7.514323004113623e-05 0.00010510659302003929 8.772972107302654e-05 7.711573982971605e-05 7.514323004113623e-05 5.400919659206666e-05
6 0.002828 -10 2.641470559489879e-05 3.546174226115163e-05 3.0310874670146363e-05 2.724016514473938e-05 2.641470559489879e-05 1.8985569646333507e-05
6 0.002 -10 9.110305552587747e-06 1.20825427391195e-05 1.0522402913238848e-05 9.372226837224645e-06 9.110305552587747e-06 5.443407567671179e-06
