4 0.362 -10 0.9302325581395349 0.9962790697674418 0.9413953488372093 0.9302325581395349 0.9302325581395349 0.9786046511627907
4 0.256 -10 0.8628127696289906 0.99137187230371 0.8843830888697153 0.8628127696289906 0.8628127696289906 0.9844693701466781
4 0.181 -10 0.7326007326007326 0.8043956043956044 0.7465201465201465 0.7326007326007326 0.7326007326007326 0.6417582417582418
4 0.128 -10 0.5333333333333333 0.6176 0.5408 0.5333333333333333 0.5333333333333333 0.5205333333333333
4 0.090496 -10 0.351000351000351 0.42365742365742365 0.3618813618813619 0.351000351000351 0.351000351000351 0.36995436995437
4 0.064 -10 0.2127659574468085 0.26404255319148934 0.21638297872340426 0.2127659574468085 0.2127659574468085 0.22340425531914893
4 0.045249 -10 0.12367054167697254 0.15013603759584468 0.1251545881770962 0.12367054167697254 0.12367054167697254 0.11662132080138511
4 0.032 -10 0.07678132678132678 0.08906633906633907 0.0770884520884521 0.07678132678132678 0.07678132678132678 0.05958230958230958
4 0.022624 -10 0.03797660641045116 0.04435667628740696 0.040748898678414094 0.03797660641045116 0.03797660641045116 0.02909008051040559
4 0.016 -10 0.020430261303042065 0.023290497885467956 0.02206468220728543 0.020430261303042065 0.020430261303042065 0.012012993646188734
4 0.011312 -10 0.010746679276103684 0.011907320637922882 0.011262519881356662 0.010746679276103684 0.010746679276103684 0.005427073034432361
4 0.008 -10 0.005774372181384579 0.006282516933346422 0.005970700835551655 0.005774372181384579 0.005774372181384579 0.002015255891303218
4 0.005656 -10 0.002744794497235992 0.0029122269615673873 0.002827138332153072 0.002744794497235992 0.002744794497235992 0.00067796424081729
4 0.004 -10 0.0014489960630776966 0.0015069559056008046 0.001466384015834629 0.0014489960630776966 0.0014489960630776966 0.00031733013781401557
4 0.002828 -10 0.000739306486157595 0.0007747931974931596 0.0007400457926437525 0.000739306486157595 0.000739306486157595 0.00014342545831457344
4 0.002 -10 0.00036188117414518236 0.0003712900846729571 0.00036477622353834385 0.00036188117414518236 0.00036188117414518236 4.161633502669598e-05
