4 0.362 -10 0.9182736455463728 0.9981634527089073 0.9348025711662076 0.9182736455463728 0.9182736455463728 0.9853076216712581
4 0.256 -10 0.8665511265164645 0.9896013864818024 0.8856152512998267 0.8665511265164645 0.8665511265164645 0.9731369150779896
4 0.181 -10 0.7272727272727273 0.8101818181818182 0.7410909090909091 0.7272727272727273 0.7272727272727273 0.6501818181818182
4 0.128 -10 0.5313496280552603 0.61211477151966 0.5414452709883103 0.5313496280552603 0.5313496280552603 0.49946865037194477
4 0.090496 -10 0.35714285714285715 0.4367857142857143 0.36714285714285716 0.35714285714285715 0.35714285714285715 0.37464285714285717
4 0.064 -10 0.22603978300180833 0.2820976491862568 0.23259493670886075 0.22603978300180833 0.22603978300180833 0.25113019891500904
4 0.045249 -10 0.12966804979253113 0.15676867219917012 0.1316130705394191 0.12966804979253113 0.12966804979253113 0.13213174273858921
4 0.032 -10 0.06906554320049728 0.08978520616064645 0.07010152634850474 0.06906554320049728 0.06906554320049728 0.08039229228537882
4 0.022624 -10 0.03995844321905218 0.04990809558059618 0.042875409574043 0.03995844321905218 0.03995844321905218 0.044673539518900345
4 0.016 -10 0.020223264843876397 0.02574421614625465 0.02097152564309982 0.020223264843876397 0.020223264843876397 0.02153777705872836
4 0.011312 -10 0.009884255369621729 0.01280011070366014 0.010833143885105416 0.009884255369621729 0.009884255369621729 0.011109903035454824
4 0.008 -10 0.005147687144166126 0.00672287941028096 0.005631569735717742 0.005147687144166126 0.005147687144166126 0.005631569735717742
4 0.005656 -10 0.0028147526817556175 0.0034902933253769656 0.003068080423113623 0.0028147526817556175 0.0028147526817556175 0.0027612723808022608
4 0.004 -10 0.0014277494528150223 0.0017946810621884829 0.001537686160681779 0.0014277494528150223 0.0014277494528150223 0.0014862871803804382
4 0.002828 -10 0.0007324199080520048 0.0009133276253408499 0.0007976052798686332 0.0007324199080520048 0.0007324199080520048 0.0007492655659372009
4 0.002 -10 0.00036100170753807664 0.00045522315320551467 0.00039204785438635124 0.00036100170753807664 0.00036100170753807664 0.00037327576559437127
