4 0.362 -10 0.9345794392523364 0.9981308411214953 0.9551401869158879 0.9420560747663551 0.9345794392523364 0.9813084112149533
4 0.256 -10 0.8810572687224669 0.9911894273127754 0.9127753303964757 0.8907488986784141 0.8810572687224669 0.9788546255506608
4 0.181 -10 0.7581501137225171 0.8362395754359363 0.7740712661106899 0.7672479150871873 0.7581501137225171 0.6664139499620925
4 0.128 -10 0.532197977647685 0.6333155934007451 0.5513571048430016 0.5391165513571048 0.532197977647685 0.5226184140500266
4 0.090496 -10 0.35932446999640677 0.43945382680560546 0.36938555515630617 0.362199065756378 0.35932446999640677 0.3765720445562343
4 0.064 -10 0.22941041523285158 0.2846983253039688 0.23721036935076853 0.2321633402156458 0.22941041523285158 0.25831612755219086
4 0.045249 -10 0.12656625743576763 0.15997974939881027 0.13390710036704215 0.12732565498038223 0.12656625743576763 0.13745095557524364
4 0.032 -10 0.06984215672579969 0.08674395865344321 0.07396284397262187 0.07019136750942868 0.06984215672579969 0.07619779298784747
4 0.022624 -10 0.03672285263119239 0.047519371304762956 0.04010135507326209 0.03690646689434835 0.03672285263119239 0.04142337776798502
4 0.016 -10 0.019897329778343745 0.025050738190934778 0.02097178558637431 0.019957021767678777 0.019897329778343745 0.021429424171276214
4 0.011312 -10 0.010434818903717925 0.013314828921144073 0.011227865140400488 0.010434818903717925 0.010434818903717925 0.011770475723393821
4 0.008 -10 0.0053426509165317645 0.006838593173160659 0.005775405640770837 0.005353336218364828 0.0053426509165317645 0.005748692386188179
4 0.005656 -10 0.002794092171512554 0.003540114781306406 0.0030427663747771712 0.002794092171512554 0.002794092171512554 0.0029673258861463324
4 0.004 -10 0.0013377085320387882 0.001698889835689261 0.0014861941790950937 0.0013377085320387882 0.0013377085320387882 0.0013818529135960682
4 0.002828 -10 0.000685131415056722 0.0008557291374058458 0.0007488486366569972 0.000685131415056722 0.000685131415056722 0.0007022597004331401
4 0.002 -10 0.0003658415233055684 0.00044522913386287673 0.00042510785008107046 0.0003658415233055684 0.0003658415233055684 0.0003588905343627626
