4 0.362 -10 0.9267840593141798 0.9990732159406858 0.9369786839666358 0.9267840593141798 0.9267840593141798 0.9860982391102873
4 0.256 -10 0.8787346221441125 0.9903339191564148 0.883128295254833 0.8787346221441125 0.8787346221441125 0.9824253075571178
4 0.181 -10 0.7246376811594203 0.9601449275362319 0.7347826086956522 0.7246376811594203 0.7246376811594203 0.9543478260869566
4 0.128 -10 0.5422993492407809 0.7635574837310195 0.5558568329718004 0.5422993492407809 0.5422993492407809 0.693058568329718
4 0.090496 -10 0.3527336860670194 0.4218694885361552 0.3664902998236332 0.3527336860670194 0.3527336860670194 0.363668430335097
4 0.064 -10 0.22207417277370642 0.46768820786142573 0.2556073728625361 0.22207417277370642 0.22207417277370642 0.4530313124583611
4 0.045249 -10 0.1335648457326032 0.3466007746761052 0.14104447709362897 0.1335648457326032 0.1335648457326032 0.3392547081608121
4 0.032 -10 0.08415383320710258 0.24960026929226625 0.0880249095346293 0.08415383320710258 0.08415383320710258 0.20264243036270302
4 0.022624 -10 0.0365911668923122 0.049690804639759965 0.03915254857477405 0.0365911668923122 0.0365911668923122 0.047422152292436605
4 0.016 -10 0.019308746862328634 0.025275149642788184 0.020563815408379996 0.019308746862328634 0.019308746862328634 0.024541417262019694
4 0.011312 -10 0.01102718200363897 0.014533825880796162 0.011721894469868226 0.01102718200363897 0.01102718200363897 0.014203010420686994
4 0.008 -10 0.00529400242465311 0.007041023224788637 0.005643406584680216 0.00529400242465311 0.00529400242465311 0.006935143176295575
4 0.005656 -10 0.0033146387706667725 0.0037024515068347853 0.003470426792888111 0.0033146387706667725 0.0033146387706667725 0.0016738925791867202
4 0.004 -10 0.0015974007095653953 0.03181542993241398 0.0016868551493010573 0.0015974007095653953 0.0015974007095653953 0.030841015499579086
4 0.002828 -10 0.0008794015145052882 0.0009928443098764705 0.0009189745826580262 0.0008794015145052882 0.0008794015145052882 0.00044761537088319173
4 0.002 -10 0.0004173535610692598 0.00047453099893574844 0.0004436468354166232 0.0004173535610692598 0.0004173535610692598 0.0002182759124392229
