4 0.362 -10 0.9970089730807578 0.9970089730807578 0.9970089730807578 0.9970089730807578 0.9970089730807578 0.0
4 0.256 -10 0.9823182711198428 0.9823182711198428 0.9823182711198428 0.9823182711198428 0.9823182711198428 0.0
4 0.181 -10 0.9033423667570009 0.9033423667570009 0.9033423667570009 0.9033423667570009 0.9033423667570009 0.0
4 0.128 -10 0.7199424046076314 0.7199424046076314 0.7199424046076314 0.7199424046076314 0.7199424046076314 0.0
4 0.090496 -10 0.5221932114882507 0.5221932114882507 0.5221932114882507 0.5221932114882507 0.5221932114882507 0.0
4 0.064 -10 0.3202049311559398 0.3202049311559398 0.3202049311559398 0.3202049311559398 0.3202049311559398 0.0
4 0.045249 -10 0.19681165124975397 0.19681165124975397 0.19681165124975397 0.19681165124975397 0.19681165124975397 0.0
4 0.032 -10 0.11380448389666553 0.11380448389666553 0.11380448389666553 0.11380448389666553 0.11380448389666553 0.0
4 0.022624 -10 0.059157595835305256 0.059157595835305256 0.059157595835305256 0.059157595835305256 0.059157595835305256 0.0
4 0.016 -10 0.030721022395625325 0.030721022395625325 0.030721022395625325 0.030721022395625325 0.030721022395625325 0.0
4 0.011312 -10 0.01448079123043283 0.01448079123043283 0.01448079123043283 0.01448079123043283 0.01448079123043283 0.0
4 0.008 -10 0.006900882622887467 0.006900882622887467 0.006900882622887467 0.006900882622887467 0.006900882622887467 0.0
4 0.005656 -10 0.003413936371053916 0.003413936371053916 0.003413936371053916 0.003413936371053916 0.003413936371053916 0.0
4 0.004 -10 0.001656847086268714 0.001656847086268714 0.001656847086268714 0.001656847086268714 0.001656847086268714 0.0
4 0.002828 -10 0.0008495310588555118 0.0008495310588555118 0.0008495310588555118 0.0008495310588555118 0.0008495310588555118 0.0
4 0.002 -10 0.0004747032985708108 0.0004747032985708108 0.0004747032985708108 0.0004747032985708108 0.0004747032985708108 0.0
