6 0.362 -10 0.9852216748768473 1.0 0.9960591133004926 0.987192118226601 0.9852216748768473 1.0
6 0.256 -10 0.9803921568627451 1.0 0.9911764705882353 0.9813725490196078 0.9803921568627451 1.0
6 0.181 -10 0.8849557522123894 0.9938053097345133 0.9230088495575222 0.8902654867256637 0.8849557522123894 0.9920353982300885
6 0.128 -10 0.649772579597141 0.875893437296946 0.7225471085120208 0.654320987654321 0.649772579597141 0.8589993502274204
6 0.090496 -10 0.37735849056603776 0.5773584905660377 0.43660377358490565 0.38452830188679243 0.37735849056603776 0.5483018867924528
6 0.064 -10 0.18201674554058975 0.3068802329814343 0.22424463050600654 0.18820531488896977 0.18201674554058975 0.28176192209683293
6 0.045249 -10 0.07204610951008646 0.13631123919308358 0.09243515850144092 0.07399135446685878 0.07204610951008646 0.12226224783861671
6 0.032 -10 0.02700877785280216 0.054341661039837945 0.03530047265361243 0.02822417285617826 0.02700877785280216 0.04794058068872384
6 0.022624 -10 0.009718267427283064 0.01989329342364843 0.013207125433677684 0.010252772135783633 0.009718267427283064 0.01665711037036317
6 0.016 -10 0.003381337048295637 0.007023037049310038 0.004585093037488884 0.0036078866305314446 0.003381337048295637 0.005748272982102583
6 0.011312 -10 0.0011981141682990972 0.00262746437107992 0.0016713692647772405 0.0012664066758921457 0.0011981141682990972 0.002084718652840429
6 0.008 -10 0.00039059341686043355 0.0008960212982778346 0.0005440966296865839 0.0004191067362912452 0.00039059341686043355 0.0007159577331051747
6 0.005656 -10 0.00013940484169743797 0.00031087279698528665 0.00018722070239965917 0.0001494419902996535 0.00013940484169743797 0.00024005513740298816
6 0.004 -10 4.818160224063723e-05 0.0001116849539937971 6.345517015091923e-05 5.169885920420375e-05 4.818160224063723e-05 8.691961044210957e-05
6 0.002828 -10 1.7015164748566994e-05 4.207850242320618e-05 2.2698229774588372e-05 1.824025661046382e-05 1.7015164748566994e-05 3.25840404935058e-05
6 0.002 -10 1.0284932113688487e-05 1.6003354368899285e-05 1.2393343196994628e-05 1.0583195144985454e-05 1.0284932113688487e-05 1.2280208943744054e-05
