8 0.362 -10 0.9940357852882704 1.0 0.9990059642147118 0.9950298210735586 0.9940357852882704 1.0
8 0.256 -10 0.9950248756218906 1.0 0.9980099502487563 0.9960199004975124 0.9950248756218906 1.0
8 0.181 -10 0.9460737937559129 0.9971617786187322 0.9763481551561022 0.9545884578997161 0.9460737937559129 0.9971617786187322
8 0.128 -10 0.7363770250368189 0.898379970544919 0.8387334315169367 0.7673048600883653 0.7363770250368189 0.8762886597938144
8 0.090496 -10 0.3979307600477517 0.5718265021886192 0.5109430959013131 0.4341424592120971 0.3979307600477517 0.5280541185833665
8 0.064 -10 0.1676727028839705 0.26458752515090544 0.23172367538564723 0.18712273641851107 0.1676727028839705 0.2255197853789403
8 0.045249 -10 0.054466230936819175 0.090359477124183 0.08066448801742919 0.06410675381263617 0.054466230936819175 0.06677559912854031
8 0.032 -10 0.016607433487228884 0.025990633407513203 0.023582555551865014 0.019663201248879 0.016607433487228884 0.016308499684458765
8 0.022624 -10 0.00505211254085896 0.007047696994498249 0.006628371653606956 0.005744251958956638 0.00505211254085896 0.0033647069522120673
8 0.016 -10 0.001637020230296006 0.0020102608428034952 0.001923498770597807 0.0017990852330953106 0.001637020230296006 0.0006122455661307062
8 0.011312 -10 0.0005209920731056077 0.0005960149316328152 0.0005855950901707031 0.0005532935816381553 0.0005209920731056077 0.00012555908961845146
8 0.008 -10 0.0001870708594484253 0.00020708744140940683 0.00020521673281492258 0.00019548904812360446 0.0001870708594484253 3.404689641961341e-05
8 0.005656 -10 6.317861732332416e-05 6.785383500525014e-05 6.741158468398688e-05 6.545304754696383e-05 6.317861732332416e-05 6.949647905565657e-06
8 0.004 -10 4.838145643278877e-05 5.036509614653311e-05 5.036509614653311e-05 4.9445848474310124e-05 4.838145643278877e-05 3.4834648631607913e-06
8 0.002828 -10 2.0986271222078212e-05 2.161585935874056e-05 2.161585935874056e-05 2.136402410407562e-05 2.0986271222078212e-05 9.86354747437676e-07
8 0.002 -10 1.0189932910806406e-05 1.0393731569022534e-05 1.0383541636111728e-05 1.0251072508271245e-05 1.0189932910806406e-05 3.1588792023499863e-07
