5 0.362 -10 0.7347538574577517 1.0 0.7736958119030125 0.7384276267450404 0.7347538574577517 1.0
5 0.256 -10 0.6954102920723226 0.9916550764951322 0.7343532684283728 0.6995827538247567 0.6954102920723226 0.9853963838664812
5 0.181 -10 0.5417118093174431 0.8759479956663055 0.5731310942578548 0.5438786565547129 0.5417118093174431 0.8271939328277357
5 0.128 -10 0.3519887363604365 0.604012671594509 0.3801478352692714 0.35304470256951775 0.3519887363604365 0.47272087293206616
5 0.090496 -10 0.1822489520685256 0.3621286677601604 0.2013850920357208 0.18261344997266266 0.1822489520685256 0.26936395115728085
5 0.064 -10 0.08668515950069348 0.2006761442441054 0.0944868238557559 0.08677184466019418 0.08668515950069348 0.1473647711511789
5 0.045249 -10 0.03830977282304716 0.10481553844385703 0.04060835919242999 0.038348082595870206 0.03830977282304716 0.08029728383710684
5 0.032 -10 0.015550164831747216 0.0542078746034708 0.01693412950177272 0.015612365491074205 0.015550164831747216 0.043276108726752506
5 0.022624 -10 0.006104372562066208 0.02672494307672586 0.006598826739593571 0.006104372562066208 0.006104372562066208 0.022531239126586375
5 0.016 -10 0.0023445119663890765 0.013781041338434991 0.00251331682796909 0.0023445119663890765 0.0023445119663890765 0.012168017105559308
5 0.011312 -10 0.0008393705056955486 0.006837512139395939 0.000914913851208148 0.0008393705056955486 0.0008393705056955486 0.0062289685227666656
5 0.008 -10 0.00030508379431494655 0.0034431757026384866 0.0003291854140658273 0.00030508379431494655 0.00030508379431494655 0.003230837381795284
5 0.005656 -10 0.00011227415912549208 0.0017341866618523507 0.00012192973681028441 0.00011227415912549208 0.00011227415912549208 0.001654359734714126
5 0.004 -10 4.072825541861947e-05 0.0008671045578624084 4.366068980876007e-05 4.0768983674038085e-05 4.072825541861947e-05 0.0008374543879176535
5 0.002828 -10 1.5244754379109053e-05 0.0004307405349817263 1.6632027027607975e-05 1.5244754379109053e-05 1.5244754379109053e-05 0.00041988626986380064
5 0.002 -10 5.377809249912577e-06 0.00021512312561500292 5.872567700904534e-06 5.377809249912577e-06 5.377809249912577e-06 0.0002111059021053182
