6 0.362 -10 0.9881422924901185 1.0 0.9940711462450593 0.9891304347826086 0.9881422924901185 1.0
6 0.256 -10 0.9615384615384616 1.0 0.9721153846153846 0.9615384615384616 0.9615384615384616 1.0
6 0.181 -10 0.8865248226950354 0.9849290780141844 0.9078014184397163 0.8909574468085106 0.8865248226950354 0.974290780141844
6 0.128 -10 0.6385696040868455 0.8033205619412516 0.6756066411238825 0.640485312899106 0.6385696040868455 0.7349936143039592
6 0.090496 -10 0.37425149700598803 0.47979041916167664 0.4098053892215569 0.37799401197604793 0.37425149700598803 0.375374251497006
6 0.064 -10 0.16894745734076702 0.22436222334853861 0.18871430984963677 0.17283324885960466 0.16894745734076702 0.15475587092414259
6 0.045249 -10 0.06964273278083433 0.09582840030642803 0.08162128281913782 0.07340344035099937 0.06964273278083433 0.06051953478654502
6 0.032 -10 0.026068142123510857 0.03714710252600297 0.03125570240608952 0.027136935950574804 0.026068142123510857 0.02166262610463752
6 0.022624 -10 0.009453761651761235 0.01353778668532209 0.011798294541398023 0.009841365879483446 0.009453761651761235 0.007203766378642062
6 0.016 -10 0.003352891869237217 0.0051936295054484495 0.004154233025984912 0.0035641240569991616 0.003352891869237217 0.002890192791282481
6 0.011312 -10 0.0011560760466823507 0.0018069468609645143 0.0014115688529991502 0.0012104116208764212 0.0011560760466823507 0.0009237047612991983
6 0.008 -10 0.0003866113400065028 0.0006553062213110223 0.0004960223492283431 0.000415220579166984 0.0003866113400065028 0.00035258954208593055
6 0.005656 -10 0.00013248937600816136 0.00021715008727737645 0.000165876698762218 0.0001429560367128061 0.00013248937600816136 0.00010148686202225159
6 0.004 -10 4.837605454961313e-05 7.841758442492288e-05 5.9502547096024144e-05 5.0407848840696877e-05 4.837605454961313e-05 3.545964798486642e-05
6 0.002828 -10 1.6804616039814437e-05 2.8887134972441016e-05 2.3375220911381882e-05 1.761123760972553e-05 1.6804616039814437e-05 1.4451969794240416e-05
6 0.002 -10 5.682083334945624e-06 9.523171669368867e-06 7.64808416883681e-06 5.886638335003667e-06 5.682083334945624e-06 4.289972917883946e-06
