4 0.362 -10 0.9233610341643582 0.997229916897507 0.9436749769159741 0.9233610341643582 0.9233610341643582 0.9824561403508771
4 0.256 -10 0.8741258741258742 0.9877622377622378 0.8951048951048951 0.8741258741258742 0.8741258741258742 0.9763986013986014
4 0.181 -10 0.7326007326007326 0.810989010989011 0.7501831501831502 0.7326007326007326 0.7326007326007326 0.6454212454212455
4 0.128 -10 0.546448087431694 0.6382513661202186 0.5568306010928962 0.546448087431694 0.546448087431694 0.5377049180327869
4 0.090496 -10 0.34928396786587496 0.4170450576318547 0.35766678309465594 0.34928396786587496 0.34928396786587496 0.3608103388054488
4 0.064 -10 0.2142704092564817 0.2742661238482966 0.2187700878508678 0.2142704092564817 0.2142704092564817 0.24619670023569745
4 0.045249 -10 0.13065064018813694 0.16148419127253724 0.13247974915077085 0.13065064018813694 0.13065064018813694 0.13692187091716748
4 0.032 -10 0.07127075760815338 0.09015750837431402 0.0729099850331409 0.07127075760815338 0.07127075760815338 0.07882545791461763
4 0.022624 -10 0.03967781613300004 0.04999404832758005 0.04277268579137404 0.03967781613300004 0.03967781613300004 0.043486886481768044
4 0.016 -10 0.019275993677474075 0.024538339951424498 0.020201241373992828 0.019275993677474075 0.019275993677474075 0.020740969196962104
4 0.011312 -10 0.01044015701996158 0.013394721456610708 0.011254489267518583 0.01044015701996158 0.01044015701996158 0.011912219159776163
4 0.008 -10 0.0051867757964294235 0.006706501104783245 0.005721013703461654 0.0051867757964294235 0.0051867757964294235 0.005721013703461654
4 0.005656 -10 0.0027915182509463247 0.0034140268209073552 0.003009256674520138 0.0027915182509463247 0.0027915182509463247 0.002847348615965251
4 0.004 -10 0.0013844452043510343 0.001687638704103911 0.0014578208001816391 0.0013844452043510343 0.0013844452043510343 0.0014052118824163
4 0.002828 -10 0.0007218168418636445 0.0008936092502271919 0.000771622203952236 0.0007218168418636445 0.0007218168418636445 0.0007384186292265083
4 0.002 -10 0.00034407288014118 0.00043525219337859267 0.00037882424103543916 0.00034407288014118 0.00034407288014118 0.00034820175470287417
