7 0.362 -10 1.0 1.0 1.0 1.0 1.0 0.0
7 0.256 -10 1.0 1.0 1.0 1.0 1.0 0.0
7 0.181 -10 0.9823182711198428 0.9823182711198428 0.9823182711198428 0.9823182711198428 0.9823182711198428 0.0
7 0.128 -10 0.8488964346349746 0.8488964346349746 0.8488964346349746 0.8488964346349746 0.8488964346349746 0.0
7 0.090496 -10 0.5977286312014346 0.5977286312014346 0.5977286312014346 0.5977286312014346 0.5977286312014346 0.0
7 0.064 -10 0.33344448149383127 0.33344448149383127 0.33344448149383127 0.33344448149383127 0.33344448149383127 0.0
7 0.045249 -10 0.18867924528301888 0.18867924528301888 0.18867924528301888 0.18867924528301888 0.18867924528301888 0.0
7 0.032 -10 0.09768486861385171 0.09768486861385171 0.09768486861385171 0.09768486861385171 0.09768486861385171 0.0
7 0.022624 -10 0.0514853524172373 0.0514853524172373 0.0514853524172373 0.0514853524172373 0.0514853524172373 0.0
7 0.016 -10 0.028313372405787254 0.028313372405787254 0.028313372405787254 0.028313372405787254 0.028313372405787254 0.0
7 0.011312 -10 0.014822061155824328 0.014822061155824328 0.014822061155824328 0.014822061155824328 0.014822061155824328 0.0
7 0.008 -10 0.007558750387385957 0.007558750387385957 0.007558750387385957 0.007558750387385957 0.007558750387385957 0.0
7 0.005656 -10 0.0037649326641793013 0.0037649326641793013 0.0037649326641793013 0.0037649326641793013 0.0037649326641793013 0.0
7 0.004 -10 0.0018871485185884128 0.0018871485185884128 0.0018871485185884128 0.0018871485185884128 0.0018871485185884128 0.0
7 0.002828 -10 0.0009574169656201141 0.0009574169656201141 0.0009574169656201141 0.0009574169656201141 0.0009574169656201141 0.0
7 0.002 -10 0.00046638201817490727 0.00046638201817490727 0.00046638201817490727 0.00046638201817490727 0.00046638201817490727 0.0
