8 0.362 -10 0.9950248756218906 1.0 0.9970149253731343 0.9950248756218906 0.9950248756218906 1.0
8 0.256 -10 0.9960159362549801 1.0 0.999003984063745 0.999003984063745 0.9960159362549801 1.0
8 0.181 -10 0.9551098376313276 0.9990448901623686 0.9828080229226361 0.9579751671442216 0.9551098376313276 0.9990448901623686
8 0.128 -10 0.7429420505200595 0.9138187221396731 0.8410104011887073 0.7682020802377415 0.7429420505200595 0.8893016344725111
8 0.090496 -10 0.4020908725371934 0.5854443104141536 0.51145958986731 0.43586650583031766 0.4020908725371934 0.5396059509449136
8 0.064 -10 0.1656726308813784 0.2654075546719682 0.23658051689860835 0.18903247183565275 0.1656726308813784 0.22697150430748841
8 0.045249 -10 0.057736720554272515 0.09711316397228638 0.08596997690531177 0.06732101616628175 0.057736720554272515 0.07424942263279445
8 0.032 -10 0.01594998086002297 0.026030368763557483 0.023366721959933646 0.018358427969886435 0.01594998086002297 0.01698672961592446
8 0.022624 -10 0.0049699072118323554 0.0073654024879355505 0.00685847195232865 0.005705453479183544 0.0049699072118323554 0.00396598595504222
8 0.016 -10 0.0016623528609923915 0.002239189303756751 0.0021344610735142306 0.0018452116757015544 0.0016623528609923915 0.0008893587806309294
8 0.011312 -10 0.0005393397079691217 0.000686579448244692 0.000664466520217958 0.0005765541478189912 0.0005393397079691217 0.00022436531851515462
8 0.008 -10 0.00019351140769099479 0.00023376178049072172 0.0002302785751522838 0.00020396102370630852 0.00019351140769099479 6.095609342266336e-05
8 0.005656 -10 5.981848678370353e-05 8.29682411689968e-05 7.63882076227894e-05 6.466378421318351e-05 5.981848678370353e-05 2.996906187863547e-05
8 0.004 -10 2.1504035694634866e-05 3.085829122180103e-05 2.8428335188307292e-05 2.311683837173248e-05 2.1504035694634866e-05 1.1375634882461843e-05
8 0.002828 -10 7.438163054590553e-06 1.0748145613883348e-05 9.95226216704216e-06 8.181979360049608e-06 7.438163054590553e-06 3.994293560315127e-06
8 0.002 -10 2.801260895710847e-06 4.196288821774849e-06 3.907758949516631e-06 3.058976898116245e-06 2.801260895710847e-06 1.6331351021994237e-06
