4 0.362 -10 0.9398496240601504 1.0 0.9473684210526315 0.9398496240601504 0.9398496240601504 0.9859022556390977
4 0.256 -10 0.8576329331046312 0.9888507718696398 0.8807890222984562 0.8576329331046312 0.8576329331046312 0.9802744425385935
4 0.181 -10 0.7158196134574087 0.9577666428060129 0.7394416607015032 0.7165354330708661 0.7158196134574087 0.9477451682176091
4 0.128 -10 0.5385029617662898 0.7399030694668821 0.5589660743134087 0.5401184706515886 0.5385029617662898 0.687668282175552
4 0.090496 -10 0.390625 0.453515625 0.413671875 0.390625 0.390625 0.37578125
4 0.064 -10 0.22779043280182232 0.28132118451025057 0.24715261958997722 0.22779043280182232 0.22779043280182232 0.2469248291571754
4 0.045249 -10 0.12825445684237527 0.16006156213928435 0.1390278312171348 0.12825445684237527 0.12825445684237527 0.14082339361292806
4 0.032 -10 0.07408504963698326 0.09327307749296192 0.09142095125203734 0.08579048747962661 0.07408504963698326 0.07727070677137354
4 0.022624 -10 0.04045471095109025 0.0493952020712812 0.04846474371940612 0.045309276265221084 0.04045471095109025 0.037339698207856306
4 0.016 -10 0.022731405710129115 0.02698217857792326 0.026777595926532095 0.0258456082924168 0.022731405710129115 0.01691216584833606
4 0.011312 -10 0.013177834881728932 0.01506226526981617 0.014983198260525795 0.014614218883837385 0.013177834881728932 0.0070369638268432495
4 0.008 -10 0.007523039307880384 0.008177543727665977 0.008124882452510815 0.00803460598081625 0.007523039307880384 0.0026405867970660146
4 0.005656 -10 0.004719674908792282 0.004998135728411027 0.004998135728411027 0.004969817678958273 0.004719674908792282 0.0011280023032013554
4 0.004 -10 0.0030233676082441186 0.0031291854745326628 0.0031291854745326628 0.00310499853366671 0.0030233676082441186 0.00039303778907173547
4 0.002828 -10 0.0020192107712779382 0.0020474797220758293 0.0020434413005332736 0.002031326035905606 0.0020192107712779382 0.00011509501396284249
4 0.002 -10 0.0012858346030950039 0.0012974071145228588 0.0012974071145228588 0.001288406272301194 0.0012858346030950039 4.243254190213513e-05
