4 0.362 -10 0.9280742459396751 0.9988399071925754 0.9373549883990719 0.9280742459396751 0.9280742459396751 0.9860788863109049
4 0.256 -10 0.8629989212513485 0.9967637540453075 0.8737864077669902 0.8629989212513485 0.8629989212513485 0.9870550161812298
4 0.181 -10 0.7434944237918215 0.9600371747211895 0.7527881040892194 0.7434944237918215 0.7434944237918215 0.9488847583643123
4 0.128 -10 0.5453306066803 0.7627811860940695 0.5589638718473074 0.5453306066803 0.5453306066803 0.7021131561008862
4 0.090496 -10 0.36815462494247586 0.436723423838012 0.3838011965025311 0.36815462494247586 0.36815462494247586 0.3649332719742292
4 0.064 -10 0.2159827213822894 0.2713282937365011 0.2281317494600432 0.2159827213822894 0.2159827213822894 0.23920086393088552
4 0.045249 -10 0.12626262626262627 0.1617739898989899 0.13273358585858586 0.12626262626262627 0.12626262626262627 0.14662247474747475
4 0.032 -10 0.06870491240123669 0.08716935760906905 0.08201648917897629 0.06870491240123669 0.06870491240123669 0.07634833390587427
4 0.022624 -10 0.0403327451474666 0.04860095790269725 0.04608016133098059 0.0403327451474666 0.0403327451474666 0.03675321401562894
4 0.016 -10 0.021249468763280918 0.025525924351891202 0.024729069273268168 0.021249468763280918 0.021249468763280918 0.017265193370165747
4 0.011312 -10 0.010616274749190508 0.011983120123148788 0.01182387600191093 0.010616274749190508 0.010616274749190508 0.006781145496045438
4 0.008 -10 0.005358877315202465 0.0060957229460428045 0.005961751013162742 0.005358877315202465 0.005358877315202465 0.003041162876377399
4 0.005656 -10 0.002620450652000878 0.0029971404332260042 0.002908700223720974 0.002620450652000878 0.002620450652000878 0.001339705395835449
4 0.004 -10 0.0013779419059692444 0.0015329603703907843 0.001476120266769553 0.0013779419059692444 0.0013779419059692444 0.0006734691065424682
4 0.002828 -10 0.0007263337757916585 0.0007535712923838456 0.0007472158718456687 0.0007263337757916585 0.0007263337757916585 0.00013709550018067552
4 0.002 -10 0.0003547695439215782 0.000374725330767167 0.00036142147287010777 0.0003547695439215782 0.0003547695439215782 0.00010776124896617938
