8 0.362 -10 0.9937888198757764 1.0 1.0 0.9950310559006211 0.9937888198757764 1.0
8 0.256 -10 0.9975062344139651 1.0 1.0 0.9987531172069826 0.9975062344139651 1.0
8 0.181 -10 0.9696969696969697 1.0 0.9842424242424243 0.9721212121212122 0.9696969696969697 1.0
8 0.128 -10 0.7684918347742555 0.8943323727185398 0.8318924111431316 0.7848222862632085 0.7684918347742555 0.8683957732949087
8 0.090496 -10 0.367816091954023 0.5135632183908045 0.43724137931034485 0.3825287356321839 0.367816091954023 0.44229885057471263
8 0.064 -10 0.1257071024512885 0.19076052796983028 0.16043368950345693 0.13387806411062225 0.1257071024512885 0.14487743557511
8 0.045249 -10 0.02982848620432513 0.045563012677106635 0.03821774794929157 0.0319537658463833 0.02982848620432513 0.028672632363907533
8 0.032 -10 0.008097739718401102 0.011346957780409544 0.009676798963489316 0.00867470367333718 0.008097739718401102 0.00544572996062474
8 0.022624 -10 0.002191318543759262 0.0028021485878321557 0.0024597550653697713 0.0022899278782284285 0.002191318543759262 0.0009340495292773853
8 0.016 -10 0.0006299113399788979 0.00082597124454733 0.0007165241492259964 0.0006629816853277902 0.0006299113399788979 0.00025353931434150644
8 0.011312 -10 0.00018400906060614424 0.00022150090670464614 0.00019918980810615115 0.00018883929844705553 0.00018400906060614424 4.692231045456678e-05
8 0.008 -10 6.283976676392168e-05 7.8628258163357e-05 6.873099489803933e-05 6.393946268229031e-05 6.283976676392168e-05 1.790933352771768e-05
8 0.005656 -10 2.1334999739046284e-05 2.4348568452186572e-05 2.2295074727303368e-05 2.176169973382721e-05 2.1334999739046284e-05 3.4936062072688293e-06
8 0.004 -10 7.159448974083627e-06 8.600288080117957e-06 7.67850902470469e-06 7.3294858872181136e-06 7.159448974083627e-06 1.6198253303864206e-06
8 0.002828 -10 2.4774832847764157e-06 2.889364880870495e-06 2.657100822922706e-06 2.508451825836121e-06 2.4774832847764157e-06 4.4594699125975487e-07
8 0.002 -10 9.069572889766916e-07 1.0611400281027292e-06 9.579736364816304e-07 9.216953449225628e-07 9.069572889766916e-07 1.655197052382462e-07
