6 0.362 -10 0.9765625 1.0 0.984375 0.9775390625 0.9765625 1.0
6 0.256 -10 0.9794319294809011 1.0 0.9862879529872673 0.9794319294809011 0.9794319294809011 1.0
6 0.181 -10 0.8795074758135444 0.9771328056288479 0.8988566402814424 0.882145998240985 0.8795074758135444 0.9674582233948988
6 0.128 -10 0.6451612903225806 0.7851612903225806 0.6825806451612904 0.6529032258064517 0.6451612903225806 0.7180645161290322
6 0.090496 -10 0.37202380952380953 0.47470238095238093 0.40401785714285715 0.37537202380952384 0.37202380952380953 0.36607142857142855
6 0.064 -10 0.1771793054571226 0.2264351523742027 0.19790928419560597 0.1810772501771793 0.1771793054571226 0.1527285613040397
6 0.045249 -10 0.06954586549829612 0.09075735447527644 0.07983865359204395 0.07128451213575353 0.06954586549829612 0.05229849085471869
6 0.032 -10 0.026281899655707115 0.0339824962548293 0.030092775105784647 0.026991510946411206 0.026281899655707115 0.017635154668979473
6 0.022624 -10 0.00944795593473352 0.011857184698090568 0.01076122180966148 0.009750290524644992 0.00944795593473352 0.005168031896299235
6 0.016 -10 0.0033330222512565496 0.004012958790512886 0.0037529830549148744 0.003403015718532937 0.0033330222512565496 0.0013598730785126722
6 0.011312 -10 0.0011365082828723656 0.0013319877075264124 0.0012433400614623679 0.0011649209899441747 0.0011365082828723656 0.0003466350262760715
6 0.008 -10 0.00040113440810612413 0.00045849662846529984 0.0004344285639789324 0.0004075525586358221 0.00040113440810612413 0.0001014870052508494
6 0.005656 -10 0.00014157509943173171 0.00015700678526979047 0.00014978645519877215 0.00014355715082377596 0.00014157509943173171 2.661611869316556e-05
6 0.004 -10 4.843292603987066e-05 5.4244877164655145e-05 5.187166378870148e-05 4.882038944818963e-05 4.843292603987066e-05 8.233597426778013e-06
6 0.002828 -10 1.7816774182881312e-05 2.0043870955741475e-05 1.899268127895148e-05 1.7959308376344363e-05 1.7816774182881312e-05 3.0644851594555857e-06
6 0.002 -10 5.710264219921233e-06 6.418336983191466e-06 6.007197959357138e-06 5.744525805240761e-06 5.710264219921233e-06 9.193525394073186e-07
