6 0.362 -10 1.0 1.0 1.0 1.0 1.0 0.0
6 0.256 -10 1.0 1.0 1.0 1.0 1.0 0.0
6 0.181 -10 0.9861932938856016 0.9861932938856016 0.9861932938856016 0.9861932938856016 0.9861932938856016 0.0
6 0.128 -10 0.8695652173913043 0.8695652173913043 0.8695652173913043 0.8695652173913043 0.8695652173913043 0.0
6 0.090496 -10 0.6207324643078833 0.6207324643078833 0.6207324643078833 0.6207324643078833 0.6207324643078833 0.0
6 0.064 -10 0.34746351633078526 0.34746351633078526 0.34746351633078526 0.34746351633078526 0.34746351633078526 0.0
6 0.045249 -10 0.16396130513198884 0.16396130513198884 0.16396130513198884 0.16396130513198884 0.16396130513198884 0.0
6 0.032 -10 0.0723589001447178 0.0723589001447178 0.0723589001447178 0.0723589001447178 0.0723589001447178 0.0
6 0.022624 -10 0.02808594298553574 0.02808594298553574 0.02808594298553574 0.02808594298553574 0.02808594298553574 0.0
6 0.016 -10 0.011550144954319178 0.011550144954319178 0.011550144954319178 0.011550144954319178 0.011550144954319178 0.0
6 0.011312 -10 0.0044809291654717524 0.0044809291654717524 0.0044809291654717524 0.0044809291654717524 0.0044809291654717524 0.0
6 0.008 -10 0.001824075239455477 0.001824075239455477 0.001824075239455477 0.001824075239455477 0.001824075239455477 0.0
6 0.005656 -10 0.0007945481285610654 0.0007945481285610654 0.0007945481285610654 0.0007945481285610654 0.0007945481285610654 0.0
6 0.004 -10 0.0003610157828879963 0.0003610157828879963 0.0003610157828879963 0.0003610157828879963 0.0003610157828879963 0.0
6 0.002828 -10 0.0001759664650149633 0.0001759664650149633 0.0001759664650149633 0.0001759664650149633 0.0001759664650149633 0.0
6 0.002 -10 8.053878514330025e-05 8.053878514330025e-05 8.053878514330025e-05 8.053878514330025e-05 8.053878514330025e-05 0.0
