4 0.362 -10 0.9354536950420954 0.9971936389148737 0.9541627689429373 0.9354536950420954 0.9354536950420954 0.9784845650140318
4 0.256 -10 0.8673026886383348 0.9913269731136166 0.8820468343451865 0.8673026886383348 0.8673026886383348 0.9757155247181266
4 0.181 -10 0.7246376811594203 0.8043478260869565 0.7391304347826086 0.7246376811594203 0.7246376811594203 0.6521739130434783
4 0.128 -10 0.5341880341880342 0.6223290598290598 0.5432692307692307 0.5341880341880342 0.5341880341880342 0.5202991452991453
4 0.090496 -10 0.3473428273706148 0.4126432789162904 0.35567905522750953 0.3473428273706148 0.3473428273706148 0.35428968391802707
4 0.064 -10 0.21696680407897592 0.2666522022130614 0.21978737253200262 0.21696680407897592 0.21696680407897592 0.22955087871555652
4 0.045249 -10 0.1276324186343331 0.15507338864071474 0.12878111040204213 0.1276324186343331 0.1276324186343331 0.1206126356094448
4 0.032 -10 0.07133176403452457 0.08652542977387831 0.07190241814680078 0.07133176403452457 0.07133176403452457 0.05720807475568871
4 0.022624 -10 0.03896508728179551 0.04644638403990025 0.04196539900249376 0.03896508728179551 0.03896508728179551 0.028678304239401497
4 0.016 -10 0.019001653143823512 0.021661884583958804 0.020464780435897924 0.019001653143823512 0.019001653143823512 0.010697930719972638
4 0.011312 -10 0.010544741337494992 0.01162030495391948 0.010998165215007277 0.010544741337494992 0.010544741337494992 0.00532509437543497
4 0.008 -10 0.0054733339171556174 0.005883833960942289 0.005653953936421753 0.0054733339171556174 0.0054733339171556174 0.0018937735353358439
4 0.005656 -10 0.002676724011017396 0.0028426808997004745 0.0027356119392597787 0.002676724011017396 0.002676724011017396 0.0006129697985229837
4 0.004 -10 0.0014134095820689206 0.0014826666515902979 0.00144026436412823 0.0014134095820689206 0.0014134095820689206 0.00026854782059309494
4 0.002828 -10 0.0007163816422905873 0.0007593645408280226 0.0007235454587134932 0.0007163816422905873 0.0007163816422905873 0.00014757461831186097
4 0.002 -10 0.00037432098173912525 0.0003877965370817337 0.0003784385125382556 0.00037432098173912525 0.00037432098173912525 6.700345573130341e-05
