8 0.362 -10 0.9940357852882704 1.0 1.0 0.9970178926441352 0.9940357852882704 1.0
8 0.256 -10 0.9950248756218906 1.0 1.0 0.9980099502487563 0.9950248756218906 1.0
8 0.181 -10 0.968054211035818 1.0 0.9874152952565344 0.9757986447241046 0.968054211035818 1.0
8 0.128 -10 0.7668711656441718 0.8903374233128835 0.8243865030674846 0.7806748466257669 0.7668711656441718 0.8581288343558282
8 0.090496 -10 0.37299515106303616 0.5069004102946661 0.4360313315926893 0.3845580007459903 0.37299515106303616 0.44349123461395
8 0.064 -10 0.12714558169103624 0.18092816274634457 0.15422759059122695 0.1340114431023522 0.12714558169103624 0.13312142403051494
8 0.045249 -10 0.033628140027575075 0.0449271950768403 0.03988297407270404 0.035141406328815954 0.033628140027575075 0.023237044759054377
8 0.032 -10 0.00853825136612022 0.010331284153005464 0.009631147540983606 0.008879781420765027 0.00853825136612022 0.003210382513661202
8 0.022624 -10 0.0026549494895859605 0.0028434509033465638 0.0027797321155965007 0.002700083630908922 0.0026549494895859605 0.00033983353466700294
8 0.016 -10 0.0007898332661975058 0.0008143180974496284 0.0008048400982552583 0.0007977315988594808 0.0007898332661975058 4.1861163108467804e-05
8 0.011312 -10 0.00024628018409936323 0.00024997438686085366 0.0002489892661244562 0.0002472653048357607 0.00024628018409936323 6.15700460248408e-06
8 0.008 -10 8.709438078377452e-05 8.779113583004472e-05 8.770404144926095e-05 8.726856954534207e-05 8.709438078377452e-05 7.838494270539708e-07
8 0.005656 -10 3.136036594787349e-05 3.145444704571711e-05 3.142308667976924e-05 3.136036594787349e-05 3.136036594787349e-05 1.2544146379149395e-07
8 0.004 -10 1.1340062435662156e-05 1.1340062435662156e-05 1.1340062435662156e-05 1.1340062435662156e-05 1.1340062435662156e-05 0.0
8 0.002828 -10 4.295926550034953e-06 4.295926550034953e-06 4.295926550034953e-06 4.295926550034953e-06 4.295926550034953e-06 4.295926550034953e-09
8 0.002 -10 1.4137366716140524e-06 1.4137366716140524e-06 1.4137366716140524e-06 1.4137366716140524e-06 1.4137366716140524e-06 0.0
