4 0.362 -10 0.9363295880149812 0.9971910112359551 0.9578651685393258 0.9363295880149812 0.9363295880149812 0.9794007490636704
4 0.256 -10 0.8912655971479501 0.9910873440285205 0.9099821746880571 0.8912655971479501 0.8912655971479501 0.9777183600713012
4 0.181 -10 0.7189072609633357 0.8087706685837527 0.7354421279654925 0.7189072609633357 0.7189072609633357 0.6412652767792955
4 0.128 -10 0.5324813631522897 0.6054313099041534 0.5378061767838126 0.5324813631522897 0.5324813631522897 0.5015974440894568
4 0.090496 -10 0.352112676056338 0.4221830985915493 0.3542253521126761 0.352112676056338 0.352112676056338 0.3637323943661972
4 0.064 -10 0.22872827081427263 0.27950594693504116 0.23124428179322964 0.22872827081427263 0.22872827081427263 0.24062214089661482
4 0.045249 -10 0.1288161793121216 0.15573876078835502 0.13036197346386705 0.1288161793121216 0.1288161793121216 0.11941259822233673
4 0.032 -10 0.06922810661128419 0.08099688473520249 0.0695742471443406 0.06922810661128419 0.06922810661128419 0.05261336102457598
4 0.022624 -10 0.03920492413847179 0.04579135139373505 0.041557219586780096 0.03920492413847179 0.03920492413847179 0.0277962912141765
4 0.016 -10 0.020616006267265907 0.02325485506947594 0.021688038593163733 0.020616006267265907 0.020616006267265907 0.011359419453263514
4 0.011312 -10 0.010840695972681447 0.012054853921621768 0.011252642419643341 0.010840695972681447 0.010840695972681447 0.005442029378286086
4 0.008 -10 0.005291425245389845 0.005746487816493373 0.0055030822552054395 0.005291425245389845 0.005291425245389845 0.0019578273407942427
4 0.005656 -10 0.0028327408183788224 0.002980043340934521 0.0028865628939280202 0.0028327408183788224 0.0028327408183788224 0.0007251816495049785
4 0.004 -10 0.0014992953311943388 0.0015622657351045009 0.001536777714474197 0.0014992953311943388 0.0014992953311943388 0.00030435695223245075
4 0.002828 -10 0.0007497797521977919 0.0007767718232769125 0.0007550282104631764 0.0007497797521977919 0.0007497797521977919 0.00013196123638681138
4 0.002 -10 0.0003669427176731722 0.0003830881972507918 0.000375015457461982 0.0003669427176731722 0.0003669427176731722 7.595714255834664e-05
