4 0.362 -10 0.929368029739777 0.9981412639405205 0.949814126394052 0.929368029739777 0.929368029739777 0.9795539033457249
4 0.256 -10 0.8628127696289906 0.9930974978429681 0.8817946505608283 0.8628127696289906 0.8628127696289906 0.9775668679896462
4 0.181 -10 0.7246376811594203 0.8144927536231884 0.7471014492753624 0.7246376811594203 0.7246376811594203 0.6673913043478261
4 0.128 -10 0.537345513164965 0.6217087587318646 0.5502418054809243 0.537345513164965 0.537345513164965 0.5239118753358409
4 0.090496 -10 0.3469812630117974 0.42678695350451074 0.35392088827203333 0.3469812630117974 0.3469812630117974 0.37335183900069396
4 0.064 -10 0.22177866489243736 0.2736748724772677 0.2262142381902861 0.22177866489243736 0.22177866489243736 0.24617431803060547
4 0.045249 -10 0.12698412698412698 0.16038095238095237 0.1295238095238095 0.12698412698412698 0.12698412698412698 0.13726984126984126
4 0.032 -10 0.07145409074669525 0.08753126116470168 0.07252590210789568 0.07145409074669525 0.07145409074669525 0.07652733118971061
4 0.022624 -10 0.03881535535457827 0.04882971703605946 0.04223110662578116 0.03881535535457827 0.03881535535457827 0.04308504444358188
4 0.016 -10 0.019205654144580163 0.024756088192363832 0.020242759468387495 0.019205654144580163 0.019205654144580163 0.021414304371206883
4 0.011312 -10 0.009663049465150212 0.01274556224453313 0.010716321856851585 0.009663049465150212 0.009663049465150212 0.011073854687062143
4 0.008 -10 0.005492785226604855 0.0068934454593890925 0.005921222474280033 0.005492785226604855 0.005492785226604855 0.005904744118600219
4 0.005656 -10 0.0028855615158431755 0.0035607829105504785 0.0031279486831740024 0.0028855615158431755 0.0028855615158431755 0.0029028748849382344
4 0.004 -10 0.0013714411103187228 0.0017499588567666904 0.0014880136046958143 0.0013714411103187228 0.0013714411103187228 0.0014592133413791212
4 0.002828 -10 0.0007103973039001522 0.0009000733840414929 0.0007722018693394655 0.0007103973039001522 0.0007103973039001522 0.0007551523340458619
4 0.002 -10 0.0003528265286032938 0.0004417388138113239 0.00038352243659178043 0.0003528265286032938 0.0003528265286032938 0.0003560019673607235
