6 0.362 -10 1.0 1.0 1.0 1.0 1.0 0.0
6 0.256 -10 1.0 1.0 1.0 1.0 1.0 0.0
6 0.181 -10 0.9849086576648134 0.9849086576648134 0.9849086576648134 0.9849086576648134 0.9849086576648134 0.0
6 0.128 -10 0.8125819134993447 0.8125819134993447 0.8125819134993447 0.8125819134993447 0.8125819134993447 0.0
6 0.090496 -10 0.5286343612334802 0.5286343612334802 0.5286343612334802 0.5286343612334802 0.5286343612334802 0.0
6 0.064 -10 0.26493039964077236 0.26493039964077236 0.26493039964077236 0.26493039964077236 0.26493039964077236 0.0
6 0.045249 -10 0.10915592359085349 0.10915592359085349 0.10915592359085349 0.10915592359085349 0.10915592359085349 0.0
6 0.032 -10 0.04152326799341613 0.04152326799341613 0.04152326799341613 0.04152326799341613 0.04152326799341613 0.0
6 0.022624 -10 0.013330011212158963 0.013330011212158963 0.013330011212158963 0.013330011212158963 0.013330011212158963 0.0
6 0.016 -10 0.004406128675584228 0.004406128675584228 0.004406128675584228 0.004406128675584228 0.004406128675584228 0.0
6 0.011312 -10 0.0015455905468182707 0.0015455905468182707 0.0015455905468182707 0.0015455905468182707 0.0015455905468182707 0.0
6 0.008 -10 0.0005136527445774503 0.0005136527445774503 0.0005136527445774503 0.0005136527445774503 0.0005136527445774503 0.0
6 0.005656 -10 0.00017681908585212688 0.00017681908585212688 0.00017681908585212688 0.00017681908585212688 0.00017681908585212688 0.0
6 0.004 -10 5.8667525559240854e-05 5.8667525559240854e-05 5.8667525559240854e-05 5.8667525559240854e-05 5.8667525559240854e-05 0.0
6 0.002828 -10 2.031631568978473e-05 2.031631568978473e-05 2.031631568978473e-05 2.031631568978473e-05 2.031631568978473e-05 0.0
6 0.002 -10 7.747572737757376e-06 7.747572737757376e-06 7.747572737757376e-06 7.747572737757376e-06 7.747572737757376e-06 0.0
