8 0.362 -10 1.0 1.0 1.0 1.0 1.0 0.0
8 0.256 -10 0.998003992015968 0.998003992015968 0.998003992015968 0.998003992015968 0.998003992015968 0.0
8 0.181 -10 0.9930486593843099 0.9930486593843099 0.9930486593843099 0.9930486593843099 0.9930486593843099 0.0
8 0.128 -10 0.8976660682226212 0.8976660682226212 0.8976660682226212 0.8976660682226212 0.8976660682226212 0.0
8 0.090496 -10 0.5924170616113744 0.5924170616113744 0.5924170616113744 0.5924170616113744 0.5924170616113744 0.0
8 0.064 -10 0.2573340195573855 0.2573340195573855 0.2573340195573855 0.2573340195573855 0.2573340195573855 0.0
8 0.045249 -10 0.09305788200260562 0.09305788200260562 0.09305788200260562 0.09305788200260562 0.09305788200260562 0.0
8 0.032 -10 0.02754517408550022 0.02754517408550022 0.02754517408550022 0.02754517408550022 0.02754517408550022 0.0
8 0.022624 -10 0.007543070935039073 0.007543070935039073 0.007543070935039073 0.007543070935039073 0.007543070935039073 0.0
8 0.016 -10 0.002187446680987151 0.002187446680987151 0.002187446680987151 0.002187446680987151 0.002187446680987151 0.0
8 0.011312 -10 0.0007552733183084294 0.0007552733183084294 0.0007552733183084294 0.0007552733183084294 0.0007552733183084294 0.0
8 0.008 -10 0.0002697254976637726 0.0002697254976637726 0.0002697254976637726 0.0002697254976637726 0.0002697254976637726 0.0
8 0.005656 -10 0.00010349880826297226 0.00010349880826297226 0.00010349880826297226 0.00010349880826297226 0.00010349880826297226 0.0
8 0.004 -10 3.961794984716187e-05 3.961794984716187e-05 3.961794984716187e-05 3.961794984716187e-05 3.961794984716187e-05 0.0
8 0.002828 -10 1.8736873531930826e-05 1.8736873531930826e-05 1.8736873531930826e-05 1.8736873531930826e-05 1.8736873531930826e-05 0.0
8 0.002 -10 7.667733902765834e-06 7.667733902765834e-06 7.667733902765834e-06 7.667733902765834e-06 7.667733902765834e-06 0.0
