6 0.362 -10 0.9881422924901185 1.0 0.9960474308300395 0.9891304347826086 0.9881422924901185 1.0
6 0.256 -10 0.9727626459143969 1.0 0.9815175097276264 0.9737354085603113 0.9727626459143969 1.0
6 0.181 -10 0.8726003490401396 0.993891797556719 0.918848167539267 0.8769633507853403 0.8726003490401396 0.9930191972076788
6 0.128 -10 0.6600660066006601 0.8673267326732673 0.7240924092409241 0.6653465346534654 0.6600660066006601 0.8448844884488449
6 0.090496 -10 0.3838771593090211 0.581573896353167 0.44606525911708256 0.39040307101727445 0.3838771593090211 0.5504798464491363
6 0.064 -10 0.1755001755001755 0.3001053001053001 0.2113022113022113 0.1784836784836785 0.1755001755001755 0.27606177606177607
6 0.045249 -10 0.0743549706297866 0.13435943192802438 0.09108483902148859 0.07665997471930999 0.0743549706297866 0.119860212655216
6 0.032 -10 0.02778858444950814 0.053909853832045794 0.03543044517312288 0.029233590840882565 0.02778858444950814 0.04707386205746679
6 0.022624 -10 0.00957047699257331 0.020251129316285123 0.012671311538167062 0.010125564658142561 0.00957047699257331 0.017217288109639385
6 0.016 -10 0.0034812759572638565 0.007387267581313904 0.004699722542306206 0.0036866712387424237 0.0034812759572638565 0.006151414616485234
6 0.011312 -10 0.0011952272186704054 0.0026354760171682437 0.0016804894694505898 0.001288454941726697 0.0011952272186704054 0.002132285358108003
6 0.008 -10 0.0004338503962355669 0.0010091360216439285 0.000583962633333073 0.00046465377436829213 0.0004338503962355669 0.0008121679417529812
6 0.005656 -10 0.00013976838142903107 0.00034928118519114866 0.00019022476712491127 0.00015039077841763742 0.00013976838142903107 0.0002817730569609266
6 0.004 -10 4.6497890483704534e-05 0.0001281946840635734 6.439957831993078e-05 5.068270062723794e-05 4.6497890483704534e-05 0.00010392278523107963
6 0.002828 -10 1.619729733516395e-05 5.0017254170986286e-05 2.364805410933937e-05 1.749308112197707e-05 1.619729733516395e-05 4.0800991987277995e-05
6 0.002 -10 6.3542256630043534e-06 2.0320813670287924e-05 8.501953937099825e-06 6.748187654110624e-06 6.3542256630043534e-06 1.6590883206104367e-05
