6 0.362 -10 0.984251968503937 1.0 0.9891732283464567 0.985236220472441 0.984251968503937 1.0
6 0.256 -10 0.9746588693957114 1.0 0.9873294346978557 0.9756335282651072 0.9746588693957114 1.0
6 0.181 -10 0.8787346221441125 0.9859402460456942 0.9138840070298769 0.8840070298769771 0.8787346221441125 0.9710017574692443
6 0.128 -10 0.6397952655150352 0.7920665387076136 0.6756238003838771 0.6410748560460653 0.6397952655150352 0.7306461932181701
6 0.090496 -10 0.35549235691432635 0.4482758620689655 0.3913970849626733 0.3604692499111269 0.35549235691432635 0.34589406327763955
6 0.064 -10 0.17624250969333805 0.22735283750440607 0.19774409587592529 0.17941487486781812 0.17624250969333805 0.15685583362707084
6 0.045249 -10 0.07312614259597806 0.09162705667276051 0.08241316270566727 0.07488117001828154 0.07312614259597806 0.05477148080438757
6 0.032 -10 0.029203901641259272 0.03589159511710765 0.032825185444775425 0.02999240698557327 0.029203901641259272 0.018398458033993342
6 0.022624 -10 0.010077292836052522 0.01214313786744329 0.01122610421936251 0.010258684107101469 0.010077292836052522 0.004968105368173894
6 0.016 -10 0.003318169299634006 0.003995075836759343 0.0037097132769908186 0.0034409415637204643 0.003318169299634006 0.0013339040584528705
6 0.011312 -10 0.0010799334329031959 0.0012743214508257712 0.001191166576492225 0.0011036919684270661 0.0010799334329031959 0.0003812165018148281
6 0.008 -10 0.0003672658854431595 0.0004098687281545661 0.00039738168804949865 0.0003742439372665796 0.0003672658854431595 9.144920547534672e-05
6 0.005656 -10 0.00014125409054189448 0.00015241316369470415 0.000148599303250073 0.000143231647809481 0.00014125409054189448 2.401319539212206e-05
6 0.004 -10 4.8066669624369073e-05 5.200813653356734e-05 5.071033645370937e-05 4.869153632948587e-05 4.8066669624369073e-05 6.969667095533516e-06
6 0.002828 -10 1.6369703600815874e-05 1.7581061667276245e-05 1.7139079670054218e-05 1.645155211881995e-05 1.6369703600815874e-05 2.0953220609044318e-06
6 0.002 -10 5.923777428896248e-06 6.344365626347882e-06 6.166652303480994e-06 5.947472538611833e-06 5.923777428896248e-06 6.397679623207948e-07
