8 0.362 -10 0.7558578987150416 1.0 0.8835978835978836 0.7883597883597884 0.7558578987150416 1.0
8 0.256 -10 0.7173601147776184 1.0 0.8658536585365854 0.7474892395982783 0.7173601147776184 1.0
8 0.181 -10 0.6514657980456026 0.9921824104234528 0.7550488599348534 0.6599348534201954 0.6514657980456026 0.9895765472312703
8 0.128 -10 0.39984006397441024 0.897640943622551 0.49940023990403837 0.4062375049980008 0.39984006397441024 0.8828468612554978
8 0.090496 -10 0.1808972503617945 0.6660636758321273 0.23154848046309695 0.18216353111432707 0.1808972503617945 0.6519536903039074
8 0.064 -10 0.063403499873193 0.3937991377124017 0.08597514582804971 0.06391072787217854 0.063403499873193 0.38359117423281763
8 0.045249 -10 0.0176444640494045 0.22789589766210852 0.02427878253198059 0.0176444640494045 0.0176444640494045 0.22500220555800618
8 0.032 -10 0.004876050788945018 0.12899592362154044 0.00700688498371399 0.004895554992100798 0.004876050788945018 0.12817187103820873
8 0.022624 -10 0.0012171595148402173 0.06922959888508189 0.0018233049532306457 0.0012195938338698978 0.0012171595148402173 0.06905676223397457
8 0.016 -10 0.0003204745073745991 0.035770723564138004 0.0004640470866784195 0.00032143593089672295 0.0003204745073745991 0.035732907572267804
8 0.011312 -10 8.491636544708934e-05 0.018270690105961187 0.00011412759516088806 8.508619817798351e-05 8.491636544708934e-05 0.01825948114572217
8 0.008 -10 2.075804175359702e-05 0.009292607245540502 3.225799688508977e-05 2.075804175359702e-05 2.075804175359702e-05 0.009290614473532157
8 0.005656 -10 5.040725965756847e-06 0.004729380485755909 6.976364736607476e-06 5.045766691722603e-06 5.040725965756847e-06 0.00472895202404882
8 0.004 -10 1.2367980894418045e-06 0.00237437405215814 1.6672038245675525e-06 1.239271685620688e-06 1.2367980894418045e-06 0.0023742664507243588
8 0.002828 -10 2.9867572160975754e-07 0.0011947668030434548 4.7190764014341693e-07 2.992730730529771e-07 2.9867572160975754e-07 0.001194741415607118
8 0.002 -10 7.642325710533485e-08 0.000601201970024079 1.0729825297589012e-07 7.642325710533485e-08 7.642325710533485e-08 0.0006011950919309395
