4 0.362 -10 0.9380863039399625 0.9380863039399625 0.9380863039399625 0.9380863039399625 0.9380863039399625 0.0
4 0.256 -10 0.9267840593141798 0.9267840593141798 0.9267840593141798 0.9267840593141798 0.9267840593141798 0.0
4 0.181 -10 0.8130081300813008 0.8130081300813008 0.8130081300813008 0.8130081300813008 0.8130081300813008 0.0
4 0.128 -10 0.6172839506172839 0.6172839506172839 0.6172839506172839 0.6172839506172839 0.6172839506172839 0.0
4 0.090496 -10 0.4192872117400419 0.4192872117400419 0.4192872117400419 0.4192872117400419 0.4192872117400419 0.0
4 0.064 -10 0.2576655501159495 0.2576655501159495 0.2576655501159495 0.2576655501159495 0.2576655501159495 0.0
4 0.045249 -10 0.14812620352540365 0.14812620352540365 0.14812620352540365 0.14812620352540365 0.14812620352540365 0.0
4 0.032 -10 0.08118201006656925 0.08118201006656925 0.08118201006656925 0.08118201006656925 0.08118201006656925 0.0
4 0.022624 -10 0.043559698566885914 0.043559698566885914 0.043559698566885914 0.043559698566885914 0.043559698566885914 0.0
4 0.016 -10 0.021575438520787936 0.021575438520787936 0.021575438520787936 0.021575438520787936 0.021575438520787936 0.0
4 0.011312 -10 0.011620880397898945 0.011620880397898945 0.011620880397898945 0.011620880397898945 0.011620880397898945 0.0
4 0.008 -10 0.006255512670540914 0.006255512670540914 0.006255512670540914 0.006255512670540914 0.006255512670540914 0.0
4 0.005656 -10 0.003162345321784448 0.003162345321784448 0.003162345321784448 0.003162345321784448 0.003162345321784448 0.0
4 0.004 -10 0.001621155429897997 0.001621155429897997 0.001621155429897997 0.001621155429897997 0.001621155429897997 0.0
4 0.002828 -10 0.0010178054892285644 0.0010178054892285644 0.0010178054892285644 0.0010178054892285644 0.0010178054892285644 0.0
4 0.002 -10 0.0005797679536742214 0.0005797679536742214 0.0005797679536742214 0.0005797679536742214 0.0005797679536742214 0.0
