8 0.362 -10 0.9970089730807578 1.0 1.0 0.9990029910269193 0.9970089730807578 1.0
8 0.256 -10 0.9960159362549801 1.0 0.999003984063745 0.9970119521912351 0.9960159362549801 1.0
8 0.181 -10 0.9652509652509652 1.0 0.9893822393822393 0.972007722007722 0.9652509652509652 1.0
8 0.128 -10 0.764525993883792 0.8922018348623854 0.8195718654434251 0.7752293577981652 0.764525993883792 0.8593272171253823
8 0.090496 -10 0.36114120621162876 0.5243770314192849 0.4308414590104731 0.37342000722282415 0.36114120621162876 0.4611773203322499
8 0.064 -10 0.12370113805047006 0.20299356754082137 0.1595744680851064 0.13310242454230578 0.12370113805047006 0.161058881741712
8 0.045249 -10 0.031869462680859204 0.06469500924214418 0.04541398432022436 0.03607623175473262 0.031869462680859204 0.05029001211039582
8 0.032 -10 0.007859040254004182 0.02005627072821867 0.012040049669134405 0.009140063815406862 0.007859040254004182 0.014979330724131969
8 0.022624 -10 0.0019120166421928537 0.006300094836025453 0.0030133382280959375 0.0021338105726872248 0.0019120166421928537 0.004889026554087127
8 0.016 -10 0.0005496447371241598 0.0023420362248860447 0.0012669311190711882 0.0006447332766466395 0.0005496447371241598 0.001902320435186717
8 0.011312 -10 0.00016796227164269452 0.000781864374496743 0.0003745558657632088 0.00024102585980726666 0.00016796227164269452 0.0006354012736243134
8 0.008 -10 5.3381841056422365e-05 0.0003897408215529397 0.00011119437492052779 5.984104382424947e-05 5.3381841056422365e-05 0.0003411633461915953
8 0.005656 -10 1.897069666677461e-05 0.00016299622576092745 7.165232131040771e-05 4.215288799357318e-05 1.897069666677461e-05 0.00014514480019749254
8 0.004 -10 7.256129996761589e-06 6.227936376220472e-05 2.1884488070232954e-05 1.1725906074766728e-05 7.256129996761589e-06 5.519738088536541e-05
8 0.002828 -10 2.6651867630823564e-06 2.284598093314196e-05 9.943811813060271e-06 7.864966137856034e-06 2.6651867630823564e-06 2.023676309208433e-05
8 0.002 -10 8.725942058551023e-07 8.389120695090953e-06 3.6579149109445885e-06 3.5732732729766436e-06 8.725942058551023e-07 7.532233184941242e-06
