6 0.362 -10 0.98435 1.0
6 0.256 -10 0.97074 0.99998
6 0.181 -10 0.88113 0.98027
6 0.128 -10 0.66509 0.84705
6 0.090496 -10 0.4178 0.56343
6 0.064 -10 0.2199 0.32094
6 0.045249 -10 0.10586 0.15678
6 0.032 -10 0.04985 0.06882
6 0.022624 -10 0.02173 0.03068
6 0.016 -10 0.010870503597122301 0.014381294964028776
6 0.011312 -10 0.00508641975308642 0.006292181069958848
6 0.008 -10 0.002361111111111111 0.002643162393162393
6 0.005656 -10 0.0010344149459193706 0.0012133726647000982
6 0.004 -10 0.0005005488474204171 0.0005137211855104281
6 0.002828 -10 0.00032967032967032967 0.0002893772893772894
