4 0.362 -10 0.9302325581395349 0.9302325581395349 0.9302325581395349 0.9302325581395349 0.9302325581395349 0.0
4 0.256 -10 0.9099181073703366 0.9099181073703366 0.9099181073703366 0.9099181073703366 0.9099181073703366 0.0
4 0.181 -10 0.7917656373713381 0.7917656373713381 0.7917656373713381 0.7917656373713381 0.7917656373713381 0.0
4 0.128 -10 0.5844535359438925 0.5844535359438925 0.5844535359438925 0.5844535359438925 0.5844535359438925 0.0
4 0.090496 -10 0.35650623885918004 0.35650623885918004 0.35650623885918004 0.35650623885918004 0.35650623885918004 0.0
4 0.064 -10 0.22799817601459188 0.22799817601459188 0.22799817601459188 0.22799817601459188 0.22799817601459188 0.0
4 0.045249 -10 0.1316655694535879 0.1316655694535879 0.1316655694535879 0.1316655694535879 0.1316655694535879 0.0
4 0.032 -10 0.0728862973760933 0.0728862973760933 0.0728862973760933 0.0728862973760933 0.0728862973760933 0.0
4 0.022624 -10 0.03719407870267054 0.03719407870267054 0.03719407870267054 0.03719407870267054 0.03719407870267054 0.0
4 0.016 -10 0.021610407572286813 0.021610407572286813 0.021610407572286813 0.021610407572286813 0.021610407572286813 0.0
4 0.011312 -10 0.011367382432847187 0.011367382432847187 0.011367382432847187 0.011367382432847187 0.011367382432847187 0.0
4 0.008 -10 0.005611735260777338 0.005611735260777338 0.005611735260777338 0.005611735260777338 0.005611735260777338 0.0
4 0.005656 -10 0.0032100049434076127 0.0032100049434076127 0.0032100049434076127 0.0032100049434076127 0.0032100049434076127 0.0
4 0.004 -10 0.0018077298528507899 0.0018077298528507899 0.0018077298528507899 0.0018077298528507899 0.0018077298528507899 0.0
4 0.002828 -10 0.0009431364190241933 0.0009431364190241933 0.0009431364190241933 0.0009431364190241933 0.0009431364190241933 0.0
4 0.002 -10 0.00048452805029788784 0.00048452805029788784 0.00048452805029788784 0.00048452805029788784 0.00048452805029788784 0.0
