6 0.362 -10 0.9813542688910697 1.0 0.9911678115799804 0.9823356231599607 0.9813542688910697 1.0
6 0.256 -10 0.975609756097561 1.0 0.9882926829268293 0.9765853658536585 0.975609756097561 1.0
6 0.181 -10 0.8680555555555556 0.984375 0.8975694444444444 0.8732638888888888 0.8680555555555556 0.9722222222222222
6 0.128 -10 0.6662225183211192 0.8061292471685543 0.7048634243837442 0.6695536309127248 0.6662225183211192 0.7415056628914057
6 0.090496 -10 0.3795066413662239 0.47514231499051235 0.41707779886148005 0.38368121442125236 0.3795066413662239 0.3571157495256167
6 0.064 -10 0.17917935853789643 0.22379501881383265 0.2012184196380577 0.18330048378426805 0.17917935853789643 0.15373588962551515
6 0.045249 -10 0.07567158531971245 0.09534619750283768 0.08414680287552025 0.0771850170261067 0.07567158531971245 0.056980703745743475
6 0.032 -10 0.025709584533113946 0.03290826820238585 0.02997737556561086 0.026737967914438502 0.025709584533113946 0.01817667626491156
6 0.022624 -10 0.009815372836937212 0.012259400673334576 0.011169894288434547 0.010168726259066951 0.009815372836937212 0.005467162670174027
6 0.016 -10 0.0033886358707438734 0.004096860767729343 0.0038020494469746258 0.003469963131641726 0.0033886358707438734 0.0015045543266102798
6 0.011312 -10 0.0011809596241714093 0.0013663702851663205 0.0012801602326018076 0.0012057597762790088 0.0011809596241714093 0.00036727844311730827
6 0.008 -10 0.0004099309881181503 0.0004652716715141006 0.0004373963643220664 0.000417309745904277 0.0004099309881181503 0.00010576219493448278
6 0.005656 -10 0.00014499473814095286 0.0001580442645736386 0.00015340443295312813 0.00014832961711819478 0.00014499473814095286 2.8128979199344854e-05
6 0.004 -10 4.9441567384703256e-05 5.3742983747172435e-05 5.2160853590861936e-05 5.033151559762791e-05 4.9441567384703256e-05 7.317351972936082e-06
6 0.002828 -10 1.7488713440172468e-05 1.8625479813783678e-05 1.808332969713833e-05 1.764611186113402e-05 1.7488713440172468e-05 2.028690759060006e-06
6 0.002 -10 6.281741916731453e-06 6.70261862515246e-06 6.457630690399933e-06 6.338277593982036e-06 6.281741916731453e-06 7.224003204241171e-07
