8 0.362 -10 0.9940357852882704 1.0 0.9970178926441352 0.9950298210735586 0.9940357852882704 1.0
8 0.256 -10 0.9960159362549801 1.0 0.999003984063745 0.9970119521912351 0.9960159362549801 1.0
8 0.181 -10 0.9596928982725528 0.9990403071017274 0.9875239923224568 0.9654510556621881 0.9596928982725528 0.9990403071017274
8 0.128 -10 0.7593014426727411 0.9157175398633257 0.8321943811693242 0.7737281700835231 0.7593014426727411 0.8936977980258163
8 0.090496 -10 0.37064492216456635 0.5292809488510007 0.44551519644180876 0.3858413639733136 0.37064492216456635 0.4670126019273536
8 0.064 -10 0.121153380179307 0.20487036588320814 0.16161860915919554 0.1314514174945481 0.121153380179307 0.16464744366367823
8 0.045249 -10 0.03233734316388565 0.06570948130901565 0.046695123528650885 0.03644418574569913 0.03233734316388565 0.05025223127667831
8 0.032 -10 0.007869554268446235 0.020020146058927223 0.012071896247796525 0.009042117854444724 0.007869554268446235 0.015243326617980358
8 0.022624 -10 0.0018228616010558015 0.006380015603695305 0.0030150130881462954 0.002156445274049013 0.0018228616010558015 0.005082138143743574
8 0.016 -10 0.0004679279821401248 0.002051864201684447 0.0008132588329595368 0.0005713400661930924 0.0004679279821401248 0.0016976427192043728
8 0.011312 -10 0.00011546690776157008 0.000633566922887735 0.00029016833920482557 0.00018278411498656543 0.00011546690776157008 0.0005386531247077243
8 0.008 -10 2.999586357041364e-05 0.00019575300566051942 7.591953069671692e-05 3.395531756170824e-05 2.999586357041364e-05 0.00017064646785208318
8 0.005656 -10 7.844358021583249e-06 5.55851209409389e-05 1.4159066228957764e-05 9.170054527230818e-06 7.844358021583249e-06 4.863501973381614e-05
8 0.004 -10 2.6038716425848292e-06 2.762707812782504e-05 4.423977920751625e-06 3.020491105398402e-06 2.6038716425848292e-06 2.5280989777856106e-05
8 0.002828 -10 7.86491417209495e-07 1.1083237051316202e-05 4.662321121217886e-06 8.54916170506721e-07 7.86491417209495e-07 1.0367529861655561e-05
8 0.002 -10 1.1767043843069526e-07 2.5196770981164775e-06 1.5014747943756716e-06 1.3567401551059165e-07 1.1767043843069526e-07 2.4169508053664807e-06
