4 0.362 -10 0.9372071227741331 1.0 0.9409559512652296 0.9372071227741331 0.9372071227741331 0.985941893158388
4 0.256 -10 0.8748906386701663 0.9930008748906387 0.8810148731408574 0.8748906386701663 0.8748906386701663 0.9772528433945756
4 0.181 -10 0.7374631268436578 0.9631268436578171 0.7514749262536873 0.7374631268436578 0.7374631268436578 0.9579646017699115
4 0.128 -10 0.5443658138268916 0.763745236799129 0.5547087642896026 0.5443658138268916 0.5443658138268916 0.7005988023952096
4 0.090496 -10 0.3524850193866761 0.4212195981670779 0.36446951004582306 0.3524850193866761 0.3524850193866761 0.3545999295029961
4 0.064 -10 0.2226179875333927 0.27626892252894036 0.23063223508459482 0.2226179875333927 0.2226179875333927 0.2404274265360641
4 0.045249 -10 0.12901561088891755 0.16694620049025932 0.1383047348729196 0.12901561088891755 0.12901561088891755 0.1528834989033673
4 0.032 -10 0.07267441860465117 0.08888081395348837 0.08430232558139535 0.07267441860465117 0.07267441860465117 0.07696220930232558
4 0.022624 -10 0.038764197387293094 0.046013102298716906 0.043958599837190374 0.038764197387293094 0.038764197387293094 0.033104624568748305
4 0.016 -10 0.02058502645175899 0.023713950472426356 0.02348751518145701 0.02058502645175899 0.02058502645175899 0.013544947405257416
4 0.011312 -10 0.010665187760630525 0.012478269679937716 0.012339622239049518 0.010665187760630525 0.010665187760630525 0.006388447468617685
4 0.008 -10 0.005384130812842228 0.006019458248757612 0.006008689987131928 0.005384130812842228 0.005384130812842228 0.0026651447523569033
4 0.005656 -10 0.002600022880201346 0.0029068255800651045 0.0029068255800651045 0.002600022880201346 0.002600022880201346 0.0011700102960906056
4 0.004 -10 0.0013132666193890685 0.0014367136816116409 0.001419641215559583 0.0013132666193890685 0.0013132666193890685 0.00047934231607700995
4 0.002828 -10 0.00071825148857621 0.0007505728055621395 0.0007412355362106488 0.00071825148857621 0.00071825148857621 0.00012641226198941297
4 0.002 -10 0.0003661598038555163 0.00038776323228299173 0.0003800738764020259 0.0003661598038555163 0.0003661598038555163 9.080763135616803e-05
