6 0.362 -10 0.9871668311944719 1.0 0.9921026653504442 0.9871668311944719 0.9871668311944719 1.0
6 0.256 -10 0.975609756097561 1.0 0.9834146341463414 0.9775609756097561 0.975609756097561 1.0
6 0.181 -10 0.8771929824561403 0.9850877192982456 0.8956140350877193 0.8771929824561403 0.8771929824561403 0.9710526315789474
6 0.128 -10 0.6435006435006435 0.7882882882882883 0.6692406692406693 0.6473616473616474 0.6435006435006435 0.7303732303732303
6 0.090496 -10 0.3672420124862284 0.4616232096951891 0.395519647447668 0.3709144326110907 0.3672420124862284 0.35842820418655896
6 0.064 -10 0.17316017316017315 0.22683982683982684 0.19497835497835497 0.17593073593073594 0.17316017316017315 0.15601731601731603
6 0.045249 -10 0.06806425265450586 0.09113803430438334 0.07888646882657228 0.07031037299210455 0.06806425265450586 0.05499591614484073
6 0.032 -10 0.027462719358470875 0.035262131656276605 0.031170186471864442 0.02823167550050806 0.027462719358470875 0.018043006618515364
6 0.022624 -10 0.009394434736861882 0.012090637506341243 0.010812994382128027 0.009732634387388911 0.009394434736861882 0.005476955451590478
6 0.016 -10 0.0034314734747100404 0.00426189005558987 0.0038672706059982155 0.003551575046324892 0.0034314734747100404 0.0015407315901448083
6 0.011312 -10 0.0011492390313753748 0.0014055193353720834 0.0012802522809521675 0.0011906116365048883 0.0011492390313753748 0.0004516509393305223
6 0.008 -10 0.00040027122378123416 0.00048793062178932443 0.000442699973502045 0.00040747610580929637 0.00040027122378123416 0.0001404951995472132
6 0.005656 -10 0.00013619669635845446 0.00016139308518476852 0.00014627525188898007 0.00013823964680383127 0.00013619669635845446 4.004182872938561e-05
6 0.004 -10 4.7567142805838295e-05 5.617679565369503e-05 5.08017085166353e-05 4.823308280512003e-05 4.7567142805838295e-05 1.2605292843547148e-05
6 0.002828 -10 1.6821137414361066e-05 2.1497413615553443e-05 1.8452787743554088e-05 1.717438130006265e-05 1.6821137414361066e-05 5.971503782098179e-06
6 0.002 -10 5.919696475850775e-06 7.666006936226756e-06 6.476147944580749e-06 6.008491922988538e-06 5.919696475850775e-06 2.190287696064787e-06
