6 0.362 -10 0.9871668311944719 1.0 0.9960513326752222 0.9881539980256664 0.9871668311944719 1.0
6 0.256 -10 0.9718172983479106 1.0 0.9805636540330418 0.9757045675413022 0.9718172983479106 1.0
6 0.181 -10 0.8888888888888888 0.9902222222222222 0.9031111111111111 0.8906666666666667 0.8888888888888888 0.9804444444444445
6 0.128 -10 0.6464124111182935 0.8021978021978022 0.6819650937297996 0.6489980607627667 0.6464124111182935 0.7427278603749192
6 0.090496 -10 0.3837298541826554 0.49693016116653876 0.418649270913277 0.386415963161934 0.3837298541826554 0.38526477359938605
6 0.064 -10 0.16526194017517765 0.22690464386051892 0.18476284911584862 0.16757560733763013 0.16526194017517765 0.16146091555114858
6 0.045249 -10 0.07088679379031686 0.09895796413128234 0.08130715247749344 0.07223364287233289 0.07088679379031686 0.06479052952434962
6 0.032 -10 0.02644033737870495 0.04024219349038894 0.03180772586658206 0.02728642817482351 0.02644033737870495 0.026413897041326247
6 0.022624 -10 0.009750675234259973 0.015454820246302056 0.011681308930643447 0.010111450217927592 0.009750675234259973 0.009662919157151633
6 0.016 -10 0.0033125964793724615 0.005406157454335857 0.0042666242654317305 0.0035246026540522992 0.0033125964793724615 0.0033655980230424213
6 0.011312 -10 0.0011176406159540964 0.001999459061941878 0.0014495798788924628 0.0011824637716794338 0.0011176406159540964 0.0012517574898685878
6 0.008 -10 0.0003917586515980619 0.0006887117095093928 0.0004846054520268026 0.0004121301014811611 0.0003917586515980619 0.00039293392755285607
6 0.005656 -10 0.0001398445124803536 0.0002519998114895972 0.00018557366806142922 0.0001500531618914194 0.0001398445124803536 0.00014963362835397834
6 0.004 -10 4.8756116881478805e-05 9.239284149040234e-05 6.445558651731497e-05 5.056009320609352e-05 4.8756116881478805e-05 5.421680197220443e-05
6 0.002828 -10 1.6261016106666543e-05 3.01804458939731e-05 2.1204365003093172e-05 1.8309904136106526e-05 1.6261016106666543e-05 1.6326060171093208e-05
6 0.002 -10 5.885029487205072e-06 1.0969694964150254e-05 8.698073582089097e-06 6.8972545590043445e-06 5.885029487205072e-06 5.726133691050535e-06
