8 0.362 -10 0.9940357852882704 1.0 1.0 0.9970178926441352 0.9940357852882704 1.0
8 0.256 -10 0.9970089730807578 1.0 1.0 0.9980059820538385 0.9970089730807578 1.0
8 0.181 -10 0.9689922480620154 1.0 0.9903100775193798 0.9767441860465116 0.9689922480620154 0.999031007751938
8 0.128 -10 0.7390983000739099 0.8943089430894309 0.8203991130820399 0.7671840354767184 0.7390983000739099 0.8625277161862528
8 0.090496 -10 0.384172109104879 0.5040338071456012 0.4387245485977718 0.3980023050326546 0.384172109104879 0.4368036880522474
8 0.064 -10 0.13869625520110956 0.1930651872399445 0.16768377253814146 0.14715672676837727 0.13869625520110956 0.14826629680998613
8 0.045249 -10 0.03383407768304236 0.04557450263905806 0.04043172283123562 0.036506969820002705 0.03383407768304236 0.02710109622411693
8 0.032 -10 0.008112273870365864 0.010148454611827696 0.009272329033828183 0.008534112111624888 0.008112273870365864 0.0040318001135718345
8 0.022624 -10 0.0019215913851215022 0.0022194380498153352 0.0020830050614717086 0.0019869254922156333 0.0019215913851215022 0.0005630262758406001
8 0.016 -10 0.0005579410635695731 0.0006031342897187084 0.0005808166471759255 0.0005690998848409645 0.0005579410635695731 9.261821655254913e-05
8 0.011312 -10 0.00016727946711452956 0.00017631255833871416 0.00017229785112796544 0.00017079233592393468 0.00016727946711452956 1.8233461915483724e-05
8 0.008 -10 5.267634274894866e-05 5.430930937416607e-05 5.346648789018289e-05 5.336113520468499e-05 5.267634274894866e-05 3.6346676496774573e-06
8 0.005656 -10 1.835463440661018e-05 1.8740081729148992e-05 1.851982611626967e-05 1.850147148186306e-05 1.835463440661018e-05 9.17731720330509e-07
8 0.004 -10 6.559074193499025e-06 6.664019380595009e-06 6.624664935434015e-06 6.611546787047017e-06 6.559074193499025e-06 2.2300852257896684e-07
8 0.002828 -10 2.1137133120243977e-06 2.1369641584566658e-06 2.120054451960471e-06 2.1179407386484463e-06 2.1137133120243977e-06 5.495654611263434e-08
8 0.002 -10 7.240039725489811e-07 7.26899988439177e-07 7.25451980494079e-07 7.25451980494079e-07 7.240039725489811e-07 1.3032071505881658e-08
