4 0.362 -10 0.9267840593141798 1.0 0.9462465245597775 0.9267840593141798 0.9267840593141798 0.9851714550509731
4 0.256 -10 0.8764241893076249 0.9903593339176161 0.8913234005258545 0.8764241893076249 0.8764241893076249 0.978965819456617
4 0.181 -10 0.704225352112676 0.7894366197183098 0.7204225352112676 0.704225352112676 0.704225352112676 0.6380281690140845
4 0.128 -10 0.5361930294906166 0.6230563002680966 0.5533512064343163 0.5361930294906166 0.5361930294906166 0.5217158176943699
4 0.090496 -10 0.3624501631025734 0.43638999637549836 0.37912287060529176 0.3624501631025734 0.3624501631025734 0.3787604204421892
4 0.064 -10 0.21724961981316532 0.27221377362589616 0.22593960460569193 0.21724961981316532 0.21724961981316532 0.24462307190962415
4 0.045249 -10 0.12408487405385284 0.15808412954460851 0.12420895892790669 0.12408487405385284 0.12408487405385284 0.14431070852463085
4 0.032 -10 0.07028394714647175 0.0917908349732921 0.07091650267078999 0.07028394714647175 0.07028394714647175 0.0870818105144785
4 0.022624 -10 0.03888176056611843 0.049302072397838174 0.04039814922819705 0.03888176056611843 0.03888176056611843 0.047280220848400015
4 0.016 -10 0.01960899660764359 0.025825048532266606 0.02060905543463341 0.01960899660764359 0.01960899660764359 0.02470733572563092
4 0.011312 -10 0.010673611629967232 0.01415320902133655 0.011100556095165921 0.010673611629967232 0.010673611629967232 0.013833000672437533
4 0.008 -10 0.005486245981324819 0.00712663352974094 0.00573861329646576 0.005486245981324819 0.005486245981324819 0.006978504888245169
4 0.005656 -10 0.0026190557256486747 0.00347810600366144 0.002723817954674622 0.0026190557256486747 0.0026190557256486747 0.0034492963906793046
4 0.004 -10 0.0014059734186665468 0.0018783804873385064 0.001417221206015879 0.0014059734186665468 0.0014059734186665468 0.0018629147797331743
4 0.002828 -10 0.0006928974546412004 0.0007829741237445565 0.0007199204553722072 0.0006928974546412004 0.0006928974546412004 0.00041365978042079665
4 0.002 -10 0.00036691834819230337 0.0004795622810873405 0.00038416351055734166 0.00036691834819230337 0.00036691834819230337 0.0004784615260427636
