6 0.362 -10 0.9794319294809011 1.0 0.9872673849167483 0.980411361410382 0.9794319294809011 1.0
6 0.256 -10 0.9689922480620154 1.0 0.9844961240310077 0.9709302325581395 0.9689922480620154 1.0
6 0.181 -10 0.8643042350907519 0.9801210025929127 0.8997407087294728 0.8668971477960242 0.8643042350907519 0.9688850475367329
6 0.128 -10 0.6493506493506493 0.7987012987012987 0.6961038961038961 0.6538961038961039 0.6493506493506493 0.7168831168831169
6 0.090496 -10 0.36643459142543056 0.4554781971418102 0.39941370465371934 0.37009893733968485 0.36643459142543056 0.3440820813484793
6 0.064 -10 0.18198362147406733 0.2283894449499545 0.2032757051865332 0.18471337579617833 0.18198362147406733 0.15505004549590537
6 0.045249 -10 0.07445461990916537 0.09597200506291416 0.085101630556176 0.0763159854068945 0.07445461990916537 0.05636214727123818
6 0.032 -10 0.02856000456960073 0.0351002456160393 0.03218712514994002 0.02930256468841035 0.02856000456960073 0.017335922773747642
6 0.022624 -10 0.009557579638532338 0.011784495694310372 0.010761834672987412 0.00976784639058005 0.009557579638532338 0.005323571858662513
6 0.016 -10 0.0032734831497454866 0.003918359330245347 0.0036728480940144363 0.0033815080936870877 0.0032734831497454866 0.0014861613499844509
6 0.011312 -10 0.0011457470442590625 0.0013164633538536629 0.001244281290065342 0.0011675162380999848 0.0011457470442590625 0.00038497100687104503
6 0.008 -10 0.00039015970407166767 0.0004389296670806261 0.00042059216098925775 0.000395621939928671 0.00039015970407166767 9.363832897720023e-05
6 0.005656 -10 0.00013889018133918747 0.0001506958467530184 0.00014541801986212927 0.00014041797333391853 0.00013889018133918747 2.513912282239293e-05
6 0.004 -10 4.9493532680084695e-05 5.276010583697028e-05 5.201770284676901e-05 4.988948094152537e-05 4.9493532680084695e-05 6.285678650370756e-06
6 0.002828 -10 1.697111892318115e-05 1.7989386058572016e-05 1.763299256118521e-05 1.7072945636720233e-05 1.697111892318115e-05 2.053505389704919e-06
6 0.002 -10 5.7375051682012176e-06 6.0473304472840835e-06 5.955530364592864e-06 5.783405209546828e-06 5.7375051682012176e-06 5.852255271565243e-07
