8 0.362 -10 0.9960159362549801 1.0 1.0 0.9970119521912351 0.9960159362549801 1.0
8 0.256 -10 0.9940357852882704 1.0 0.9970178926441352 0.9950298210735586 0.9940357852882704 1.0
8 0.181 -10 0.946969696969697 0.9962121212121212 0.978219696969697 0.9535984848484849 0.946969696969697 0.9952651515151515
8 0.128 -10 0.7423904974016332 0.8953229398663697 0.8329621380846325 0.7691165553080921 0.7423904974016332 0.874536005939124
8 0.090496 -10 0.42462845010615713 0.60552016985138 0.5392781316348195 0.4624203821656051 0.42462845010615713 0.5545647558386412
8 0.064 -10 0.17088174982911825 0.2833219412166781 0.2489747095010253 0.19822282980177716 0.17088174982911825 0.24675324675324675
8 0.045249 -10 0.05750431282346176 0.11081081081081082 0.09419206440483036 0.07257044278320875 0.05750431282346176 0.09252443933294997
8 0.032 -10 0.017792011386887286 0.034267413931144915 0.02990837114135753 0.02263143848412063 0.017792011386887286 0.027470865581353972
8 0.022624 -10 0.005513074255597148 0.01030393578371107 0.009096572521735295 0.007018143527375171 0.005513074255597148 0.007641120918257648
8 0.016 -10 0.0016237957524750707 0.0029277037417125523 0.002593201816702688 0.00206546819714829 0.0016237957524750707 0.0019371883327027593
8 0.011312 -10 0.00044005794683043864 0.0008070662744870244 0.0006970517877794148 0.0005491923176443875 0.00044005794683043864 0.000515747913685274
8 0.008 -10 0.00015545397847148944 0.00023908821888915074 0.0002179464778170282 0.00018172570083317113 0.00015545397847148944 0.0001411522124521124
8 0.005656 -10 5.261077553912498e-05 8.401940853598259e-05 7.354986420369672e-05 6.539519399513234e-05 5.261077553912498e-05 4.156251267590873e-05
8 0.004 -10 1.3264656370852627e-05 2.1475478664410402e-05 1.9790867305312118e-05 1.4962532386321763e-05 1.3264656370852627e-05 1.1168840664257911e-05
8 0.002828 -10 5.2611894068750244e-06 8.375813535745038e-06 8.054880981925663e-06 6.081934954347528e-06 5.2611894068750244e-06 4.582495973388146e-06
8 0.002 -10 2.35076121327027e-06 2.9925190244930538e-06 2.8632271577631887e-06 2.480053080000135e-06 2.35076121327027e-06 9.285506792417566e-07
