6 0.362 -10 0.9813542688910697 1.0 0.9901864573110893 0.9823356231599607 0.9813542688910697 1.0
6 0.256 -10 0.9689922480620154 1.0 0.9777131782945736 0.9689922480620154 0.9689922480620154 1.0
6 0.181 -10 0.8802816901408451 0.9823943661971831 0.9049295774647887 0.8820422535211268 0.8802816901408451 0.9683098591549296
6 0.128 -10 0.6389776357827476 0.7878594249201278 0.670926517571885 0.6408945686900959 0.6389776357827476 0.723961661341853
6 0.090496 -10 0.38008361839604715 0.47244393766628656 0.411250475104523 0.38350437096161155 0.38008361839604715 0.3652603572786013
6 0.064 -10 0.1723543605653223 0.22164770768700448 0.1923474663908997 0.17425025853154086 0.1723543605653223 0.145467080317132
6 0.045249 -10 0.0765579543714592 0.09577400091869545 0.08497932935231971 0.07778288164140254 0.0765579543714592 0.053743683968764354
6 0.032 -10 0.02612466691049689 0.03262970897121062 0.029390250274309002 0.026594910914885837 0.02612466691049689 0.014995558806625215
6 0.022624 -10 0.00954207578316587 0.011221481121003064 0.010362694300518135 0.009647038616780694 0.00954207578316587 0.0036259887976030306
6 0.016 -10 0.003407480100316214 0.0038266001526551085 0.003628966306836768 0.003451777341620325 0.003407480100316214 0.000906389706684113
6 0.011312 -10 0.0011427134874472924 0.0012752682519911783 0.0012261315720309446 0.0011587114762715545 0.0011427134874472924 0.00022054370307732742
6 0.008 -10 0.00040227737266211475 0.000427620847139828 0.00041836846756859936 0.00040428875952542534 0.00040227737266211475 4.8273284719453773e-05
6 0.005656 -10 0.00014593902054777628 0.00015236033745187844 0.00014958749606147067 0.00014681465467106293 0.00014593902054777628 1.0799487520535444e-05
6 0.004 -10 5.5447002645930966e-05 5.722130673060076e-05 5.683317771207924e-05 5.566879065651469e-05 5.5447002645930966e-05 3.326820158755858e-06
6 0.002828 -10 1.8608372144815115e-05 1.9073581448435493e-05 1.8961931215566602e-05 1.866419726124956e-05 1.8608372144815115e-05 9.118102350959406e-07
6 0.002 -10 6.63747117445831e-06 6.810045424994226e-06 6.763583126773018e-06 6.63747117445831e-06 6.63747117445831e-06 2.3894896228049914e-07
