8 0.362 -10 0.998003992015968 1.0 0.999001996007984 0.998003992015968 0.998003992015968 1.0
8 0.256 -10 0.9930486593843099 1.0 0.997020854021847 0.9950347567030785 0.9930486593843099 1.0
8 0.181 -10 0.9478672985781991 0.9981042654028436 0.9829383886255925 0.966824644549763 0.9478672985781991 0.9971563981042654
8 0.128 -10 0.7446016381236039 0.885331347728965 0.8346984363365599 0.7781087118391661 0.7446016381236039 0.8607594936708861
8 0.090496 -10 0.41459369817578773 0.5903814262023217 0.5327529021558872 0.453150912106136 0.41459369817578773 0.5344112769485904
8 0.064 -10 0.1638001638001638 0.2624078624078624 0.23243243243243245 0.18820638820638821 0.1638001638001638 0.2126126126126126
8 0.045249 -10 0.05262327000999842 0.08561806030626744 0.07619849497447771 0.061727095721728145 0.05262327000999842 0.06135873283165816
8 0.032 -10 0.01767002986235047 0.025727563479582282 0.023960560493347233 0.020249854222253637 0.01767002986235047 0.013552912904422808
8 0.022624 -10 0.005616021385809437 0.006963866518403702 0.0065988251283260885 0.006042839011130954 0.005616021385809437 0.002375577046197392
8 0.016 -10 0.0019498156449307717 0.0021681949971630184 0.002119449606039749 0.002016109376858418 0.0019498156449307717 0.00033536829092809277
8 0.011312 -10 0.0007491484055499911 0.0007843583806108407 0.0007753685997442407 0.0007641313736609909 0.0007491484055499911 5.4687833605149345e-05
8 0.008 -10 0.0003187544605702326 0.0003213044962547945 0.0003213044962547945 0.00032002947841251354 0.0003187544605702326 7.012598132545117e-06
8 0.005656 -10 0.00014499711383244917 0.00014557710228777897 0.00014557710228777897 0.0001451421109462816 0.00014499711383244917 1.0149797968271442e-06
8 0.004 -10 7.141480877470899e-05 7.162905320103311e-05 7.15576383922584e-05 7.14862235834837e-05 7.141480877470899e-05 5.713184701976719e-07
8 0.002828 -10 3.1249652347617634e-05 3.1249652347617634e-05 3.1249652347617634e-05 3.1249652347617634e-05 3.1249652347617634e-05 0.0
8 0.002 -10 1.660808717518526e-05 1.660808717518526e-05 1.660808717518526e-05 1.660808717518526e-05 1.660808717518526e-05 1.660808717518526e-08
