4 0.362 -10 0.9276437847866419 0.9935064935064936 0.9471243042671614 0.9276437847866419 0.9276437847866419 0.9730983302411874
4 0.256 -10 0.8628127696289906 0.9887834339948232 0.8817946505608283 0.8628127696289906 0.8628127696289906 0.9818809318377912
4 0.181 -10 0.7369196757553427 0.8098747236551216 0.7464996315401621 0.7369196757553427 0.7369196757553427 0.6440677966101694
4 0.128 -10 0.5339028296849974 0.6203950880939669 0.5413774693005873 0.5339028296849974 0.5339028296849974 0.5114789108382275
4 0.090496 -10 0.35932446999640677 0.43370463528566294 0.36435501257635644 0.35932446999640677 0.35932446999640677 0.38519583183614803
4 0.064 -10 0.2243158366980709 0.2761327949753253 0.22678331090174966 0.2243158366980709 0.2243158366980709 0.2319425751458053
4 0.045249 -10 0.1289490651192779 0.1544809800128949 0.12972275950999354 0.1289490651192779 0.1289490651192779 0.12224371373307544
4 0.032 -10 0.06745362563237774 0.07932546374367622 0.06806070826306913 0.06745362563237774 0.06745362563237774 0.05214165261382799
4 0.022624 -10 0.03899395593682979 0.04484304932735426 0.041411581204913235 0.03899395593682979 0.03899395593682979 0.027334763111717685
4 0.016 -10 0.02010252286661976 0.02277615840788019 0.02171072469594934 0.02010252286661976 0.02010252286661976 0.01165946326263946
4 0.011312 -10 0.010193056489919068 0.011385644099239598 0.01071290237090494 0.010193056489919068 0.010193056489919068 0.005157686583899048
4 0.008 -10 0.005679559266200943 0.006224796955756233 0.005878343840517976 0.005679559266200943 0.005679559266200943 0.0021184756062929515
4 0.005656 -10 0.002850253387526151 0.0029956163102899847 0.0029101087086642 0.002850253387526151 0.002850253387526151 0.0005985532113804917
4 0.004 -10 0.001451012371331478 0.001526465014640715 0.0014858366682434334 0.001451012371331478 0.001451012371331478 0.00037145916706085835
4 0.002828 -10 0.0007784191086322787 0.000807220615651673 0.0007784191086322787 0.0007784191086322787 0.0007784191086322787 0.00012532547648979686
4 0.002 -10 0.00036101069999613716 0.0003696749567960445 0.0003660648497960831 0.00036101069999613716 0.00036101069999613716 4.5126337499517145e-05
