8 0.362 -10 0.9970089730807578 1.0 1.0 0.9990029910269193 0.9970089730807578 1.0
8 0.256 -10 0.9930486593843099 1.0 1.0 0.9980139026812314 0.9930486593843099 1.0
8 0.181 -10 0.9671179883945842 0.9990328820116054 0.9893617021276596 0.9758220502901354 0.9671179883945842 0.9980657640232108
8 0.128 -10 0.78064012490242 0.8953942232630757 0.843871975019516 0.7923497267759563 0.78064012490242 0.8587041373926619
8 0.090496 -10 0.39698292973402144 0.5307661770543867 0.4664549424374752 0.41246526399364825 0.39698292973402144 0.4585152838427948
8 0.064 -10 0.1288161793121216 0.1829189746232127 0.15728455494010046 0.1365451500708489 0.1288161793121216 0.1335823779466701
8 0.045249 -10 0.03274287024000524 0.04485773222880718 0.039717101601126355 0.03480567106512557 0.03274287024000524 0.02661995350512426
8 0.032 -10 0.008139610601028847 0.010028000260467539 0.009205899589763625 0.008497753467474115 0.008139610601028847 0.003963990362701049
8 0.022624 -10 0.0019113551699290313 0.002182767604058954 0.002066174938693283 0.001968695825026902 0.0019113551699290313 0.0005581157096192772
8 0.016 -10 0.0005507520795021641 0.0006047257832933763 0.0005782896834772723 0.0005645208814897182 0.0005507520795021641 0.00011510718461595231
8 0.011312 -10 0.0001716718156766582 0.00017974039101346112 0.00017596361106857466 0.00017390354928045474 0.0001716718156766582 2.09439615125523e-05
8 0.008 -10 5.5623973042397706e-05 5.6847700449330454e-05 5.623583674586408e-05 5.606896482673689e-05 5.5623973042397706e-05 3.5043103016710555e-06
8 0.005656 -10 1.8206984537918658e-05 1.8498296290525356e-05 1.833443342968409e-05 1.829801946060825e-05 1.8206984537918658e-05 8.375212887442583e-07
8 0.004 -10 6.223896162607652e-06 6.3421501896971976e-06 6.298582916558944e-06 6.292359020396336e-06 6.223896162607652e-06 2.67627534992129e-07
8 0.002828 -10 2.1118999078385887e-06 2.141466506548329e-06 2.1182356075621046e-06 2.116123707654266e-06 2.1118999078385887e-06 7.391649677435061e-08
8 0.002 -10 7.738640073364537e-07 7.769594633657995e-07 7.754117353511265e-07 7.754117353511265e-07 7.738640073364537e-07 1.470341613939262e-08
