4 0.362 -10 0.9925558312655087 1.0 0.9925558312655087 0.9925558312655087 0.9925558312655087 1.0
4 0.256 -10 0.9779951100244498 1.0 0.9828850855745721 0.9779951100244498 0.9779951100244498 1.0
4 0.181 -10 0.8958566629339306 0.9608062709966405 0.8992161254199328 0.8958566629339306 0.8958566629339306 0.8980963045912654
4 0.128 -10 0.7497656982193065 0.8200562324273665 0.7525773195876289 0.7497656982193065 0.7497656982193065 0.6185567010309279
4 0.090496 -10 0.5498281786941581 0.5890034364261169 0.5525773195876289 0.5498281786941581 0.5498281786941581 0.35051546391752575
4 0.064 -10 0.3502626970227671 0.36471103327495624 0.35288966725043786 0.3502626970227671 0.3502626970227671 0.15893169877408056
4 0.045249 -10 0.20554984583761562 0.21505652620760535 0.2065775950668037 0.20554984583761562 0.20554984583761562 0.07528263103802672
4 0.032 -10 0.1103448275862069 0.1166896551724138 0.11144827586206897 0.1103448275862069 0.1103448275862069 0.03889655172413793
4 0.022624 -10 0.06056476644711939 0.06329018093723976 0.06064047240517829 0.06056476644711939 0.06056476644711939 0.016276780982663337
4 0.016 -10 0.03151219127900106 0.03296963012565486 0.03159097175719856 0.03151219127900106 0.03151219127900106 0.007287194233268996
4 0.011312 -10 0.01625025391021735 0.017042453788340444 0.016311192362380662 0.01625025391021735 0.01625025391021735 0.0035547430428600445
4 0.008 -10 0.008236723431418982 0.008751518645882668 0.008236723431418982 0.008236723431418982 0.008236723431418982 0.0019459259106727343
4 0.005656 -10 0.004348133292026067 0.004592715789702533 0.004359003625256133 0.004348133292026067 0.004348133292026067 0.0010924684896215493
4 0.004 -10 0.002094800182247616 0.0022204881931824727 0.0021314591854369493 0.002094800182247616 0.002094800182247616 0.00046347454032228503
4 0.002828 -10 0.0011727282055792544 0.001209375962003606 0.0011727282055792544 0.0011727282055792544 0.0011727282055792544 0.0001612501282671475
4 0.002 -10 0.0005500466852124074 0.0005761739027599968 0.0005500466852124074 0.0005500466852124074 0.0005500466852124074 0.0001045088701903574
