8 0.362 -10 0.9960159362549801 1.0 1.0 0.9970119521912351 0.9960159362549801 1.0
8 0.256 -10 0.9950248756218906 1.0 0.9990049751243781 0.9960199004975124 0.9950248756218906 1.0
8 0.181 -10 0.9460737937559129 0.9990539262062441 0.9754020813623463 0.9526963103122044 0.9460737937559129 0.9981078524124882
8 0.128 -10 0.7485029940119761 0.9131736526946108 0.8480538922155688 0.7761976047904192 0.7485029940119761 0.8869760479041916
8 0.090496 -10 0.4244482173174873 0.6107809847198642 0.5382003395585738 0.4626485568760611 0.4244482173174873 0.5619694397283531
8 0.064 -10 0.17085255424568596 0.3000170852554246 0.25610797881428327 0.19767640526225866 0.17085255424568596 0.2667008371775158
8 0.045249 -10 0.054857644412748915 0.11328103571232652 0.09281913434637117 0.06846234022711065 0.054857644412748915 0.09825004114323331
8 0.032 -10 0.017040419875945744 0.039618976211573856 0.03224047440528935 0.023004566832526753 0.017040419875945744 0.033331061277349874
8 0.022624 -10 0.0047164249498879846 0.011861808748968281 0.009607357622921826 0.006796368352788586 0.0047164249498879846 0.009819596745666785
8 0.016 -10 0.001501566885044544 0.003816983021783231 0.0029325601264919943 0.0020436325305456244 0.001501566885044544 0.003066199579260959
8 0.011312 -10 0.00046650168057230427 0.0010878819190946135 0.0008760901561147874 0.0006316432754949 0.00046650168057230427 0.0008224424628489724
8 0.008 -10 0.00014534076741669284 0.00038994927897898694 0.000286757334113135 0.0001931578798967848 0.00014534076741669284 0.0003012914108548043
8 0.005656 -10 5.060588400686054e-05 0.00011664656263581354 9.883329146539863e-05 6.153675495234241e-05 5.060588400686054e-05 7.864154374666127e-05
8 0.004 -10 1.4489508813185778e-05 4.178774341722778e-05 2.6168052916613515e-05 1.8691466369009652e-05 1.4489508813185778e-05 3.293465353237127e-05
8 0.002828 -10 3.0900296611638174e-06 1.2712382026027945e-05 8.485221449555842e-06 4.480543008687535e-06 3.0900296611638174e-06 1.092016482255293e-05
8 0.002 -10 2.0353264819481285e-06 4.715851458673814e-06 3.783671929941571e-06 2.5197341846517835e-06 2.0353264819481285e-06 3.19749790314051e-06
