4 0.362 -10 0.9345794392523364 1.0 0.9485981308411215 0.9345794392523364 0.9345794392523364 0.9869158878504672
4 0.256 -10 0.8726003490401396 0.9912739965095986 0.8848167539267016 0.8726003490401396 0.8726003490401396 0.9799301919720768
4 0.181 -10 0.7429420505200595 0.9635958395245171 0.7540861812778603 0.7429420505200595 0.7429420505200595 0.9561664190193165
4 0.128 -10 0.5399568034557235 0.7553995680345572 0.5577753779697624 0.5399568034557235 0.5399568034557235 0.6862850971922246
4 0.090496 -10 0.37037037037037035 0.43666666666666665 0.40074074074074073 0.37333333333333335 0.37037037037037035 0.3662962962962963
4 0.064 -10 0.21105951878429718 0.45673279864921906 0.2376530181511186 0.21464753060363023 0.21105951878429718 0.4385816800337695
4 0.045249 -10 0.1234110823151919 0.3460446748117981 0.33913365420214736 0.13217326915957053 0.1234110823151919 0.33925706528446253
4 0.032 -10 0.07799703611262772 0.23648701349348725 0.23648701349348725 0.0838468138210748 0.07799703611262772 0.19319865845097886
4 0.022624 -10 0.04027386226339106 0.05034232782923882 0.048811921063229964 0.042408376963350786 0.04027386226339106 0.048167539267015703
4 0.016 -10 0.0228712576904604 0.026004619994053475 0.02417491937881664 0.02346591039041237 0.0228712576904604 0.02520412597488736
4 0.011312 -10 0.01341291663872309 0.014526188719737107 0.014137214137214138 0.014083562470659245 0.01341291663872309 0.014177452887130307
4 0.008 -10 0.006614587811960498 0.0071702131881651796 0.0069320880269346016 0.0067534941560116685 0.006614587811960498 0.0070511506075498906
4 0.005656 -10 0.0035182774513598143 0.003768075150406361 0.003655490271962847 0.0035921612778383703 0.0035182774513598143 0.0017521021707771875
4 0.004 -10 0.0017462765019287624 0.0019296355346312825 0.0018877248985849921 0.0017742169259596227 0.0017462765019287624 0.000852182932941236
4 0.002828 -10 0.0008118240549962088 0.0009214203024206969 0.0008889473402208486 0.0008889473402208486 0.0008118240549962088 0.00043189039725798306
4 0.002 -10 0.0003992870330737435 0.0004515936344064039 0.0004515936344064039 0.0004348235790173067 0.0003992870330737435 0.0002120214145621578
