8 0.362 -10 0.9960159362549801 1.0 0.999003984063745 0.9960159362549801 0.9960159362549801 1.0
8 0.256 -10 0.9970089730807578 1.0 1.0 0.9980059820538385 0.9970089730807578 1.0
8 0.181 -10 0.9689922480620154 0.998062015503876 0.9864341085271318 0.9718992248062015 0.9689922480620154 0.998062015503876
8 0.128 -10 0.7385524372230429 0.8951255539143279 0.8131462333825702 0.7533234859675036 0.7385524372230429 0.8626292466765141
8 0.090496 -10 0.3878975950349108 0.5310318076027929 0.45073700543056633 0.4018619084561676 0.3878975950349108 0.44453064391000774
8 0.064 -10 0.12040939193257075 0.17519566526189043 0.14870559903672487 0.126791089704997 0.12040939193257075 0.12402167369054787
8 0.045249 -10 0.033924754893645895 0.04600196763578383 0.04081148013705601 0.03538351935407267 0.033924754893645895 0.023238457102147437
8 0.032 -10 0.008532277606184194 0.010417910957150903 0.009573215474138667 0.008779713656763536 0.008532277606184194 0.0033873142096551255
8 0.022624 -10 0.0026162052988622122 0.0029039878817370556 0.002796723464483705 0.0027208535108167006 0.0026162052988622122 0.0005284734703701669
8 0.016 -10 0.0008542452572303319 0.0009123339347219944 0.0008952490295773878 0.0008747471434038598 0.0008542452572303319 0.00011190612869717348
8 0.011312 -10 0.00028599758675236297 0.0003020134516104953 0.00030086946126348584 0.0002945775143549339 0.00028599758675236297 2.573978280771267e-05
8 0.008 -10 0.0001015230900054985 0.00010883275248589439 0.0001079190446758449 0.00010477182888567444 0.0001015230900054985 9.340124280505861e-06
8 0.005656 -10 1.9062683287699812e-05 4.876234384993612e-05 3.966944392170331e-05 3.3817200152379464e-05 1.9062683287699812e-05 4.03175751534851e-05
8 0.004 -10 6.358603517391251e-06 1.7562462915034635e-05 1.4453105795030314e-05 1.2577317757399894e-05 6.358603517391251e-06 1.5324234476912917e-05
8 0.002828 -10 1.563658367891799e-06 6.5407829528913956e-06 5.399312344330382e-06 4.592464626498214e-06 1.563658367891799e-06 5.777717669360198e-06
8 0.002 -10 6.413129611540816e-07 2.36003169704702e-06 1.9508740278307163e-06 1.6571526916221468e-06 6.413129611540816e-07 2.114408832925007e-06
