6 0.362 -10 0.9881422924901185 1.0 0.9901185770750988 0.9881422924901185 0.9881422924901185 1.0
6 0.256 -10 0.9737098344693281 1.0 0.9873417721518988 0.9756572541382668 0.9737098344693281 1.0
6 0.181 -10 0.8888888888888888 0.984 0.9182222222222223 0.8897777777777778 0.8888888888888888 0.9697777777777777
6 0.128 -10 0.6680026720106881 0.8069472277889111 0.7080828323313293 0.6700066800267201 0.6680026720106881 0.7481629926519706
6 0.090496 -10 0.37257824143070045 0.4642324888226528 0.4035022354694486 0.3759314456035768 0.37257824143070045 0.35469448584202684
6 0.064 -10 0.18145527127563055 0.22645617855198694 0.2030484485574306 0.18435855561604064 0.18145527127563055 0.1491562329885683
6 0.045249 -10 0.07050197405527354 0.08904399323181049 0.07966723068245911 0.07198251551043429 0.07050197405527354 0.05139593908629442
6 0.032 -10 0.027702365782037785 0.032190149038727904 0.0302786857997673 0.028367222560806694 0.027702365782037785 0.01362956396476259
6 0.022624 -10 0.009778420980580056 0.011010502024133144 0.01047268887020124 0.009964210979211076 0.009778420980580056 0.0035789020788923004
6 0.016 -10 0.0033575412054244434 0.00367986516114519 0.0035522785953390613 0.0033944741586841125 0.0033575412054244434 0.0008192400541235642
6 0.011312 -10 0.0012111801618378932 0.001282639791386329 0.0012535714675022194 0.0012220807832944343 0.0012111801618378932 0.0001998447267032524
6 0.008 -10 0.00043942156303128816 0.0004600743764937587 0.0004543618961743519 0.00044249751397250716 0.00043942156303128816 5.317000912678586e-05
6 0.005656 -10 0.0001499471136530146 0.00015669473376740025 0.00015444552706260503 0.00015069684922127966 0.0001499471136530146 1.1096086410323079e-05
6 0.004 -10 5.067037154911335e-05 5.219048269558675e-05 5.1582438236997386e-05 5.097439377840803e-05 5.067037154911335e-05 2.8882111782994607e-06
6 0.002828 -10 1.871183534063923e-05 1.906736021211138e-05 1.8955089200067543e-05 1.8842818188023707e-05 1.871183534063923e-05 7.858970843068477e-07
6 0.002 -10 6.754887159170938e-06 6.862965353717673e-06 6.83594580508099e-06 6.775151820648451e-06 6.754887159170938e-06 1.8238195329761534e-07
