6 0.362 -10 0.9930486593843099 0.9930486593843099 0.9930486593843099 0.9930486593843099 0.9930486593843099 0.0
6 0.256 -10 0.9861932938856016 0.9861932938856016 0.9861932938856016 0.9861932938856016 0.9861932938856016 0.0
6 0.181 -10 0.9442870632672332 0.9442870632672332 0.9442870632672332 0.9442870632672332 0.9442870632672332 0.0
6 0.128 -10 0.7541478129713424 0.7541478129713424 0.7541478129713424 0.7541478129713424 0.7541478129713424 0.0
6 0.090496 -10 0.4418912947414936 0.4418912947414936 0.4418912947414936 0.4418912947414936 0.4418912947414936 0.0
6 0.064 -10 0.21070375052675938 0.21070375052675938 0.21070375052675938 0.21070375052675938 0.21070375052675938 0.0
6 0.045249 -10 0.09335324869305452 0.09335324869305452 0.09335324869305452 0.09335324869305452 0.09335324869305452 0.0
6 0.032 -10 0.03307753373908441 0.03307753373908441 0.03307753373908441 0.03307753373908441 0.03307753373908441 0.0
6 0.022624 -10 0.011646324420013045 0.011646324420013045 0.011646324420013045 0.011646324420013045 0.011646324420013045 0.0
6 0.016 -10 0.004125038156602949 0.004125038156602949 0.004125038156602949 0.004125038156602949 0.004125038156602949 0.0
6 0.011312 -10 0.0013881813020307705 0.0013881813020307705 0.0013881813020307705 0.0013881813020307705 0.0013881813020307705 0.0
6 0.008 -10 0.00046292781473999197 0.00046292781473999197 0.00046292781473999197 0.00046292781473999197 0.00046292781473999197 0.0
6 0.005656 -10 0.0001524079387466398 0.0001524079387466398 0.0001524079387466398 0.0001524079387466398 0.0001524079387466398 0.0
6 0.004 -10 5.296291774832392e-05 5.296291774832392e-05 5.296291774832392e-05 5.296291774832392e-05 5.296291774832392e-05 0.0
6 0.002828 -10 1.8942933182497072e-05 1.8942933182497072e-05 1.8942933182497072e-05 1.8942933182497072e-05 1.8942933182497072e-05 0.0
6 0.002 -10 6.771375836920893e-06 6.771375836920893e-06 6.771375836920893e-06 6.771375836920893e-06 6.771375836920893e-06 0.0
