8 0.362 -10 0.9960159362549801 1.0 1.0 0.999003984063745 0.9960159362549801 1.0
8 0.256 -10 0.998003992015968 1.0 0.999001996007984 0.998003992015968 0.998003992015968 1.0
8 0.181 -10 0.970873786407767 1.0 0.9883495145631068 0.9786407766990292 0.970873786407767 1.0
8 0.128 -10 0.7716049382716049 0.9498456790123457 0.8734567901234568 0.7978395061728395 0.7716049382716049 0.9467592592592593
8 0.090496 -10 0.3862495171881035 0.6380842023947471 0.5005793742757821 0.4148319814600232 0.3862495171881035 0.6133642332947083
8 0.064 -10 0.13210039630118892 0.2627476882430647 0.18784676354029062 0.14715984147952443 0.13210039630118892 0.24200792602377807
8 0.045249 -10 0.034205575508807935 0.07514964939285103 0.05147939114075594 0.03872071147597058 0.034205575508807935 0.06485377116469984
8 0.032 -10 0.007755665513657727 0.01920302781181653 0.012401309156338705 0.009128418309575144 0.007755665513657727 0.01583706897888908
8 0.022624 -10 0.002032111424733641 0.004775461848124056 0.0029018551145196395 0.0022820611299758787 0.002032111424733641 0.0035216490990634
8 0.016 -10 0.00047964989394940844 0.0012341391771318279 0.0006715098515291719 0.0005405654304809833 0.00047964989394940844 0.0008763203562455693
8 0.011312 -10 0.00013924339871414291 0.0003786028011037546 0.00018240885231552722 0.00015149681780098748 0.00013924339871414291 0.0002580180178173068
8 0.008 -10 4.359666752305054e-05 0.00012664831915446182 5.414706106362877e-05 4.643045091204882e-05 4.359666752305054e-05 8.662657836830142e-05
8 0.005656 -10 1.4948164623240105e-05 4.478470121122736e-05 1.823676084035293e-05 1.5740417348271832e-05 1.4948164623240105e-05 3.1525679190413384e-05
8 0.004 -10 4.528613537431545e-06 1.5143683669171086e-05 5.592837718727958e-06 4.641828875867334e-06 4.528613537431545e-06 1.081885774092396e-05
8 0.002828 -10 1.6219650109026623e-06 5.449802436632945e-06 1.9771753482903454e-06 1.6917095063714767e-06 1.6219650109026623e-06 3.915423536319027e-06
8 0.002 -10 5.977824248307476e-07 1.977464261340113e-06 7.149477800975741e-07 6.067491612032088e-07 5.977824248307476e-07 1.4053864807770875e-06
