6 0.362 -10 0.9871668311944719 1.0 0.9960513326752222 0.9921026653504442 0.9871668311944719 1.0
6 0.256 -10 0.9689922480620154 1.0 0.9883720930232558 0.9738372093023255 0.9689922480620154 1.0
6 0.181 -10 0.8748906386701663 0.9930008748906387 0.9396325459317585 0.8888888888888888 0.8748906386701663 0.9921259842519685
6 0.128 -10 0.6501950585175552 0.8914174252275683 0.7724317295188556 0.6716514954486346 0.6501950585175552 0.881664499349805
6 0.090496 -10 0.38714672861014326 0.6322106078203639 0.4986449864498645 0.40263259775454896 0.38714672861014326 0.6151761517615176
6 0.064 -10 0.1994415636218588 0.3938970881531711 0.29517351416035104 0.22138013562026326 0.1994415636218588 0.3851216593538093
6 0.045249 -10 0.09156670634557275 0.2150901932057504 0.15786100173976741 0.10603424594817325 0.09156670634557275 0.20877209046790587
6 0.032 -10 0.04283755997258396 0.11844585332419465 0.09008738862234407 0.055517477724468814 0.04283755997258396 0.11317683344756682
6 0.022624 -10 0.017671278870451855 0.07307073812931841 0.04917916909646751 0.02458074890879853 0.017671278870451855 0.07082648571277103
6 0.016 -10 0.007211625139725237 0.022283921681750984 0.0174881909638337 0.010139544946453683 0.007211625139725237 0.021368045289005877
6 0.011312 -10 0.003110981141232322 0.01779170114670765 0.015663790046104742 0.004660249749566018 0.003110981141232322 0.017412161447477304
6 0.008 -10 0.001023085934103035 0.010907119143472456 0.009805255592443487 0.0020656105009540277 0.001023085934103035 0.01069636344104723
6 0.005656 -10 0.00044765843303432734 0.0020628100594221803 0.0015632232481558712 0.0008586088745598399 0.00044765843303432734 0.0020117769980562672
6 0.004 -10 0.003697008011416361 0.004458591661768131 0.004210892125003235 0.003885555419998595 0.003697008011416361 0.0009168579868312574
6 0.002828 -10 8.805515916058073e-05 0.0004472321533765896 0.0003414779072247321 0.0001686256297925121 8.805515916058073e-05 0.0004326149969559332
6 0.002 -10 5.344269847148538e-05 0.00021115210166083875 0.00015076185238806027 9.534177407312992e-05 5.344269847148538e-05 0.00020318913958858743
