8 0.362 -10 0.9970089730807578 1.0 0.9990029910269193 0.9980059820538385 0.9970089730807578 1.0
8 0.256 -10 0.9930486593843099 1.0 1.0 0.9960278053624627 0.9930486593843099 1.0
8 0.181 -10 0.9624639076034649 0.9980750721847931 0.987487969201155 0.9701636188642926 0.9624639076034649 0.9971126082771896
8 0.128 -10 0.76103500761035 0.8949771689497716 0.8287671232876712 0.7724505327245054 0.76103500761035 0.8660578386605784
8 0.090496 -10 0.3675119441381845 0.5060639470782801 0.43366409408305767 0.38294744579198825 0.3675119441381845 0.4413818449099596
8 0.064 -10 0.12400793650793651 0.18377976190476192 0.1548859126984127 0.12996031746031747 0.12400793650793651 0.1362847222222222
8 0.045249 -10 0.03343251646551436 0.04620373775534085 0.04065394002206546 0.03527130487111765 0.03343251646551436 0.02661228310654943
8 0.032 -10 0.008144383633046651 0.0104573885848319 0.009480062548866302 0.008551602814698984 0.008144383633046651 0.004251368256450352
8 0.022624 -10 0.002143466499762075 0.002471416874225673 0.0023213742192423276 0.0022099139612546995 0.002143466499762075 0.0006108879524321914
8 0.016 -10 0.000677075116744677 0.0007319182012009959 0.0007034810462977194 0.0006912936941963152 0.000677075116744677 0.00010020711727821219
8 0.011312 -10 0.00019854364267227035 0.00021204461037398474 0.00020787519387786707 0.00020529412652312755 0.00019854364267227035 2.0648538837916116e-05
8 0.008 -10 6.663756382129378e-05 7.003607957617976e-05 6.923642881032424e-05 6.790367753389836e-05 6.663756382129378e-05 6.1306558715590275e-06
8 0.005656 -10 2.14874188691468e-05 2.241137788052011e-05 2.1960142084268026e-05 2.1831217571053145e-05 2.14874188691468e-05 1.375194807625395e-06
8 0.004 -10 6.965586110849766e-06 7.237243969172907e-06 7.104897833066762e-06 7.0352419719582635e-06 6.965586110849766e-06 4.0400399442928646e-07
8 0.002828 -10 2.6353566965171325e-06 2.711782040716129e-06 2.7012406139300607e-06 2.666980976875338e-06 2.6353566965171325e-06 1.2649712143282236e-07
8 0.002 -10 9.785239847731217e-07 9.980944644685842e-07 9.824380807122143e-07 9.824380807122143e-07 9.785239847731217e-07 3.424833946705926e-08
