4 0.362 -10 0.9478672985781991 0.9990521327014218 0.9620853080568721 0.9478672985781991 0.9478672985781991 0.981042654028436
4 0.256 -10 0.8802816901408451 0.9911971830985915 0.8943661971830986 0.8802816901408451 0.8802816901408451 0.977112676056338
4 0.181 -10 0.7347538574577517 0.8221895664952241 0.75165319617928 0.7347538574577517 0.7347538574577517 0.6473181484202792
4 0.128 -10 0.5302226935312832 0.623541887592789 0.5387062566277837 0.5302226935312832 0.5302226935312832 0.5249204665959704
4 0.090496 -10 0.34782608695652173 0.4128695652173913 0.3537391304347826 0.34782608695652173 0.34782608695652173 0.36139130434782607
4 0.064 -10 0.22794620469569182 0.27672669250056986 0.23227718258490995 0.22794620469569182 0.22794620469569182 0.2420788693868247
4 0.045249 -10 0.12624668602449185 0.154778437066027 0.1283928796869082 0.12624668602449185 0.12624668602449185 0.12132306526953668
4 0.032 -10 0.06561249261859459 0.08017846597992258 0.06731841742667805 0.06561249261859459 0.06561249261859459 0.05655796863722853
4 0.022624 -10 0.039160401002506263 0.04617011278195489 0.04107926065162907 0.039160401002506263 0.039160401002506263 0.03019266917293233
4 0.016 -10 0.020938023450586266 0.02432998324958124 0.022215242881072027 0.020938023450586266 0.020938023450586266 0.014698492462311558
4 0.011312 -10 0.010573954235926067 0.01220234318825868 0.011060356130778666 0.010573954235926067 0.010573954235926067 0.006629869305925644
4 0.008 -10 0.00566520881959709 0.006294046998572367 0.005880486754741779 0.00566520881959709 0.00566520881959709 0.002877926080355322
4 0.005656 -10 0.003255494460776175 0.003558255445628359 0.0033173488555309225 0.003255494460776175 0.003255494460776175 0.0014096291015160839
4 0.004 -10 0.0017172570596437722 0.0018357477967591925 0.0017292778590612787 0.0017172570596437722 0.0017172570596437722 0.0006336678550085519
4 0.002828 -10 0.0009092363869128152 0.0009856122434134917 0.0009256026418772458 0.0009092363869128152 0.0009092363869128152 0.0002936833529728393
4 0.002 -10 0.0005331863160931092 0.0005630447497943234 0.0005379849929379473 0.0005331863160931092 0.0005331863160931092 0.00012689834323016
