8 0.362 -10 0.9930486593843099 1.0 0.9980139026812314 0.9940417080436942 0.9930486593843099 1.0
8 0.362 -10 0.9930486593843099 1.0 0.9980139026812314 0.9940417080436942 0.9930486593843099 1.0
8 0.256 -10 0.9910802775024777 1.0 0.9970267591674926 0.9930624380574826 0.9910802775024777 1.0
8 0.181 -10 0.9569377990430622 1.0 0.9808612440191388 0.9636363636363636 0.9569377990430622 1.0
8 0.128 -10 0.7423904974016332 0.9012620638455828 0.8329621380846325 0.7661469933184856 0.7423904974016332 0.8789903489235338
8 0.090496 -10 0.40535062829347385 0.5938386704499392 0.5277665180381029 0.44223753546817995 0.40535062829347385 0.5569517632752331
8 0.064 -10 0.16142050040355124 0.2858757062146893 0.2430992736077482 0.18983050847457628 0.16142050040355124 0.25569007263922516
8 0.045249 -10 0.05655788699734178 0.11566087890956393 0.09609185000848368 0.07154572705163735 0.05655788699734178 0.10022057575928964
8 0.032 -10 0.016233766233766232 0.03834415584415585 0.031087662337662338 0.021753246753246754 0.016233766233766232 0.03267857142857143
8 0.022624 -10 0.004935590543408519 0.01182567494200681 0.009313459355411875 0.00669759636740536 0.004935590543408519 0.009708306598884556
8 0.016 -10 0.001315422540028308 0.0037581621968608755 0.002896560433142334 0.0018981547252608483 0.001315422540028308 0.003151752405907826
8 0.011312 -10 0.0004253250440317752 0.0011007412139542342 0.0008429942372709784 0.0006430914665760441 0.0004253250440317752 0.0008425689122269467
8 0.008 -10 0.00015230394750509382 0.0004464028701374299 0.0002729286739291281 0.0001893138067488316 0.00015230394750509382 0.00033781015556629804
8 0.005656 -10 5.654885824179534e-05 0.00017903368519352404 0.00010410644802314522 6.955509563740827e-05 5.654885824179534e-05 0.00014606570083855737
8 0.004 -10 1.7687844912975805e-05 5.974954011603226e-05 3.098910428753361e-05 2.3454082354605915e-05 1.7687844912975805e-05 4.6006084618650065e-05
8 0.002828 -10 4.004234590197703e-06 1.8159203866546583e-05 9.39393434860381e-06 5.758089340704297e-06 4.004234590197703e-06 1.5400286233900363e-05
8 0.002 -10 1.3907269857039801e-06 5.304232723474981e-06 3.2167515179333063e-06 2.3044346153114953e-06 1.3907269857039801e-06 4.501783252723784e-06
