6 0.362 -10 0.984251968503937 1.0 0.9921259842519685 0.985236220472441 0.984251968503937 1.0
6 0.256 -10 0.9775171065493646 1.0 0.9931573802541545 0.978494623655914 0.9775171065493646 1.0
6 0.181 -10 0.8920606601248885 0.9794826048171276 0.9339875111507583 0.9063336306868867 0.8920606601248885 0.9732381801962533
6 0.128 -10 0.6653359946773121 0.8629407850964738 0.7697937458416501 0.6892880904856953 0.6653359946773121 0.8449767132401863
6 0.090496 -10 0.4037141703673799 0.561162696810658 0.4775938635446104 0.421881308033912 0.4037141703673799 0.5203875656035527
6 0.064 -10 0.2053388090349076 0.3055441478439425 0.25030800821355237 0.2184804928131417 0.2053388090349076 0.26673511293634494
6 0.045249 -10 0.09432182607055273 0.14742501414827391 0.11988304093567251 0.10403697415581965 0.09432182607055273 0.12261837389171855
6 0.032 -10 0.03910985959560405 0.06089405139035551 0.051703234385388555 0.04270796667839962 0.03910985959560405 0.045367437130900704
6 0.022624 -10 0.01698802344347235 0.02454769387581755 0.021693705937314192 0.01841501741272403 0.01698802344347235 0.01401511934086469
6 0.016 -10 0.006689947684609106 0.00913846853717604 0.008516303402507393 0.007405772086862281 0.006689947684609106 0.0041745273551960825
6 0.011312 -10 0.002994621659499539 0.0036474491812704384 0.0034468095300839692 0.003135368877496017 0.002994621659499539 0.0010750691757603343
6 0.008 -10 0.0012938200684430817 0.0015111818399415192 0.0014542537569300238 0.0013442790511123618 0.0012938200684430817 0.00031310445656322573
6 0.005656 -10 0.0006139455270691653 0.0006814795350467734 0.0006563077684369376 0.0006249965465564102 0.0006139455270691653 8.718026484382146e-05
6 0.004 -10 0.0003136104750916448 0.00033054544074659364 0.00032458684171985237 0.0003170601903176529 0.0003136104750916448 2.2266343731506782e-05
6 0.002828 -10 0.0001670069154223538 0.00017502324736262678 0.00017168310905417972 0.00016901099840742207 0.0001670069154223538 1.0020414925341228e-05
6 0.002 -10 9.352027912436589e-05 9.501660359035574e-05 9.454900219473392e-05 9.361379940349025e-05 9.352027912436589e-05 2.0574461407360497e-06
