8 0.362 -10 0.9970089730807578 1.0 1.0 0.9980059820538385 0.9970089730807578 1.0
8 0.256 -10 0.9960159362549801 1.0 0.999003984063745 0.99800796812749 0.9960159362549801 1.0
8 0.181 -10 0.942507068803016 0.9962299717247879 0.9717247879359096 0.9538171536286523 0.942507068803016 0.9952874646559849
8 0.128 -10 0.7251631617113851 0.8970268310369833 0.8310369833212473 0.7614213197969543 0.7251631617113851 0.868020304568528
8 0.090496 -10 0.4024144869215292 0.5661971830985916 0.509456740442656 0.4398390342052314 0.4024144869215292 0.5078470824949698
8 0.064 -10 0.1692047377326565 0.26362098138747886 0.2350253807106599 0.19543147208121828 0.1692047377326565 0.216243654822335
8 0.045249 -10 0.05940711697261332 0.09172458860571496 0.08305114952771342 0.06891225568823145 0.05940711697261332 0.06410027921344977
8 0.032 -10 0.017996616636072417 0.025861138106036064 0.023611561026527013 0.020066227549220748 0.017996616636072417 0.013569448943598603
8 0.022624 -10 0.005803527383943961 0.007004857552420361 0.006674056491535556 0.006128524917444823 0.005803527383943961 0.002211143933282649
8 0.016 -10 0.0019544152194221967 0.002186990630533438 0.0021439934957061496 0.002056044810832151 0.0019544152194221967 0.0003517947394959954
8 0.011312 -10 0.0007716728168990173 0.0007963663470397859 0.0007925079829552909 0.0007809328907018055 0.0007716728168990173 4.1670332112546935e-05
8 0.008 -10 0.0003036474434555322 0.0003085058025508207 0.00030789850766390963 0.00030577297555972095 0.0003036474434555322 6.9838911994772405e-06
8 0.005656 -10 0.00014235649539946513 0.00014278356488566353 0.00014278356488566353 0.0001424988518948646 0.00014235649539946513 9.96495467796256e-07
8 0.004 -10 6.55004014519605e-05 6.563140225486442e-05 6.563140225486442e-05 6.563140225486442e-05 6.55004014519605e-05 3.93002408711763e-07
8 0.002828 -10 3.413267274323813e-05 3.413267274323813e-05 3.413267274323813e-05 3.413267274323813e-05 3.413267274323813e-05 0.0
8 0.002 -10 1.7239841397596706e-05 1.7239841397596706e-05 1.7239841397596706e-05 1.7239841397596706e-05 1.7239841397596706e-05 1.7239841397596703e-08
