6 0.362 -10 0.9813542688910697 1.0 0.9862610402355251 0.9813542688910697 0.9813542688910697 1.0
6 0.256 -10 0.9746588693957114 1.0 0.9883040935672515 0.9766081871345029 0.9746588693957114 1.0
6 0.181 -10 0.8695652173913043 0.9765217391304348 0.9173913043478261 0.8791304347826087 0.8695652173913043 0.9678260869565217
6 0.128 -10 0.6756756756756757 0.8540540540540541 0.7560810810810811 0.6871621621621622 0.6756756756756757 0.8337837837837838
6 0.090496 -10 0.41288191577208916 0.5664739884393064 0.4756399669694467 0.42526837324525185 0.41288191577208916 0.523121387283237
6 0.064 -10 0.21021652301870927 0.3035526592390162 0.2518393945764137 0.2198864830775699 0.21021652301870927 0.27033844860206013
6 0.045249 -10 0.08954154727793696 0.14425143266475646 0.1174785100286533 0.09724212034383954 0.08954154727793696 0.12562679083094555
6 0.032 -10 0.03947108742845865 0.06240378922439313 0.05127294256956779 0.04243141898559305 0.03947108742845865 0.047286362739293465
6 0.022624 -10 0.014833494029518652 0.024045093821849738 0.020410887784617665 0.016480011866795225 0.014833494029518652 0.016672847289178967
6 0.016 -10 0.007120478496154941 0.010168043292509256 0.00917829678154372 0.00803902022215893 0.007120478496154941 0.0052905155226431215
6 0.011312 -10 0.0029812301748193375 0.004024660736006105 0.00369076295642634 0.003204822437930788 0.0029812301748193375 0.0016933387392973837
6 0.008 -10 0.001114535210953652 0.0014444376333959332 0.0013274114362457996 0.0011869799996656394 0.001114535210953652 0.00044469954917050714
6 0.005656 -10 0.0005920393208835358 0.0006861735729040179 0.0006559795675389577 0.0006074323432265077 0.0005920393208835358 0.0001338008865196791
6 0.004 -10 0.0002461440912741674 0.00027715824677471243 0.00026411260993718154 0.0002518054053734732 0.0002461440912741674 4.381364824680179e-05
6 0.002828 -10 0.00011815194292599506 0.00012736779447422269 0.0001246502997869248 0.00012086943761329294 0.00011815194292599506 1.3941929265267418e-05
6 0.002 -10 6.856114831696094e-05 7.178352228785809e-05 7.082366621142065e-05 6.938388209676446e-05 6.856114831696094e-05 3.770863157432851e-06
