8 0.362 -10 0.9950248756218906 1.0 0.9990049751243781 0.9960199004975124 0.9950248756218906 1.0
8 0.256 -10 0.9940357852882704 1.0 0.9980119284294234 0.9960238568588469 0.9940357852882704 1.0
8 0.181 -10 0.9765625 0.9990234375 0.9892578125 0.9794921875 0.9765625 0.9990234375
8 0.128 -10 0.7501875468867217 0.8904726181545386 0.8207051762940735 0.7651912978244562 0.7501875468867217 0.8612153038259565
8 0.090496 -10 0.3749531308586427 0.5245594300712411 0.44881889763779526 0.3880764904386952 0.3749531308586427 0.45294338207724033
8 0.064 -10 0.12099213551119177 0.1811252268602541 0.1543859649122807 0.12837265577737447 0.12099213551119177 0.13768905021173625
8 0.045249 -10 0.03204306588054345 0.045757498077416046 0.03909254037426301 0.03415790822865932 0.03204306588054345 0.026755960010253783
8 0.032 -10 0.007591976798918903 0.010104921119361059 0.0089964925067189 0.008062679360451875 0.007591976798918903 0.004441306427367558
8 0.022624 -10 0.0020283029392137893 0.00232849177421743 0.0022088219008038167 0.002107406753843127 0.0020283029392137893 0.0005740097317975024
8 0.016 -10 0.0005709052959458873 0.00061771953021345 0.0005988796554472358 0.0005880324548242639 0.0005709052959458873 9.534118442296318e-05
8 0.011312 -10 0.00016754575129944297 0.00017609058461571454 0.00017106421207673127 0.0001703940290715335 0.00016754575129944297 1.8262486891639283e-05
8 0.008 -10 5.3738438040709445e-05 5.545806805801215e-05 5.45982530493608e-05 5.4222083983075835e-05 5.3738438040709445e-05 4.191598167175337e-06
8 0.005656 -10 1.860023589935182e-05 1.8972240617338853e-05 1.8804838494244688e-05 1.8804838494244688e-05 1.860023589935182e-05 1.0416132103637017e-06
8 0.004 -10 6.138317645624696e-06 6.242669045600316e-06 6.181285869144068e-06 6.175147551498444e-06 6.138317645624696e-06 1.9642616465999026e-07
8 0.002828 -10 2.07233937864779e-06 2.095135111812916e-06 2.084773414919677e-06 2.084773414919677e-06 2.07233937864779e-06 6.838719949537708e-08
8 0.002 -10 6.96334987164673e-07 7.012093320748258e-07 6.984239921261671e-07 6.977276571390024e-07 6.96334987164673e-07 1.0445024807470096e-08
