8 0.362 -10 1.0 1.0 1.0 1.0 1.0 0.0
8 0.256 -10 0.999000999000999 0.999000999000999 0.999000999000999 0.999000999000999 0.999000999000999 0.0
8 0.181 -10 0.999000999000999 0.999000999000999 0.999000999000999 0.999000999000999 0.999000999000999 0.0
8 0.128 -10 0.8976660682226212 0.8976660682226212 0.8976660682226212 0.8976660682226212 0.8976660682226212 0.0
8 0.090496 -10 0.5488474204171241 0.5488474204171241 0.5488474204171241 0.5488474204171241 0.5488474204171241 0.0
8 0.064 -10 0.20842017507294705 0.20842017507294705 0.20842017507294705 0.20842017507294705 0.20842017507294705 0.0
8 0.045249 -10 0.05218934293617243 0.05218934293617243 0.05218934293617243 0.05218934293617243 0.05218934293617243 0.0
8 0.032 -10 0.011004368734387551 0.011004368734387551 0.011004368734387551 0.011004368734387551 0.011004368734387551 0.0
8 0.022624 -10 0.0026435165114041302 0.0026435165114041302 0.0026435165114041302 0.0026435165114041302 0.0026435165114041302 0.0
8 0.016 -10 0.0006728420106403236 0.0006728420106403236 0.0006728420106403236 0.0006728420106403236 0.0006728420106403236 0.0
8 0.011312 -10 0.00018943326114663196 0.00018943326114663196 0.00018943326114663196 0.00018943326114663196 0.00018943326114663196 0.0
8 0.008 -10 5.948492833345062e-05 5.948492833345062e-05 5.948492833345062e-05 5.948492833345062e-05 5.948492833345062e-05 0.0
8 0.005656 -10 1.8123986518001406e-05 1.8123986518001406e-05 1.8123986518001406e-05 1.8123986518001406e-05 1.8123986518001406e-05 0.0
8 0.004 -10 6.107233194463808e-06 6.107233194463808e-06 6.107233194463808e-06 6.107233194463808e-06 6.107233194463808e-06 0.0
8 0.002828 -10 2.12333400427149e-06 2.12333400427149e-06 2.12333400427149e-06 2.12333400427149e-06 2.12333400427149e-06 0.0
8 0.002 -10 7.224008235450297e-07 7.224008235450297e-07 7.224008235450297e-07 7.224008235450297e-07 7.224008235450297e-07 0.0
