8 0.362 -10 0.9950248756218906 1.0 1.0 0.9960199004975124 0.9950248756218906 1.0
8 0.256 -10 0.9960159362549801 1.0 0.999003984063745 0.99800796812749 0.9960159362549801 1.0
8 0.181 -10 0.9643201542912246 0.9971070395371263 0.9816779170684667 0.9681774349083896 0.9643201542912246 0.9951783992285439
8 0.128 -10 0.7639419404125286 0.9014514896867838 0.8197097020626433 0.7761650114591291 0.7639419404125286 0.8731856378915203
8 0.090496 -10 0.37593984962406013 0.5240601503759399 0.4507518796992481 0.39360902255639096 0.37593984962406013 0.4477443609022556
8 0.064 -10 0.12232415902140673 0.17859327217125381 0.15253822629969419 0.12954128440366972 0.12232415902140673 0.12403669724770643
8 0.045249 -10 0.03422899195618689 0.04538764333390382 0.04059558446003765 0.03556392264247818 0.03422899195618689 0.021838096868047236
8 0.032 -10 0.008440456797521883 0.009790929885125383 0.009183216995703807 0.00860926593347232 0.008440456797521883 0.002371768360103649
8 0.022624 -10 0.002543396706301265 0.0026629363514974248 0.0026044382272524956 0.0025637438799516756 0.002543396706301265 0.00023399249697971642
8 0.016 -10 0.0007959850514007347 0.0008134967225315509 0.0008079248271717457 0.0008015569467605398 0.0007959850514007347 3.581932731303306e-05
8 0.011312 -10 0.000265883763063534 0.0002706696707986776 0.0002693402519833599 0.00026880848445723284 0.000265883763063534 6.6470940765883495e-06
8 0.008 -10 9.643901818521634e-05 9.884999363984676e-05 9.856067658529111e-05 9.836779854892068e-05 9.643901818521634e-05 4.4361948365199515e-06
8 0.005656 -10 3.170216701747756e-05 3.3001955865194144e-05 3.3001955865194144e-05 3.297025369817667e-05 3.170216701747756e-05 1.9972365221010864e-06
8 0.004 -10 1.2191619685447434e-05 1.2898733627203385e-05 1.2898733627203385e-05 1.2520793416954514e-05 1.2191619685447434e-05 8.656049976667679e-07
8 0.002828 -10 4.555954425822016e-06 4.915874825461955e-06 4.911318871036134e-06 4.719968785151609e-06 4.555954425822016e-06 3.872561261948714e-07
8 0.002 -10 1.7371997019701885e-06 1.8640152802140122e-06 1.862278080512042e-06 1.7788924948174729e-06 1.7371997019701885e-06 1.2855277794579393e-07
