8 0.362 -10 0.9950248756218906 1.0 1.0 0.9990049751243781 0.9950248756218906 1.0
8 0.256 -10 0.9891196834817013 1.0 0.9970326409495549 0.9950544015825915 0.9891196834817013 1.0
8 0.181 -10 0.9560229445506692 1.0 0.9837476099426387 0.9722753346080306 0.9560229445506692 1.0
8 0.128 -10 0.7331378299120235 0.9347507331378299 0.844574780058651 0.7668621700879765 0.7331378299120235 0.9288856304985337
8 0.090496 -10 0.4024144869215292 0.6490945674044266 0.558953722334004 0.462374245472837 0.4024144869215292 0.6325955734406439
8 0.064 -10 0.1649892756970797 0.3362481438706484 0.2763570367926085 0.20211186272892262 0.1649892756970797 0.3235439696419733
8 0.045249 -10 0.05356760231412042 0.11875937433040497 0.09401114206128133 0.06685236768802229 0.05356760231412042 0.10970644953931862
8 0.032 -10 0.014586615321780735 0.03582472723029348 0.028983604644378318 0.019925316529552484 0.014586615321780735 0.03122994340393255
8 0.022624 -10 0.0042386710918392865 0.00902836942561768 0.007557550556749448 0.005417021655370609 0.0042386710918392865 0.007023477999177698
8 0.016 -10 0.001209577434123389 0.0022909396602296987 0.0019486292463727797 0.0015059239054836192 0.001209577434123389 0.0016002709453452437
8 0.011312 -10 0.00040069335978978025 0.0006166670807164718 0.0005425388091553625 0.00046440360399635527 0.00040069335978978025 0.0003269657815884607
8 0.008 -10 0.0001285935962703742 0.0001729583869836533 0.00015726996823866766 0.0001420959238787635 0.0001285935962703742 7.059788435243544e-05
8 0.005656 -10 4.732021370944196e-05 5.541197025375654e-05 5.318792020941277e-05 5.0679948882812344e-05 4.732021370944196e-05 1.3912142830575937e-05
8 0.004 -10 1.9155847396167693e-05 2.2393185606120033e-05 2.1550328320688655e-05 2.074578273004961e-05 1.9155847396167693e-05 4.750650154249588e-06
8 0.002828 -10 8.62978202327e-06 9.492760225597e-06 9.30290502108506e-06 9.13030938061966e-06 8.62978202327e-06 1.25131839337415e-06
8 0.002 -10 3.6550199346797497e-06 4.002246828474326e-06 3.95473156932349e-06 3.892596230433933e-06 3.6550199346797497e-06 4.6418753170432824e-07
