6 0.362 -10 0.9784735812133072 1.0 0.9892367906066536 0.9784735812133072 0.9784735812133072 1.0
6 0.256 -10 0.9794319294809011 1.0 0.9872673849167483 0.9794319294809011 0.9794319294809011 1.0
6 0.181 -10 0.9033423667570009 0.988256549232159 0.9232158988256549 0.9051490514905149 0.9033423667570009 0.980126467931346
6 0.128 -10 0.6422607578676943 0.7893384714193963 0.6750160565189467 0.6441875401412974 0.6422607578676943 0.7148362235067437
6 0.090496 -10 0.3698224852071006 0.46264792899408286 0.40125739644970415 0.3731508875739645 0.3698224852071006 0.36279585798816566
6 0.064 -10 0.17674089784376104 0.23082361258395193 0.19706610109579356 0.17992223400494875 0.17674089784376104 0.15535524920466595
6 0.045249 -10 0.06889424733034792 0.09183603169135378 0.07867723045125732 0.07034102652428523 0.06889424733034792 0.05456424388563555
6 0.032 -10 0.02665174169131953 0.034780522907171985 0.030862716878548014 0.027397990458676476 0.02665174169131953 0.01703046294075318
6 0.022624 -10 0.009428003054672989 0.012096127919145445 0.01075735148538188 0.009767411164641217 0.009428003054672989 0.005307965719780893
6 0.016 -10 0.003324468085106383 0.004168882978723404 0.0037865691489361703 0.0034142287234042554 0.003324468085106383 0.0015824468085106384
6 0.011312 -10 0.001111466780480865 0.0013948908095034855 0.0012626262626262627 0.00114369931711481 0.001111466780480865 0.00046125871389955897
6 0.008 -10 0.00039020461549627396 0.0004545883770531591 0.0004268838493529237 0.0003983989124216957 0.00039020461549627396 0.0001092572923389567
6 0.005656 -10 0.00013827563644127185 0.00015556009099643083 0.0001482314822650434 0.00013965839280568457 0.00013827563644127185 3.000581310775599e-05
6 0.004 -10 4.691559958699259e-05 5.231089353949674e-05 4.9683619962625154e-05 4.7525502381623494e-05 4.691559958699259e-05 8.491723525245659e-06
6 0.002828 -10 1.7416976971882643e-05 1.9019338853295844e-05 1.825299186653301e-05 1.7643397672517116e-05 1.7416976971882643e-05 2.2990409602885086e-06
6 0.002 -10 5.967493843664814e-06 6.391185906565015e-06 6.241998560473395e-06 6.027168782101462e-06 5.967493843664814e-06 7.04164273552448e-07
