4 0.362 -10 0.984009840098401 1.0 0.988929889298893 0.985239852398524 0.984009840098401 0.993849938499385
4 0.256 -10 0.9603841536614646 1.0 0.9699879951980792 0.9627851140456183 0.9603841536614646 0.9975990396158463
4 0.181 -10 0.8849557522123894 0.9546460176991151 0.9103982300884956 0.8849557522123894 0.8849557522123894 0.8960176991150443
4 0.128 -10 0.6956521739130435 0.828695652173913 0.7382608695652174 0.6956521739130435 0.6956521739130435 0.7695652173913043
4 0.090496 -10 0.49968769519050593 0.5983760149906309 0.5015615240474703 0.49968769519050593 0.49968769519050593 0.4834478450968145
4 0.064 -10 0.322061191626409 0.40942028985507245 0.32407407407407407 0.322061191626409 0.322061191626409 0.3256843800322061
4 0.045249 -10 0.19846192011907715 0.26048127015628875 0.21384271892830564 0.19846192011907715 0.19846192011907715 0.17216571570329942
4 0.032 -10 0.11714745936447503 0.1742568458046566 0.14907014204129448 0.11905110557914775 0.11714745936447503 0.11480451017718553
4 0.022624 -10 0.06144393241167435 0.09592933947772657 0.08993855606758833 0.06205837173579109 0.06144393241167435 0.054070660522273425
4 0.016 -10 0.047359696897939854 0.07305233246507223 0.0710987449680322 0.0474780961401847 0.047359696897939854 0.034276580629883965
4 0.011312 -10 0.017926769148030295 0.046363106709093355 0.04546676825169184 0.01799399453233541 0.017926769148030295 0.03175278985344866
4 0.008 -10 0.016466326362588508 0.0357525111147703 0.03554668203523794 0.016466326362588508 0.016466326362588508 0.0205623250452824
4 0.005656 -10 0.009700967671525234 0.025064875221303327 0.024858729658283413 0.009700967671525234 0.009700967671525234 0.016188489801857737
4 0.004 -10 0.005883650805324704 0.013444142090166948 0.013289696256527175 0.005883650805324704 0.005883650805324704 0.007913510333161728
4 0.002828 -10 0.0062615447230831844 0.008914874299489685 0.008883566575874267 0.0062615447230831844 0.0062615447230831844 0.002786387401772017
4 0.002 -10 0.0025706280044214803 0.004443973162643634 0.004431120022621526 0.0025706280044214803 0.0025706280044214803 0.0019440374283437444
