4 0.362 -10 0.9157509157509157 0.9972527472527473 0.9194139194139194 0.9157509157509157 0.9157509157509157 0.9816849816849816
4 0.256 -10 0.8673026886383348 0.9913269731136166 0.8803122289679098 0.8673026886383348 0.8673026886383348 0.9765828274067649
4 0.181 -10 0.7173601147776184 0.9519368723098995 0.7338593974175036 0.7173601147776184 0.7173601147776184 0.9447632711621234
4 0.128 -10 0.5592841163310962 0.772930648769575 0.5760626398210291 0.5592841163310962 0.5592841163310962 0.6985458612975392
4 0.090496 -10 0.36643459142543056 0.4338585562477098 0.3825577134481495 0.36643459142543056 0.36643459142543056 0.35434224990839136
4 0.064 -10 0.2275830678197542 0.2783340919435594 0.23577605826126535 0.2275830678197542 0.2275830678197542 0.23736913973600365
4 0.045249 -10 0.12873326467559218 0.157826982492276 0.1333676622039135 0.12873326467559218 0.12873326467559218 0.13542739443872295
4 0.032 -10 0.07405761682589054 0.09227579056505962 0.0869436421535955 0.07405761682589054 0.07405761682589054 0.07576094201288602
4 0.022624 -10 0.041495497738495375 0.049753101788455954 0.04771982239926968 0.041495497738495375 0.041495497738495375 0.0367650109963069
4 0.016 -10 0.02326934264107039 0.027667248400232693 0.026783013379872017 0.02326934264107039 0.02326934264107039 0.01687027341477603
4 0.011312 -10 0.013635309998772821 0.015298817818623106 0.01512155878863906 0.013635309998772821 0.013635309998772821 0.0072676202293459145
4 0.008 -10 0.007918095223013151 0.008606969507415296 0.008606969507415296 0.007918095223013151 0.007918095223013151 0.0029296952325148663
4 0.005656 -10 0.004805589862127627 0.005089119663993157 0.005069897304544647 0.004805589862127627 0.004805589862127627 0.0011917862858076514
4 0.004 -10 0.0030293758576920397 0.003123286509280493 0.003120257133422801 0.0030293758576920397 0.0030293758576920397 0.0004210832442191935
4 0.002828 -10 0.002043756833811913 0.002068281915817656 0.0020580631316485963 0.002043756833811913 0.002043756833811913 9.605657118915991e-05
4 0.002 -10 0.001384709757911193 0.0013930180164586602 0.0013930180164586602 0.001384709757911193 0.001384709757911193 3.3233034189868634e-05
