4 0.362 -10 0.9478672985781991 0.9990521327014218 0.9696682464454977 0.9488151658767773 0.9478672985781991 0.9876777251184834
4 0.256 -10 0.8756567425569177 0.9868651488616462 0.9010507880910683 0.8782837127845884 0.8756567425569177 0.9763572679509632
4 0.181 -10 0.7225433526011561 0.9559248554913294 0.7456647398843931 0.7232658959537572 0.7225433526011561 0.9465317919075145
4 0.128 -10 0.5393743257820928 0.6914778856526429 0.5728155339805825 0.5393743257820928 0.5393743257820928 0.6078748651564185
4 0.090496 -10 0.33489618218352313 0.41192230408573344 0.3610180843938379 0.33489618218352313 0.33489618218352313 0.3503014065639652
4 0.064 -10 0.21593608291945585 0.27121572014683654 0.2375296912114014 0.21593608291945585 0.21593608291945585 0.24271215720146835
4 0.045249 -10 0.13245033112582782 0.16794701986754967 0.14543046357615894 0.13271523178807948 0.13245033112582782 0.15443708609271523
4 0.032 -10 0.0749232037161909 0.09560200794185959 0.08331460253240429 0.0749232037161909 0.0749232037161909 0.08900876601483479
4 0.022624 -10 0.039818427968463806 0.051365772079318306 0.046707016007008044 0.039818427968463806 0.039818427968463806 0.0491757585410528
4 0.016 -10 0.02049348307238298 0.026272645298794983 0.02453069923764243 0.02049348307238298 0.02049348307238298 0.02543241249282728
4 0.011312 -10 0.010677030504276151 0.013997586991106033 0.013527797648917882 0.010677030504276151 0.010677030504276151 0.013559828740430711
4 0.008 -10 0.005210232897410514 0.007059865575991247 0.0067993539311207215 0.005210232897410514 0.005210232897410514 0.006940030219350805
4 0.005656 -10 0.0028177904014787766 0.003691305425937197 0.0035870471810824822 0.0028177904014787766 0.0028177904014787766 0.003632131827506143
4 0.004 -10 0.0014660069635330768 0.0019365951988271944 0.0018427707531610774 0.0014660069635330768 0.0014660069635330768 0.0019234011361553968
4 0.002828 -10 0.0006811172502479267 0.0009222327568356927 0.0008759167838188338 0.0006811172502479267 0.0006811172502479267 0.0008943069495755277
4 0.002 -10 0.0003416515229629113 0.0004526882679258575 0.00042877266131845373 0.0003416515229629113 0.0003416515229629113 0.00044038881309919274
