8 0.362 -10 0.9950248756218906 1.0 1.0 0.9960199004975124 0.9950248756218906 1.0
8 0.256 -10 0.9930486593843099 1.0 0.9980139026812314 0.9930486593843099 0.9930486593843099 1.0
8 0.181 -10 0.945179584120983 1.0 0.9839319470699432 0.9584120982986768 0.945179584120983 1.0
8 0.128 -10 0.7513148009015778 0.9053343350864012 0.8580015026296018 0.7813673929376409 0.7513148009015778 0.8805409466566492
8 0.090496 -10 0.40192926045016075 0.5896302250803859 0.5297427652733119 0.44815112540192925 0.40192926045016075 0.5413987138263665
8 0.064 -10 0.1696928559307653 0.26336331240454774 0.23400644832852538 0.19531647717631087 0.1696928559307653 0.22433395554047175
8 0.045249 -10 0.05752746936662256 0.09290686302709544 0.08370246792843583 0.06776735891388137 0.05752746936662256 0.0701259851579129
8 0.032 -10 0.01735056823110957 0.02625140973366878 0.02403053700008675 0.020039906306931553 0.01735056823110957 0.016309534137242995
8 0.022624 -10 0.005089395227165156 0.006977560856443429 0.00652460468122573 0.0057357484210151305 0.005089395227165156 0.0032521235501585346
8 0.016 -10 0.001623640201331385 0.0019792174054229584 0.001919142717973697 0.0017665205390485468 0.001623640201331385 0.0006121123559019321
8 0.011312 -10 0.000538700514297381 0.0006367440078995044 0.0006324344037851253 0.0005931092662414165 0.000538700514297381 0.00015137484451756405
8 0.008 -10 0.0001879815499868319 0.0002122311699351332 0.00021091529908522539 0.0001998243876360023 0.0001879815499868319 4.229584874703718e-05
8 0.005656 -10 6.66253678219994e-05 7.262165092597934e-05 7.228852408686936e-05 6.862412885665939e-05 6.66253678219994e-05 9.92717980547791e-06
8 0.004 -10 4.959513261465688e-05 5.271962596938026e-05 5.2670030836765604e-05 5.063663039956468e-05 4.959513261465688e-05 4.661942465777747e-06
8 0.002828 -10 2.2122358944299792e-05 2.3095742737848985e-05 2.3073620378904685e-05 2.263117320001869e-05 2.2122358944299792e-05 1.4158309724351869e-06
8 0.002 -10 9.947470294143017e-06 1.0265789343555592e-05 1.0265789343555592e-05 1.002705005649616e-05 9.947470294143017e-06 4.6753110382472176e-07
