5 0.362 -10 0.7309941520467836 1.0 0.7697368421052632 0.7331871345029239 0.7309941520467836 0.9992690058479532
5 0.256 -10 0.7027406886858749 0.994378074490513 0.741391426563598 0.7055516514406184 0.7027406886858749 0.9901616303583978
5 0.181 -10 0.550357732526142 0.876169510181618 0.5795266923500275 0.5525591634562466 0.550357732526142 0.7974683544303798
5 0.128 -10 0.3494060097833683 0.5831586303284416 0.36792452830188677 0.3504542278127184 0.3494060097833683 0.43011879804332637
5 0.090496 -10 0.17739932588256166 0.3760865708710307 0.19957424161788184 0.17775412453432676 0.17739932588256166 0.28064573354621253
5 0.064 -10 0.09139932364500503 0.22858970843615758 0.10309843707156567 0.09149072296865003 0.09139932364500503 0.1764006946348597
5 0.045249 -10 0.03728282752963985 0.12784281559913505 0.042576989038848705 0.03728282752963985 0.03728282752963985 0.10603236149429572
5 0.032 -10 0.014277963391301865 0.0674776549872926 0.01646249179017105 0.014277963391301865 0.014277963391301865 0.059153602330163625
5 0.022624 -10 0.0058253671437642355 0.036455147585676584 0.006576839505309822 0.0058253671437642355 0.0058253671437642355 0.032989054135136864
5 0.016 -10 0.0020755026348505947 0.018399330857950525 0.002417960569600943 0.0020755026348505947 0.0020755026348505947 0.017156104779675017
5 0.011312 -10 0.0007973661401658043 0.009659293421968553 0.0009082000336488511 0.0007989608724461359 0.0007973661401658043 0.009193631596111723
5 0.008 -10 0.00026957745620781616 0.004862099000164172 0.00030111801858413067 0.00026957745620781616 0.00026957745620781616 0.004696848019508782
5 0.005656 -10 9.770810972425306e-05 0.002418178007565539 0.00011861764520524322 9.770810972425306e-05 9.770810972425306e-05 0.0023557425254517412
5 0.004 -10 3.3862399462535995e-05 0.0012227373821927124 4.012694336310516e-05 3.3862399462535995e-05 3.3862399462535995e-05 0.001200929996938839
5 0.002828 -10 1.3023737558977018e-05 0.0006152543860236334 1.5055440618177434e-05 1.3023737558977018e-05 1.3023737558977018e-05 0.0006072447874248625
5 0.002 -10 4.6053873609500574e-06 0.00031065640443288614 5.3054062398144666e-06 4.6053873609500574e-06 4.6053873609500574e-06 0.0003076813241977124
