4 0.362 -10 0.93137 0.99859
4 0.256 -10 0.87376 0.99127
4 0.181 -10 0.72737 0.81077
4 0.128 -10 0.53948 0.62583
4 0.090496 -10 0.35947 0.43319
4 0.064 -10 0.22114 0.27255
4 0.045249 -10 0.12833 0.16122
4 0.032 -10 0.07034 0.09175
4 0.022624 -10 0.03808 0.05077
4 0.016 -10 0.01988 0.02656
4 0.011312 -10 0.010778571428571429 0.014242857142857142
4 0.008 -10 0.005493562231759657 0.007098712446351931
4 0.005656 -10 0.0027220902612826604 0.003636579572446556
4 0.004 -10 0.0014285714285714286 0.001830357142857143
4 0.002828 -10 0.0006962962962962963 0.0006666666666666666
