6 0.362 -10 0.998003992015968 0.998003992015968 0.998003992015968 0.998003992015968 0.998003992015968 0.0
6 0.256 -10 0.9891196834817013 0.9891196834817013 0.9891196834817013 0.9891196834817013 0.9891196834817013 0.0
6 0.181 -10 0.9541984732824428 0.9541984732824428 0.9541984732824428 0.9541984732824428 0.9541984732824428 0.0
6 0.128 -10 0.727802037845706 0.727802037845706 0.727802037845706 0.727802037845706 0.727802037845706 0.0
6 0.090496 -10 0.45724737082761774 0.45724737082761774 0.45724737082761774 0.45724737082761774 0.45724737082761774 0.0
6 0.064 -10 0.22217285047767163 0.22217285047767163 0.22217285047767163 0.22217285047767163 0.22217285047767163 0.0
6 0.045249 -10 0.08926180487369455 0.08926180487369455 0.08926180487369455 0.08926180487369455 0.08926180487369455 0.0
6 0.032 -10 0.03330890680167877 0.03330890680167877 0.03330890680167877 0.03330890680167877 0.03330890680167877 0.0
6 0.022624 -10 0.01157796019497285 0.01157796019497285 0.01157796019497285 0.01157796019497285 0.01157796019497285 0.0
6 0.016 -10 0.00392990619313917 0.00392990619313917 0.00392990619313917 0.00392990619313917 0.00392990619313917 0.0
6 0.011312 -10 0.0013428821204645835 0.0013428821204645835 0.0013428821204645835 0.0013428821204645835 0.0013428821204645835 0.0
6 0.008 -10 0.00044904102798064456 0.00044904102798064456 0.00044904102798064456 0.00044904102798064456 0.00044904102798064456 0.0
6 0.005656 -10 0.000165451234324116 0.000165451234324116 0.000165451234324116 0.000165451234324116 0.000165451234324116 0.0
6 0.004 -10 5.474805819587191e-05 5.474805819587191e-05 5.474805819587191e-05 5.474805819587191e-05 5.474805819587191e-05 0.0
6 0.002828 -10 1.9244393891559957e-05 1.9244393891559957e-05 1.9244393891559957e-05 1.9244393891559957e-05 1.9244393891559957e-05 0.0
6 0.002 -10 6.662727440113157e-06 6.662727440113157e-06 6.662727440113157e-06 6.662727440113157e-06 6.662727440113157e-06 0.0
