8 0.362 -10 0.9960159362549801 1.0 1.0 0.99800796812749 0.9960159362549801 1.0
8 0.256 -10 0.9970089730807578 1.0 1.0 0.9980059820538385 0.9970089730807578 1.0
8 0.181 -10 0.9643201542912246 0.996142719382835 0.9845708775313404 0.9710703953712633 0.9643201542912246 0.9951783992285439
8 0.128 -10 0.7662835249042146 0.9065134099616858 0.8352490421455939 0.7831417624521073 0.7662835249042146 0.8689655172413793
8 0.090496 -10 0.37509377344336087 0.5 0.436609152288072 0.38897224306076517 0.37509377344336087 0.43435858964741186
8 0.064 -10 0.12301636117603641 0.1845245417640546 0.15598474597121417 0.12953622831836634 0.12301636117603641 0.13790134087833683
8 0.045249 -10 0.030089667208280678 0.046097370163085995 0.03782271168080881 0.0320755852440272 0.030089667208280678 0.030029487873864114
8 0.032 -10 0.00780579189758801 0.011841386308641011 0.009476231363671844 0.008258527827648115 0.00780579189758801 0.006174381390992116
8 0.022624 -10 0.0020616091271559276 0.003912934123341951 0.002506916698621608 0.002174997629149504 0.0020616091271559276 0.0021873672839124395
8 0.016 -10 0.0005562270452051282 0.0016275203342702052 0.0006646913190201282 0.0005840383974653845 0.0005562270452051282 0.0011258035394951795
8 0.011312 -10 0.00018775048261261554 0.0007089458223452364 0.00021835381127847188 0.00019263199516054356 0.00018775048261261554 0.0005349011249633417
8 0.008 -10 6.0435142697041534e-05 0.00029347305293683367 6.684126782292793e-05 6.236906726334685e-05 6.0435142697041534e-05 0.00023654314851622056
8 0.005656 -10 1.1220325520942322e-05 0.00012785560931113777 1.9983399752798275e-05 1.8491096458512947e-05 1.1220325520942322e-05 0.00012397337668089173
8 0.004 -10 3.5510802979296714e-06 4.793958402205056e-05 7.194488683605513e-06 6.683133120703642e-06 3.5510802979296714e-06 4.7108631232335015e-05
8 0.002828 -10 6.785229473071557e-07 1.8033782893529585e-05 2.57160197029412e-06 2.371437700838509e-06 6.785229473071557e-07 1.7811905889760144e-05
8 0.002 -10 2.9749002115016906e-07 6.614393130252859e-06 8.865202630275038e-07 8.466566001933812e-07 2.9749002115016906e-07 6.561737396509279e-06
