6 0.362 -10 0.9813542688910697 1.0 0.9950932286555446 0.9833169774288518 0.9813542688910697 1.0
6 0.256 -10 0.9765625 1.0 0.9912109375 0.9794921875 0.9765625 1.0
6 0.181 -10 0.8857395925597874 0.9929140832595217 0.941541186891054 0.8945969884853853 0.8857395925597874 0.9920283436669619
6 0.128 -10 0.6729475100942126 0.8950201884253028 0.7698519515477793 0.693135935397039 0.6729475100942126 0.8815612382234186
6 0.090496 -10 0.40766408479412963 0.6538931920097839 0.531593966571545 0.4304932735426009 0.40766408479412963 0.6367713004484304
6 0.064 -10 0.2048760499897562 0.38455234583077236 0.2880557262855972 0.22003687768899816 0.2048760499897562 0.373079287031346
6 0.045249 -10 0.093711929528629 0.18686158748008622 0.1399119107862431 0.10195857932714834 0.093711929528629 0.1771155468091088
6 0.032 -10 0.03895142756982043 0.0848362092470689 0.06197172126358431 0.04280761889923266 0.03895142756982043 0.07864293226346745
6 0.022624 -10 0.015119443604475355 0.03548533413970366 0.026111279104928938 0.0169942546114303 0.015119443604475355 0.032083459328696703
6 0.016 -10 0.005982185052912427 0.013776972176857319 0.010498734767861308 0.006676118519050268 0.005982185052912427 0.012000263216142329
6 0.011312 -10 0.002251633560147887 0.005102201647295112 0.003920094028217472 0.002542094289406965 0.002251633560147887 0.004102476346589451
6 0.008 -10 0.0008827262824688795 0.001919046938087344 0.001486511059677593 0.001004542509449585 0.0008827262824688795 0.0014026520628430494
6 0.005656 -10 0.00035652428750403766 0.0006880918748827927 0.0005522561213437543 0.00039253324054194544 0.00035652428750403766 0.000454568466567648
6 0.004 -10 0.00014355374767155822 0.00026600509443539737 0.00021317731529226395 0.00015920110616775805 0.00014355374767155822 0.00016121085863515986
6 0.002828 -10 6.412533270627308e-05 0.00010708930561947605 8.83647084692443e-05 6.925535932277493e-05 6.412533270627308e-05 5.5340162125513666e-05
6 0.002 -10 3.1735900437625375e-05 4.72864916520618e-05 4.062195256016048e-05 3.360831856344527e-05 3.1735900437625375e-05 1.980320187307823e-05
