8 0.362 -10 0.9960159362549801 1.0 0.999003984063745 0.9970119521912351 0.9960159362549801 1.0
8 0.256 -10 0.9950248756218906 1.0 1.0 0.9960199004975124 0.9950248756218906 1.0
8 0.181 -10 0.966183574879227 1.0 0.9855072463768116 0.9729468599033816 0.966183574879227 1.0
8 0.128 -10 0.7363770250368189 0.8976435935198822 0.8284241531664213 0.7577319587628866 0.7363770250368189 0.8703976435935199
8 0.090496 -10 0.37523452157598497 0.5058161350844278 0.44052532833020636 0.39362101313320824 0.37523452157598497 0.44352720450281424
8 0.064 -10 0.12725884448969205 0.20514125731738356 0.16645456859251717 0.13718503435988802 0.12725884448969205 0.16683634512598625
8 0.045249 -10 0.03582560097445635 0.06720882742808011 0.05076487658080464 0.03998137068749328 0.03582560097445635 0.0508007021817791
8 0.032 -10 0.008240218860212927 0.01928211213289825 0.013077227331157916 0.009525693002406145 0.008240218860212927 0.014618148258017733
8 0.022624 -10 0.0021997505482878243 0.006346280331810373 0.003605391148643744 0.0025473111349173004 0.0021997505482878243 0.005006632247903087
8 0.016 -10 0.0005070757348034473 0.001998385470860386 0.0009446820939388223 0.0006252243810126505 0.0005070757348034473 0.0016718286976469658
8 0.011312 -10 0.00013433242627601365 0.0006410343381891371 0.0003379803845104503 0.00021224523351610157 0.00013433242627601365 0.0005502256180265519
8 0.008 -10 3.4729405662136436e-05 0.0002202538907092693 0.00011224543910002496 4.056394581337536e-05 3.4729405662136436e-05 0.00019497088338723395
8 0.005656 -10 8.368858089817347e-06 5.4397577583812756e-05 1.6352748707503095e-05 1.0025891991601182e-05 8.368858089817347e-06 4.823809802970719e-05
8 0.004 -10 6.795231541399065e-06 2.7167335702513462e-05 9.37062429558931e-06 7.352440527793788e-06 6.795231541399065e-06 2.5169537629342137e-05
8 0.002828 -10 9.046491344747694e-07 1.1012293913961368e-05 4.908626203660099e-06 2.713947403424308e-06 9.046491344747694e-07 1.0265958378019684e-05
8 0.002 -10 1.377624376193119e-07 2.5466764218305997e-06 1.5837169828716096e-06 1.6986108558461156e-07 1.377624376193119e-07 2.44445669311707e-06
