4 0.362 -10 0.9319664492078286 0.9972041006523765 0.9384902143522833 0.9319664492078286 0.9319664492078286 0.9757688723205965
4 0.256 -10 0.8787346221441125 0.9929701230228472 0.8866432337434095 0.8787346221441125 0.8787346221441125 0.9833040421792618
4 0.181 -10 0.7380073800738007 0.9601476014760147 0.752029520295203 0.7380073800738007 0.7380073800738007 0.9512915129151291
4 0.128 -10 0.5555555555555556 0.765 0.5672222222222222 0.5555555555555556 0.5555555555555556 0.7044444444444444
4 0.090496 -10 0.3546099290780142 0.43156028368794325 0.36879432624113473 0.3546099290780142 0.3546099290780142 0.3645390070921986
4 0.064 -10 0.22732439190725165 0.2750625142077745 0.23482609684019096 0.22732439190725165 0.22732439190725165 0.23528074562400544
4 0.045249 -10 0.13097576948264572 0.16437459070072036 0.137524557956778 0.13097576948264572 0.13097576948264572 0.147871643745907
4 0.032 -10 0.07462129691814044 0.0935751063353481 0.08887396462950527 0.07462129691814044 0.07462129691814044 0.08514289978359824
4 0.022624 -10 0.038217534204693114 0.04861270350836964 0.04570817090881296 0.038217534204693114 0.038217534204693114 0.04459986241687686
4 0.016 -10 0.020077902260771795 0.02596072762317793 0.02419387222423001 0.020077902260771795 0.020077902260771795 0.023732080472232263
4 0.011312 -10 0.010549747333551362 0.013419278608277331 0.01263859730559453 0.010549747333551362 0.010549747333551362 0.01246980134825771
4 0.008 -10 0.0055326258949022385 0.00702090226063094 0.0066004226926183705 0.0055326258949022385 0.0055326258949022385 0.006157812621026192
4 0.005656 -10 0.002676129460438778 0.003393332155836371 0.0031524805043968806 0.002676129460438778 0.002676129460438778 0.002911628852957391
4 0.004 -10 0.0013934213789855334 0.0017097280320152496 0.0015940740575594503 0.0013934213789855334 0.0013934213789855334 0.0013641595300268373
4 0.002828 -10 0.0007021347705563997 0.0008769663284249432 0.0008285190292565516 0.0007021347705563997 0.0007021347705563997 0.000699326231474174
4 0.002 -10 0.0003530241994558485 0.0004144504101611661 0.0003907977887976243 0.0003530241994558485 0.0003530241994558485 0.0003194869005075429
