4 0.362 -10 0.945179584120983 0.997164461247637 0.9499054820415879 0.945179584120983 0.945179584120983 0.9820415879017014
4 0.256 -10 0.8680555555555556 0.9904513888888888 0.8767361111111112 0.8680555555555556 0.8680555555555556 0.9774305555555556
4 0.181 -10 0.7178750897343862 0.9597989949748744 0.7315147164393395 0.7178750897343862 0.7178750897343862 0.9547738693467337
4 0.128 -10 0.537345513164965 0.7506716818914562 0.554540569586244 0.537345513164965 0.537345513164965 0.6775926921010209
4 0.090496 -10 0.36363636363636365 0.444 0.3789090909090909 0.36363636363636365 0.36363636363636365 0.3789090909090909
4 0.064 -10 0.2188662727073758 0.266141387612169 0.2280586561610856 0.2188662727073758 0.2188662727073758 0.22849638870650033
4 0.045249 -10 0.13092432573972243 0.16313170987169415 0.13825608798114689 0.13092432573972243 0.13092432573972243 0.14951557999476303
4 0.032 -10 0.07284912945290303 0.09229984701682815 0.08749180447293654 0.07284912945290303 0.07284912945290303 0.08261091279959204
4 0.022624 -10 0.03863539775141985 0.0469033728702237 0.044623884402889925 0.03863539775141985 0.03863539775141985 0.03454004558976935
4 0.016 -10 0.02044195506858276 0.024346368486682066 0.023712667879556 0.02044195506858276 0.02044195506858276 0.01637400600993479
4 0.011312 -10 0.010753728855480638 0.01231301953952533 0.012022668860427353 0.010753728855480638 0.010753728855480638 0.006538267144132228
4 0.008 -10 0.005371290452531221 0.006074929501812811 0.005956761111857124 0.005371290452531221 0.005371290452531221 0.0027393581307909227
4 0.005656 -10 0.0027154064012990505 0.003019531918244544 0.00297337000942246 0.0027154064012990505 0.0027154064012990505 0.001183917190966386
4 0.004 -10 0.0014382094867174163 0.0015949743207696147 0.0015561426646282445 0.0014382094867174163 0.0014382094867174163 0.0007262957907922952
4 0.002828 -10 0.0006776082326689836 0.0007514675300299028 0.0007352049324458472 0.0006776082326689836 0.0006776082326689836 0.000290016323582325
4 0.002 -10 0.00035102277505969144 0.00038261482481506367 0.0003647126632870194 0.00035102277505969144 0.00035102277505969144 0.00012952740399702612
