6 0.362 -10 1.0 1.0 1.0 1.0 1.0 0.0
6 0.256 -10 1.0 1.0 1.0 1.0 1.0 0.0
6 0.181 -10 0.9849086576648134 0.9849086576648134 0.9849086576648134 0.9849086576648134 0.9849086576648134 0.0
6 0.128 -10 0.8615819209039548 0.8615819209039548 0.8615819209039548 0.8615819209039548 0.8615819209039548 0.0
6 0.090496 -10 0.6057494866529775 0.6057494866529775 0.6057494866529775 0.6057494866529775 0.6057494866529775 0.0
6 0.064 -10 0.35361102786934373 0.35361102786934373 0.35361102786934373 0.35361102786934373 0.35361102786934373 0.0
6 0.045249 -10 0.17388651616839537 0.17388651616839537 0.17388651616839537 0.17388651616839537 0.17388651616839537 0.0
6 0.032 -10 0.07018221621273582 0.07018221621273582 0.07018221621273582 0.07018221621273582 0.07018221621273582 0.0
6 0.022624 -10 0.027781417900668327 0.027781417900668327 0.027781417900668327 0.027781417900668327 0.027781417900668327 0.0
6 0.016 -10 0.010317205399986373 0.010317205399986373 0.010317205399986373 0.010317205399986373 0.010317205399986373 0.0
6 0.011312 -10 0.003920263323347757 0.003920263323347757 0.003920263323347757 0.003920263323347757 0.003920263323347757 0.0
6 0.008 -10 0.0016814880852292376 0.0016814880852292376 0.0016814880852292376 0.0016814880852292376 0.0016814880852292376 0.0
6 0.005656 -10 0.0007872831723732888 0.0007872831723732888 0.0007872831723732888 0.0007872831723732888 0.0007872831723732888 0.0
6 0.004 -10 0.00033336922608667534 0.00033336922608667534 0.00033336922608667534 0.00033336922608667534 0.00033336922608667534 0.0
6 0.002828 -10 0.0001491992402177891 0.0001491992402177891 0.0001491992402177891 0.0001491992402177891 0.0001491992402177891 0.0
6 0.002 -10 7.390553660371245e-05 7.390553660371245e-05 7.390553660371245e-05 7.390553660371245e-05 7.390553660371245e-05 0.0
