8 0.362 -10 0.99581 1.0
8 0.256 -10 0.99563 1.0
8 0.181 -10 0.97028 0.99925
8 0.128 -10 0.76692 0.90199
8 0.090496 -10 0.38503 0.52605
8 0.064 -10 0.12959 0.19786
8 0.045249 -10 0.03467 0.05801
8 0.032 -10 0.008323353293413174 0.015317365269461078
8 0.022624 -10 0.0020686456400742115 0.004222634508348794
8 0.016 -10 0.0005136363636363637 0.0013181818181818182
8 0.011312 -10 0.00012172647914645975 0.0003277158098933075
8 0.008 -10 3.2890845764605376e-05 0.00014644805152132484
8 0.005656 -10 8.035161868335838e-06 4.0947184881039426e-05
8 0.004 -10 2.9894571810083106e-06 1.4814421141441184e-05
8 0.002828 -10 9.91058450425054e-07 3.2815046469629566e-06
