6 0.362 -10 1.0 1.0 1.0 1.0 1.0 0.0
6 0.256 -10 1.0 1.0 1.0 1.0 1.0 0.0
6 0.181 -10 0.9803921568627451 0.9803921568627451 0.9803921568627451 0.9803921568627451 0.9803921568627451 0.0
6 0.128 -10 0.8203445447087777 0.8203445447087777 0.8203445447087777 0.8203445447087777 0.8203445447087777 0.0
6 0.090496 -10 0.5333333333333333 0.5333333333333333 0.5333333333333333 0.5333333333333333 0.5333333333333333 0.0
6 0.064 -10 0.2602133749674733 0.2602133749674733 0.2602133749674733 0.2602133749674733 0.2602133749674733 0.0
6 0.045249 -10 0.10607828577490187 0.10607828577490187 0.10607828577490187 0.10607828577490187 0.10607828577490187 0.0
6 0.032 -10 0.0396463545177021 0.0396463545177021 0.0396463545177021 0.0396463545177021 0.0396463545177021 0.0
6 0.022624 -10 0.01390975351916764 0.01390975351916764 0.01390975351916764 0.01390975351916764 0.01390975351916764 0.0
6 0.016 -10 0.004631537994821941 0.004631537994821941 0.004631537994821941 0.004631537994821941 0.004631537994821941 0.0
6 0.011312 -10 0.0014747478918478885 0.0014747478918478885 0.0014747478918478885 0.0014747478918478885 0.0014747478918478885 0.0
6 0.008 -10 0.0005112351594823641 0.0005112351594823641 0.0005112351594823641 0.0005112351594823641 0.0005112351594823641 0.0
6 0.005656 -10 0.00018216482491956512 0.00018216482491956512 0.00018216482491956512 0.00018216482491956512 0.00018216482491956512 0.0
6 0.004 -10 5.667251734844933e-05 5.667251734844933e-05 5.667251734844933e-05 5.667251734844933e-05 5.667251734844933e-05 0.0
6 0.002828 -10 2.0396515606128762e-05 2.0396515606128762e-05 2.0396515606128762e-05 2.0396515606128762e-05 2.0396515606128762e-05 0.0
6 0.002 -10 7.421649828303842e-06 7.421649828303842e-06 7.421649828303842e-06 7.421649828303842e-06 7.421649828303842e-06 0.0
