8 0.362 -10 1.0 1.0 1.0 1.0 1.0 0.0
8 0.256 -10 1.0 1.0 1.0 1.0 1.0 0.0
8 0.181 -10 0.999000999000999 0.999000999000999 0.999000999000999 0.999000999000999 0.999000999000999 0.0
8 0.128 -10 0.9191176470588235 0.9191176470588235 0.9191176470588235 0.9191176470588235 0.9191176470588235 0.0
8 0.090496 -10 0.6289308176100629 0.6289308176100629 0.6289308176100629 0.6289308176100629 0.6289308176100629 0.0
8 0.064 -10 0.3038590094196293 0.3038590094196293 0.3038590094196293 0.3038590094196293 0.3038590094196293 0.0
8 0.045249 -10 0.10924186148131965 0.10924186148131965 0.10924186148131965 0.10924186148131965 0.10924186148131965 0.0
8 0.032 -10 0.03270966897814994 0.03270966897814994 0.03270966897814994 0.03270966897814994 0.03270966897814994 0.0
8 0.022624 -10 0.009367944766597656 0.009367944766597656 0.009367944766597656 0.009367944766597656 0.009367944766597656 0.0
8 0.016 -10 0.0025893520664324165 0.0025893520664324165 0.0025893520664324165 0.0025893520664324165 0.0025893520664324165 0.0
8 0.011312 -10 0.0008531571506940007 0.0008531571506940007 0.0008531571506940007 0.0008531571506940007 0.0008531571506940007 0.0
8 0.008 -10 0.0003092463419250214 0.0003092463419250214 0.0003092463419250214 0.0003092463419250214 0.0003092463419250214 0.0
8 0.005656 -10 0.00011392284074350147 0.00011392284074350147 0.00011392284074350147 0.00011392284074350147 0.00011392284074350147 0.0
8 0.004 -10 4.7814618516325776e-05 4.7814618516325776e-05 4.7814618516325776e-05 4.7814618516325776e-05 4.7814618516325776e-05 0.0
8 0.002828 -10 2.2025691868279756e-05 2.2025691868279756e-05 2.2025691868279756e-05 2.2025691868279756e-05 2.2025691868279756e-05 0.0
8 0.002 -10 1.3864850127278632e-05 1.3864850127278632e-05 1.3864850127278632e-05 1.3864850127278632e-05 1.3864850127278632e-05 0.0
