8 0.362 -10 1.0 1.0 1.0 1.0 1.0 0.0
8 0.256 -10 1.0 1.0 1.0 1.0 1.0 0.0
8 0.181 -10 1.0 1.0 1.0 1.0 1.0 0.0
8 0.128 -10 0.940733772342427 0.940733772342427 0.940733772342427 0.940733772342427 0.940733772342427 0.0
8 0.090496 -10 0.6067961165048543 0.6067961165048543 0.6067961165048543 0.6067961165048543 0.6067961165048543 0.0
8 0.064 -10 0.2271178741766977 0.2271178741766977 0.2271178741766977 0.2271178741766977 0.2271178741766977 0.0
8 0.045249 -10 0.06017571308220002 0.06017571308220002 0.06017571308220002 0.06017571308220002 0.06017571308220002 0.0
8 0.032 -10 0.01435049652717984 0.01435049652717984 0.01435049652717984 0.01435049652717984 0.01435049652717984 0.0
8 0.022624 -10 0.0031250390629882874 0.0031250390629882874 0.0031250390629882874 0.0031250390629882874 0.0031250390629882874 0.0
8 0.016 -10 0.0008204656963292365 0.0008204656963292365 0.0008204656963292365 0.0008204656963292365 0.0008204656963292365 0.0
8 0.011312 -10 0.000241560013894532 0.000241560013894532 0.000241560013894532 0.000241560013894532 0.000241560013894532 0.0
8 0.008 -10 7.937982133189815e-05 7.937982133189815e-05 7.937982133189815e-05 7.937982133189815e-05 7.937982133189815e-05 0.0
8 0.005656 -10 2.828491530958943e-05 2.828491530958943e-05 2.828491530958943e-05 2.828491530958943e-05 2.828491530958943e-05 0.0
8 0.004 -10 9.554431294118004e-06 9.554431294118004e-06 9.554431294118004e-06 9.554431294118004e-06 9.554431294118004e-06 0.0
8 0.002828 -10 3.4533720627628823e-06 3.4533720627628823e-06 3.4533720627628823e-06 3.4533720627628823e-06 3.4533720627628823e-06 0.0
8 0.002 -10 1.2560125114822623e-06 1.2560125114822623e-06 1.2560125114822623e-06 1.2560125114822623e-06 1.2560125114822623e-06 0.0
