6 0.362 -10 0.9852216748768473 1.0 0.9891625615763546 0.9852216748768473 0.9852216748768473 1.0
6 0.256 -10 0.9718172983479106 1.0 0.9834791059280855 0.9727891156462585 0.9718172983479106 1.0
6 0.181 -10 0.8703220191470844 0.9834638816362054 0.8912097476066144 0.8711923411662315 0.8703220191470844 0.9756309834638817
6 0.128 -10 0.6535947712418301 0.8013071895424837 0.6954248366013072 0.657516339869281 0.6535947712418301 0.7274509803921568
6 0.090496 -10 0.37721614485099964 0.48321388155413053 0.4066390041493776 0.38098830629950964 0.37721614485099964 0.3700490380988306
6 0.064 -10 0.18382352941176472 0.23841911764705884 0.20496323529411764 0.18786764705882353 0.18382352941176472 0.1619485294117647
6 0.045249 -10 0.07010656197420079 0.09569545709478407 0.0805524397083567 0.07312114413909142 0.07010656197420079 0.062114413909141894
6 0.032 -10 0.02540650406504065 0.037627032520325204 0.031173780487804878 0.026676829268292682 0.02540650406504065 0.022357723577235773
6 0.022624 -10 0.008841342115733168 0.013191282436673887 0.01107820167101366 0.009283409221519826 0.008841342115733168 0.007453251403563061
6 0.016 -10 0.003226514203115522 0.004975284901204135 0.003936347327800937 0.0033588012854432587 0.003226514203115522 0.0027038189022108076
6 0.011312 -10 0.0011857529412601707 0.001867560882484769 0.0015047204824591568 0.0012663841412658625 0.0011857529412601707 0.0009284445530067137
6 0.008 -10 0.0003917376266732583 0.0006381405938507378 0.0005335466475289778 0.00041210798326026774 0.0003917376266732583 0.00031417357659195317
6 0.005656 -10 0.00014600349736777594 0.00023331358879370598 0.0001779782632913189 0.00015958182262297912 0.00014600349736777594 0.00011490475242843967
6 0.004 -10 4.5716007770989866e-05 7.053979999063736e-05 5.472206130187487e-05 4.727035203520352e-05 4.5716007770989866e-05 2.962397303560143e-05
6 0.002828 -10 1.6429844154713272e-05 2.6320610335850658e-05 2.0274427686916175e-05 1.8319276232505296e-05 1.6429844154713272e-05 1.1813057947238842e-05
6 0.002 -10 5.7917274648430846e-06 9.150929394452075e-06 7.204908966264798e-06 6.087105565550082e-06 5.7917274648430846e-06 3.926791221163612e-06
