8 0.362 -10 0.9960159362549801 1.0 1.0 0.99800796812749 0.9960159362549801 1.0
8 0.256 -10 0.998003992015968 1.0 1.0 1.0 0.998003992015968 1.0
8 0.181 -10 0.966183574879227 0.9990338164251208 0.991304347826087 0.9797101449275363 0.966183574879227 0.9990338164251208
8 0.128 -10 0.7923930269413629 0.9508716323296355 0.881933438985737 0.820919175911252 0.7923930269413629 0.9445324881141046
8 0.090496 -10 0.3901677721420211 0.6262192742879438 0.500195083886071 0.4190401872805306 0.3901677721420211 0.5961763558330082
8 0.064 -10 0.13408420488066505 0.2570394207562349 0.18584070796460178 0.1461517833199249 0.13408420488066505 0.23263609546795389
8 0.045249 -10 0.03506434306953259 0.07342473438760125 0.05091342613696132 0.0395876433255023 0.03506434306953259 0.06244959500683755
8 0.032 -10 0.008486875047738672 0.016532432592994934 0.011669453190640675 0.009276154427178369 0.008486875047738672 0.011643992565497458
8 0.022624 -10 0.0021643756750146636 0.003794150558300705 0.002677332709993139 0.0023267038506407634 0.0021643756750146636 0.002266101331740353
8 0.016 -10 0.0005488591687747433 0.0009028733326344526 0.000643262945803999 0.0005817907189012278 0.0005488591687747433 0.00044622250421386627
8 0.011312 -10 0.00018848883599473286 0.00028254476515610457 0.00020846865261017454 0.00019508594525454852 0.00018848883599473286 0.00010913503604095033
8 0.008 -10 6.283352822199337e-05 8.557926543835497e-05 6.6289372274203e-05 6.377603114532327e-05 6.283352822199337e-05 2.5259078345241336e-05
8 0.005656 -10 2.2098883442864606e-05 2.9988184831967272e-05 2.307123431435065e-05 2.2408267811064713e-05 2.2098883442864606e-05 8.242883524188498e-06
8 0.004 -10 7.64849481943353e-06 1.02642800476798e-05 7.923840632933138e-06 7.7326282624473e-06 7.64849481943353e-06 2.7305126505377705e-06
8 0.002828 -10 2.8186462695893096e-06 3.582499408648013e-06 2.85810731736356e-06 2.8271022083980775e-06 2.8186462695893096e-06 7.948582480241853e-07
8 0.002 -10 1.108762429512341e-06 1.388170561749451e-06 1.1198500538074645e-06 1.1131974792303905e-06 1.108762429512341e-06 2.882782316732087e-07
