8 0.362 -10 0.9950248756218906 1.0 0.9970149253731343 0.9970149253731343 0.9950248756218906 1.0
8 0.256 -10 0.9970089730807578 1.0 1.0 0.9990029910269193 0.9970089730807578 1.0
8 0.181 -10 0.9652509652509652 0.999034749034749 0.9884169884169884 0.9758687258687259 0.9652509652509652 0.999034749034749
8 0.128 -10 0.7304601899196493 0.8918918918918919 0.8239590942293645 0.7552958363769174 0.7304601899196493 0.8663257852447042
8 0.090496 -10 0.4144218814753419 0.5996684624948198 0.5370907583920431 0.45171985080812266 0.4144218814753419 0.5495234148363034
8 0.064 -10 0.16113438607798905 0.26587173702868194 0.23283918788269417 0.18659361907831132 0.16113438607798905 0.2263938124395746
8 0.045249 -10 0.05634437683119225 0.09268649988731124 0.08344602208699572 0.06530313274735182 0.05634437683119225 0.06964164976335362
8 0.032 -10 0.016836434043269635 0.026096472767067936 0.023789881303139995 0.019530263490192778 0.016836434043269635 0.016482868928360973
8 0.022624 -10 0.004911808478763796 0.006856884636354259 0.006522881659798321 0.0055896380488332 0.004911808478763796 0.003197587319675231
8 0.016 -10 0.001579182583511123 0.0019581864035537926 0.001902915013130903 0.001748155119946813 0.001579182583511123 0.0006190395727363602
8 0.011312 -10 0.0005499116292011874 0.0006197504061097381 0.0006120516433009215 0.0005796068571780515 0.0005499116292011874 0.0001215304700534624
8 0.008 -10 0.00018479154497373466 0.00020567298955576668 0.00020364028256105558 0.0001931071644975527 0.00018479154497373466 3.566476817993079e-05
8 0.005656 -10 6.603052855457193e-05 7.104884872471939e-05 7.065266555339195e-05 6.853968863964565e-05 6.603052855457193e-05 7.593510783775771e-06
8 0.004 -10 4.8495932597637105e-05 4.9999306508163855e-05 4.9999306508163855e-05 4.956284311478512e-05 4.8495932597637105e-05 2.4732925624794922e-06
8 0.002828 -10 2.2075677497575373e-05 2.2649645112512332e-05 2.2583418080019606e-05 2.2296434272551128e-05 2.2075677497575373e-05 7.947243899127134e-07
8 0.002 -10 1.012743811109911e-05 1.0329986873321092e-05 1.0319859435209993e-05 1.0198330177876804e-05 1.012743811109911e-05 2.73440828999676e-07
