6 0.362 -10 0.984251968503937 1.0 0.9960629921259843 0.9881889763779528 0.984251968503937 1.0
6 0.256 -10 0.9671179883945842 1.0 0.9912959381044487 0.9709864603481625 0.9671179883945842 1.0
6 0.181 -10 0.8718395815170009 0.978204010462075 0.9250217959895379 0.8831734960767219 0.8718395815170009 0.969485614646905
6 0.128 -10 0.6622516556291391 0.8562913907284768 0.7529801324503311 0.6827814569536423 0.6622516556291391 0.8337748344370861
6 0.090496 -10 0.3992015968063872 0.5616766467065868 0.4782435129740519 0.41956087824351296 0.3992015968063872 0.5245508982035928
6 0.064 -10 0.19849146486701072 0.296744739976181 0.24176260420801907 0.21159190154823343 0.19849146486701072 0.26776498610559746
6 0.045249 -10 0.09180207472688882 0.14816854860919856 0.12191315523730836 0.10033966767648948 0.09180207472688882 0.12778848801982925
6 0.032 -10 0.03832739258748227 0.06239699513242114 0.051550343030163655 0.04223678663140547 0.03832739258748227 0.0512437238894638
6 0.022624 -10 0.016030265140585424 0.025728575550639607 0.02204161456830496 0.01796992722259626 0.016030265140585424 0.019572953736654804
6 0.016 -10 0.005713208366422332 0.009026869218947284 0.008021344546456954 0.006438785828957968 0.005713208366422332 0.005924597075979958
6 0.011312 -10 0.0022085781174080127 0.003370290207164627 0.003005874817792305 0.0025111533194929103 0.0022085781174080127 0.0018706656654445867
6 0.008 -10 0.0007946649374757628 0.0011800774321515076 0.0010632616863425705 0.0008788994208481936 0.0007946649374757628 0.0005832840641072099
6 0.005656 -10 0.0002891519722043992 0.0004062585209471809 0.00037098198033824417 0.00031517564970279515 0.0002891519722043992 0.00017406948726704833
6 0.004 -10 0.0001187781340857849 0.0001534613492388341 0.0001439590985119713 0.0001282803848126477 0.0001187781340857849 4.9530481913772304e-05
6 0.002828 -10 3.687507351967783e-05 4.8638221972455056e-05 4.5430090576243084e-05 3.964070403365367e-05 3.687507351967783e-05 1.644628278977631e-05
6 0.002 -10 1.3018736096315318e-05 1.6325495064779407e-05 1.5349089857555758e-05 1.3917028886961075e-05 1.3018736096315318e-05 4.5044826893251e-06
