4 0.362 -10 0.9779951100244498 1.0 0.9792176039119804 0.9779951100244498 0.9779951100244498 0.9987775061124694
4 0.256 -10 0.9445100354191264 0.9988193624557261 0.948051948051948 0.9445100354191264 0.9445100354191264 0.9988193624557261
4 0.181 -10 0.8438818565400844 0.95042194092827 0.8459915611814346 0.8438818565400844 0.8438818565400844 0.8913502109704642
4 0.128 -10 0.6462035541195477 0.7019386106623586 0.6550888529886915 0.6462035541195477 0.6462035541195477 0.44749596122778673
4 0.090496 -10 0.45351473922902497 0.4897959183673469 0.45918367346938777 0.45351473922902497 0.45351473922902497 0.30385487528344673
4 0.064 -10 0.26640026640026643 0.2857142857142857 0.26873126873126874 0.26640026640026643 0.26640026640026643 0.1401931401931402
4 0.045249 -10 0.16054585591009432 0.16997792494481237 0.16094722054986957 0.16054585591009432 0.16054585591009432 0.0772626931567329
4 0.032 -10 0.08960573476702509 0.09475806451612903 0.09005376344086022 0.08960573476702509 0.08960573476702509 0.03461021505376344
4 0.022624 -10 0.04466528948690749 0.047177712020546034 0.045167773993635196 0.04466528948690749 0.04466528948690749 0.014907040366255373
4 0.016 -10 0.022605894486987483 0.023736189211336856 0.022690666591313684 0.022605894486987483 0.022605894486987483 0.006244878352030292
4 0.011312 -10 0.01156403584851113 0.012113327551315408 0.011621856027753686 0.01156403584851113 0.01156403584851113 0.0029343740965596995
4 0.008 -10 0.006178894441312088 0.006418326600912932 0.0061943416774153685 0.006178894441312088 0.006178894441312088 0.0012975678326755385
4 0.005656 -10 0.003233041686031239 0.0034755198124835824 0.003233041686031239 0.003233041686031239 0.003233041686031239 0.000990119016347067
4 0.004 -10 0.0016216161431887055 0.0017108050310640842 0.0016216161431887055 0.0016216161431887055 0.0016216161431887055 0.0004135121165131199
4 0.002828 -10 0.0008339057749017294 0.0008808129747399516 0.0008349481571203566 0.0008339057749017294 0.0008339057749017294 0.00020639167928817803
4 0.002 -10 0.00040366507706723193 0.0004248574936132616 0.000404169658413566 0.00040366507706723193 0.00040366507706723193 7.97238527207783e-05
