6 0.362 -10 0.983284169124877 1.0 0.992133726647001 0.984267453294002 0.983284169124877 1.0
6 0.256 -10 0.975609756097561 1.0 0.9814634146341463 0.975609756097561 0.975609756097561 1.0
6 0.181 -10 0.8733624454148472 0.9781659388646288 0.9205240174672489 0.8847161572052402 0.8733624454148472 0.9624454148471616
6 0.128 -10 0.6743088334457181 0.868509777478085 0.7525286581254215 0.6877950101146325 0.6743088334457181 0.8462575859743763
6 0.090496 -10 0.38699690402476783 0.5452786377708978 0.45394736842105265 0.40170278637770895 0.38699690402476783 0.5069659442724458
6 0.064 -10 0.1989258006763477 0.304356475034812 0.2434851800278496 0.20827531330813606 0.1989258006763477 0.2719315695245673
6 0.045249 -10 0.08665511265164645 0.14436741767764297 0.1134315424610052 0.09523396880415945 0.08665511265164645 0.12504332755632583
6 0.032 -10 0.04303111149360988 0.06484788502087009 0.0548646671543526 0.045311760402771205 0.04303111149360988 0.04948577821765136
6 0.022624 -10 0.015198954311943338 0.023892756178374927 0.020548986229747393 0.016840441377633217 0.015198954311943338 0.01606529470772411
6 0.016 -10 0.006710508656556167 0.009763790095289222 0.008743792779492686 0.00716011273654543 0.006710508656556167 0.005187223191517917
6 0.011312 -10 0.002975446614536842 0.004028754716082884 0.0037193082681710524 0.0031986051106271053 0.002975446614536842 0.0016156675116935052
6 0.008 -10 0.0011826397939368424 0.001500769898505853 0.001394332317051537 0.0012512329019851792 0.0011826397939368424 0.0004446725625202527
6 0.005656 -10 0.0005851933215397372 0.0006741427064137773 0.0006454682336583302 0.0006039195078290088 0.0005851933215397372 0.00012815733741720247
6 0.004 -10 0.0002261023393452438 0.0002534607224060183 0.00024306001479613707 0.00023243320484691064 0.0002261023393452438 4.069842108214389e-05
6 0.002828 -10 0.0001209949023637685 0.00012885957101741347 0.0001252297239465004 0.00012280982589922505 0.0001209949023637685 1.0768546310375397e-05
6 0.002 -10 7.224146333463994e-05 7.462543162468305e-05 7.383077552800202e-05 7.296387796798634e-05 7.224146333463994e-05 3.2508658500587973e-06
