6 0.362 -10 0.9871668311944719 1.0 0.9940769990128332 0.9871668311944719 0.9871668311944719 1.0
6 0.256 -10 0.9784735812133072 1.0 0.9882583170254403 0.9794520547945206 0.9784735812133072 1.0
6 0.181 -10 0.8703220191470844 0.9825935596170583 0.8920800696257616 0.8711923411662315 0.8703220191470844 0.9721496953872933
6 0.128 -10 0.6222775357809583 0.7890479153702551 0.657125077784692 0.6247666459240822 0.6222775357809583 0.7212196639701307
6 0.090496 -10 0.3770739064856712 0.4807692307692308 0.4083710407239819 0.3797134238310709 0.3770739064856712 0.3717948717948718
6 0.064 -10 0.1754693805930865 0.2340761537111774 0.1975785225478154 0.17862782944376207 0.1754693805930865 0.1651166871380944
6 0.045249 -10 0.07100255609201932 0.10046861687020733 0.08300198807157058 0.07405566600397614 0.07100255609201932 0.06503834138028969
6 0.032 -10 0.02794935576734956 0.039408591631962885 0.03311998658430923 0.02945862097878644 0.02794935576734956 0.023281813354202187
6 0.022624 -10 0.009916699722332408 0.013982546608488695 0.011969456564855216 0.010293534311781039 0.009916699722332408 0.007368107893692979
6 0.016 -10 0.0032500666263658405 0.0049401012720760775 0.003971581417419057 0.0033930695579259375 0.0032500666263658405 0.0026813049667518186
6 0.011312 -10 0.0011346140099868726 0.0018482862222686154 0.0014579790028331312 0.0012094985346460061 0.0011346140099868726 0.0009757680485887103
6 0.008 -10 0.00038457958913055014 0.0006522469831654131 0.0005403343227284229 0.0004126538991370803 0.00038457958913055014 0.0003457370506283646
6 0.005656 -10 0.00014399076155273877 0.00022937728315351288 0.00017696464594831596 0.0001585338284695654 0.00014399076155273877 0.00011058490487250338
6 0.004 -10 4.556602065288999e-05 6.725544648366562e-05 5.3585640287798634e-05 4.675073718986513e-05 4.556602065288999e-05 2.6246027896064635e-05
6 0.002828 -10 1.5668465302026906e-05 2.59156416095525e-05 1.927221232149309e-05 1.7266648762833647e-05 1.5668465302026906e-05 1.1955039025446528e-05
6 0.002 -10 5.671224913691046e-06 8.68264534286099e-06 6.9132231697893845e-06 5.9831422839440535e-06 5.671224913691046e-06 3.3743788236461724e-06
