8 0.362 -10 0.9937888198757764 1.0 0.9975155279503105 0.9962732919254659 0.9937888198757764 1.0
8 0.256 -10 0.9975062344139651 1.0 1.0 0.9987531172069826 0.9975062344139651 1.0
8 0.181 -10 0.9456264775413712 0.9952718676122931 0.9763593380614657 0.9539007092198581 0.9456264775413712 0.9952718676122931
8 0.128 -10 0.7339449541284404 0.8963302752293578 0.8366972477064221 0.771559633027523 0.7339449541284404 0.8614678899082568
8 0.090496 -10 0.39158100832109644 0.5697503671071953 0.49926578560939794 0.42486539402838963 0.39158100832109644 0.5168869309838473
8 0.064 -10 0.16057808109193095 0.26716178241670013 0.23344038538739462 0.186069851465275 0.16057808109193095 0.22842232035327178
8 0.045249 -10 0.05289256198347107 0.08978512396694215 0.07900826446280992 0.06254545454545454 0.05289256198347107 0.06948760330578513
8 0.032 -10 0.015794045644791914 0.02550738371633894 0.022723683171444367 0.018794914317302378 0.015794045644791914 0.01658374792703151
8 0.022624 -10 0.005080042418354193 0.007454962248934779 0.006946958007099359 0.005873799046222036 0.005080042418354193 0.0037719314956279884
8 0.016 -10 0.001648886177387175 0.002178590861872805 0.0020672910448991705 0.00184881362639537 0.001648886177387175 0.0008677263508500008
8 0.011312 -10 0.0005169892356378775 0.0006216795558545477 0.0006068161153299587 0.0005628720303007391 0.0005169892356378775 0.00017060644776049956
8 0.008 -10 0.00018972987446285694 0.00021344610877071406 0.00020917718659529976 0.00019850488115676407 0.00018972987446285694 4.126624769567138e-05
8 0.005656 -10 6.55333009926493e-05 7.40526301216937e-05 7.315154723304477e-05 6.856421616355932e-05 6.55333009926493e-05 1.2778993693566612e-05
8 0.004 -10 5.216838546280988e-05 5.536369907240698e-05 5.5233278108749955e-05 5.3276963653894586e-05 5.216838546280988e-05 4.43431276433884e-06
8 0.002828 -10 2.27500512160528e-05 2.374536595675511e-05 2.366005326469491e-05 2.3233489804393922e-05 2.27500512160528e-05 1.27969038090297e-06
8 0.002 -10 1.1062491920059613e-05 1.1283741758460805e-05 1.1228429298860507e-05 1.1159288724360134e-05 1.1062491920059613e-05 3.318747576017884e-07
