8 0.362 -10 0.9970089730807578 1.0 1.0 0.9980059820538385 0.9970089730807578 1.0
8 0.256 -10 0.9960159362549801 1.0 0.99800796812749 0.9970119521912351 0.9960159362549801 1.0
8 0.181 -10 0.9727626459143969 1.0 0.9883268482490273 0.9776264591439688 0.9727626459143969 1.0
8 0.128 -10 0.7686395080707148 0.9139123750960799 0.8401229823212913 0.7824750192159877 0.7686395080707148 0.8808608762490392
8 0.090496 -10 0.36859565057132326 0.5123479542941394 0.4452635458901585 0.38407666789531886 0.36859565057132326 0.4530040545521563
8 0.064 -10 0.13109596224436287 0.18563188253801782 0.1592815941269009 0.1380440482433141 0.13109596224436287 0.13450445726271631
8 0.045249 -10 0.03154773171808947 0.0446400403810966 0.038961448671840496 0.03404000252381854 0.03154773171808947 0.02659473783834942
8 0.032 -10 0.008315109385263962 0.010593449356826289 0.009529115355512503 0.00874749507329769 0.008315109385263962 0.00444858352111622
8 0.022624 -10 0.0021387858112949278 0.00252162847151672 0.0023761910363486647 0.00223075360118061 0.0021387858112949278 0.0006544684582562479
8 0.016 -10 0.0006239891375970927 0.0006776522034304427 0.0006489487031009764 0.0006395888660370201 0.0006239891375970927 9.671831632754936e-05
8 0.011312 -10 0.00019642768750397765 0.00020801692106671234 0.00020330265656661687 0.00020074909662906517 0.00019642768750397765 2.494631631300516e-05
8 0.008 -10 6.333305129014493e-05 6.719636741884376e-05 6.586637334175071e-05 6.542304198271971e-05 6.333305129014493e-05 7.789965308687825e-06
8 0.005656 -10 2.2173903315883285e-05 2.26839030921486e-05 2.2528685768937416e-05 2.2462164058989768e-05 2.2173903315883285e-05 1.1530429724259308e-06
8 0.004 -10 7.639193087923645e-06 7.929482425264743e-06 7.883647266737201e-06 7.853090494385507e-06 7.639193087923645e-06 4.812691645391896e-07
8 0.002828 -10 2.5274922919067573e-06 2.605844552955867e-06 2.593207091496333e-06 2.585624614620613e-06 2.5274922919067573e-06 1.3395709147105813e-07
8 0.002 -10 9.845748673904418e-07 1.0200195626164977e-06 1.0160812631469359e-06 1.0131275385447646e-06 9.845748673904418e-07 4.922874336952209e-08
