4 0.362 -10 0.9250693802035153 0.9990749306197965 0.9315448658649399 0.9250693802035153 0.9250693802035153 0.9861239592969473
4 0.256 -10 0.8532423208191127 0.9948805460750854 0.8626279863481229 0.8532423208191127 0.8532423208191127 0.9778156996587031
4 0.181 -10 0.7262164124909223 0.9622367465504721 0.739288307915759 0.7262164124909223 0.7262164124909223 0.9564270152505446
4 0.128 -10 0.5470459518599562 0.7609409190371991 0.5645514223194749 0.5470459518599562 0.5470459518599562 0.6947483588621444
4 0.090496 -10 0.36310820624546114 0.4360929557007988 0.3765432098765432 0.36310820624546114 0.36310820624546114 0.3707334785766158
4 0.064 -10 0.21805494984736154 0.2662450937636284 0.22655909289140863 0.21805494984736154 0.21805494984736154 0.226777147841256
4 0.045249 -10 0.12721027859051012 0.15786795573082305 0.13217147945554 0.12721027859051012 0.12721027859051012 0.1395496756137896
4 0.032 -10 0.0728066982162359 0.08860575172915908 0.08489261012013105 0.0728066982162359 0.0728066982162359 0.07295231161266837
4 0.022624 -10 0.04047108341090291 0.048727184426727105 0.04650127483912744 0.04047108341090291 0.04047108341090291 0.036262090736169005
4 0.016 -10 0.02234986478331806 0.02628344098518204 0.025545895447332545 0.02234986478331806 0.02234986478331806 0.016002503184855733
4 0.011312 -10 0.012764382267720155 0.014066349259027609 0.013900412289547248 0.012764382267720155 0.012764382267720155 0.006229018546647435
4 0.008 -10 0.00778688843724936 0.008518855950350799 0.008448773954415555 0.00778688843724936 0.00778688843724936 0.003029099602090001
4 0.005656 -10 0.0048372507001920384 0.005122648491503369 0.005098462238002409 0.0048372507001920384 0.0048372507001920384 0.001243173429949354
4 0.004 -10 0.0032011267966324144 0.003297160600531387 0.0032939594737347545 0.0032011267966324144 0.0032011267966324144 0.0004193476103588463
4 0.002828 -10 0.0020445633017243847 0.002069098061345077 0.0020670534980433528 0.0020445633017243847 0.0020445633017243847 0.00011040641829311678
4 0.002 -10 0.0014027685039193353 0.0014139906519506898 0.0014139906519506898 0.0014027685039193353 0.0014027685039193353 4.4888592125418726e-05
