4 0.362 -10 0.9302325581395349 1.0 0.9404651162790698 0.9302325581395349 0.9302325581395349 0.9851162790697674
4 0.256 -10 0.8635578583765112 0.9896373056994818 0.8765112262521589 0.8635578583765112 0.8635578583765112 0.9749568221070811
4 0.181 -10 0.7374631268436578 0.8148967551622419 0.7514749262536873 0.7374631268436578 0.7374631268436578 0.6541297935103245
4 0.128 -10 0.5125576627370579 0.602255253716043 0.5233213736545361 0.5125576627370579 0.5125576627370579 0.5074320861096874
4 0.090496 -10 0.3667033370003667 0.43601026769343604 0.3733039970663733 0.3667033370003667 0.3667033370003667 0.3714704803813715
4 0.064 -10 0.22805017103762829 0.27320410490307867 0.23101482326111744 0.22805017103762829 0.22805017103762829 0.23603192702394526
4 0.045249 -10 0.13206550449022716 0.1580824088748019 0.13378235604860012 0.13206550449022716 0.13206550449022716 0.12321711568938193
4 0.032 -10 0.06974959893980609 0.08265327474367022 0.07037734533026435 0.06974959893980609 0.06974959893980609 0.05740391992746042
4 0.022624 -10 0.04009944662763654 0.04747774480712166 0.04258561231855 0.04009944662763654 0.04009944662763654 0.0308364744566525
4 0.016 -10 0.01880158685393047 0.021866245511121138 0.01987327730460451 0.01880158685393047 0.01880158685393047 0.012521856844717695
4 0.011312 -10 0.010801819026324032 0.012206055499746158 0.01106106268295581 0.010801819026324032 0.010801819026324032 0.006459487777741772
4 0.008 -10 0.005576436211146181 0.006318102227228623 0.00576603504232515 0.005576436211146181 0.005576436211146181 0.002927629010851745
4 0.005656 -10 0.0030665628124060865 0.00340081815895835 0.003127894068654208 0.0030665628124060865 0.0030665628124060865 0.0011836932455887494
4 0.004 -10 0.0018362842421104047 0.0019850232657213475 0.0018638285057420607 0.0018362842421104047 0.0018362842421104047 0.000666571179886077
4 0.002828 -10 0.0009427665295255622 0.0010295010502419139 0.0009616218601160734 0.0009427665295255622 0.0009427665295255622 0.00029697145680055207
4 0.002 -10 0.0005502699073895745 0.0005838363717403386 0.0005563228763708599 0.0005502699073895745 0.0005502699073895745 0.00012711234860699174
