8 0.362 -10 0.999000999000999 0.999000999000999 0.999000999000999 0.999000999000999 0.999000999000999 0.0
8 0.256 -10 0.999000999000999 0.999000999000999 0.999000999000999 0.999000999000999 0.999000999000999 0.0
8 0.181 -10 0.9950248756218906 0.9950248756218906 0.9950248756218906 0.9950248756218906 0.9950248756218906 0.0
8 0.128 -10 0.8976660682226212 0.8976660682226212 0.8976660682226212 0.8976660682226212 0.8976660682226212 0.0
8 0.090496 -10 0.5871990604815033 0.5871990604815033 0.5871990604815033 0.5871990604815033 0.5871990604815033 0.0
8 0.064 -10 0.26434047052603754 0.26434047052603754 0.26434047052603754 0.26434047052603754 0.26434047052603754 0.0
8 0.045249 -10 0.09015506671474936 0.09015506671474936 0.09015506671474936 0.09015506671474936 0.09015506671474936 0.0
8 0.032 -10 0.027155465037338764 0.027155465037338764 0.027155465037338764 0.027155465037338764 0.027155465037338764 0.0
8 0.022624 -10 0.007761022592336767 0.007761022592336767 0.007761022592336767 0.007761022592336767 0.007761022592336767 0.0
8 0.016 -10 0.0021887250020245705 0.0021887250020245705 0.0021887250020245705 0.0021887250020245705 0.0021887250020245705 0.0
8 0.011312 -10 0.0007159026315148929 0.0007159026315148929 0.0007159026315148929 0.0007159026315148929 0.0007159026315148929 0.0
8 0.008 -10 0.00026782610372476476 0.00026782610372476476 0.00026782610372476476 0.00026782610372476476 0.00026782610372476476 0.0
8 0.005656 -10 9.942076468288107e-05 9.942076468288107e-05 9.942076468288107e-05 9.942076468288107e-05 9.942076468288107e-05 0.0
8 0.004 -10 4.4906210012423305e-05 4.4906210012423305e-05 4.4906210012423305e-05 4.4906210012423305e-05 4.4906210012423305e-05 0.0
8 0.002828 -10 1.8144228947654862e-05 1.8144228947654862e-05 1.8144228947654862e-05 1.8144228947654862e-05 1.8144228947654862e-05 0.0
8 0.002 -10 1.1062899853995166e-05 1.1062899853995166e-05 1.1062899853995166e-05 1.1062899853995166e-05 1.1062899853995166e-05 0.0
