5 0.362 -10 0.7535795026375283 1.0 0.785983421250942 0.758854559155991 0.7535795026375283 1.0
5 0.256 -10 0.704225352112676 0.9915492957746479 0.7415492957746479 0.704225352112676 0.704225352112676 0.9859154929577465
5 0.181 -10 0.5382131324004306 0.8794402583423035 0.5672766415500539 0.5392895586652314 0.5382131324004306 0.8218514531754575
5 0.128 -10 0.343878954607978 0.5794360385144429 0.37104539202200826 0.3449105914718019 0.343878954607978 0.45598349381017883
5 0.090496 -10 0.18670649738610903 0.3276699029126214 0.20743091859596713 0.18707991038088126 0.18670649738610903 0.2231142643764003
5 0.064 -10 0.08959770629871876 0.1529432846519129 0.09757190215930472 0.08995609712391363 0.08959770629871876 0.09542155720813547
5 0.045249 -10 0.037914691943127965 0.061800947867298575 0.0416303317535545 0.03795260663507109 0.037914691943127965 0.03423696682464455
5 0.032 -10 0.016251706429175065 0.026750308782422155 0.01813690437495937 0.01626795813560424 0.016251706429175065 0.014073977767665604
5 0.022624 -10 0.0058459020226821 0.009178066175610896 0.006442184028995674 0.0058459020226821 0.0058459020226821 0.004431193733193031
5 0.016 -10 0.0022660835278388363 0.003503365134038841 0.002513086632373269 0.002268349611366675 0.0022660835278388363 0.0015500011330417639
5 0.011312 -10 0.0008050071444384069 0.001292036466823643 0.000886312866026686 0.0008050071444384069 0.0008050071444384069 0.0005997303226066131
5 0.008 -10 0.0003034073556258854 0.0004745291041988847 0.00032919698085408564 0.0003034073556258854 0.0003034073556258854 0.00021026129744873857
5 0.005656 -10 0.00010589452333645264 0.00016752513591826806 0.00011606039757675209 0.00010589452333645264 0.00010589452333645264 7.402027181218039e-05
5 0.004 -10 3.891141276016511e-05 6.432056529255293e-05 4.2997111099982446e-05 3.891141276016511e-05 3.891141276016511e-05 2.992287641256697e-05
5 0.002828 -10 1.3681888191418153e-05 2.236988719296868e-05 1.4803803023114442e-05 1.3681888191418153e-05 1.3681888191418153e-05 9.905687050586742e-06
5 0.002 -10 4.859459333638864e-06 8.134734924511457e-06 5.3259674296681945e-06 4.864318792972503e-06 4.859459333638864e-06 3.707767471566453e-06
