6 0.362 -10 0.9823182711198428 1.0 0.9901768172888016 0.9833005893909627 0.9823182711198428 1.0
6 0.256 -10 0.9699321047526673 1.0 0.9786614936954413 0.9699321047526673 0.9699321047526673 1.0
6 0.181 -10 0.8802816901408451 0.9867957746478874 0.8996478873239436 0.8811619718309859 0.8802816901408451 0.9753521126760564
6 0.128 -10 0.6451612903225806 0.7935483870967742 0.672258064516129 0.6464516129032258 0.6451612903225806 0.7329032258064516
6 0.090496 -10 0.36258158085569253 0.4713560551124003 0.397389412617839 0.36548223350253806 0.36258158085569253 0.3672951414068165
6 0.064 -10 0.17056114617090226 0.2254818352379328 0.19426914548865767 0.1736312468019785 0.17056114617090226 0.15299334811529933
6 0.045249 -10 0.07064641469445426 0.09417167078770752 0.08131402331331684 0.07276580713528788 0.07064641469445426 0.05856587778170258
6 0.032 -10 0.02537749016622256 0.03398045933257201 0.029184113691155946 0.026392589772871462 0.02537749016622256 0.01811952797868291
6 0.022624 -10 0.00925077937816261 0.012201777999796482 0.010814161093072091 0.009574556656398302 0.00925077937816261 0.005716981655704493
6 0.016 -10 0.0033147486426104308 0.0042925994921805075 0.003745665966149787 0.0034108763532461335 0.0033147486426104308 0.001816482256150516
6 0.011312 -10 0.001199082462100001 0.0015300292216396014 0.0013489677698625012 0.001220665946417801 0.001199082462100001 0.0005395871079450005
6 0.008 -10 0.0004048743634362821 0.0005020442106609898 0.00044860079468740053 0.00041621084561249797 0.0004048743634362821 0.00015992537355733141
6 0.005656 -10 0.00013161831163451912 0.00016820820226891542 0.0001472808907190269 0.00013464553280211305 0.00013161831163451912 5.067304997928986e-05
6 0.004 -10 4.7242781362061356e-05 5.999833232981792e-05 5.2108787842353676e-05 4.8187636989302584e-05 4.7242781362061356e-05 1.8471927512565988e-05
6 0.002828 -10 1.6538508113444772e-05 2.131813695823031e-05 1.8010435335541357e-05 1.6803124243259888e-05 1.6538508113444772e-05 6.499633688583795e-06
6 0.002 -10 5.981857337751182e-06 7.854178684467302e-06 6.508260783473286e-06 6.029712196453192e-06 5.981857337751182e-06 2.3867610777627217e-06
