6 0.362 -10 0.9881422924901185 1.0 0.9920948616600791 0.9901185770750988 0.9881422924901185 1.0
6 0.362 -10 0.9881422924901185 1.0 0.9920948616600791 0.9901185770750988 0.9881422924901185 1.0
6 0.256 -10 0.9699321047526673 1.0 0.9815712900096993 0.9718719689621726 0.9699321047526673 1.0
6 0.181 -10 0.8904719501335708 0.9857524487978628 0.9430097951914514 0.8984861976847729 0.8904719501335708 0.9741763134461264
6 0.128 -10 0.684931506849315 0.8684931506849315 0.7616438356164383 0.6993150684931507 0.684931506849315 0.8493150684931506
6 0.090496 -10 0.4269854824935952 0.5943637916310845 0.49444918872758326 0.43979504696840305 0.4269854824935952 0.544406490179334
6 0.064 -10 0.21226915729144555 0.3343239227340267 0.2670345998726385 0.22606665251538952 0.21226915729144555 0.29569093610698366
6 0.045249 -10 0.0999900009999 0.1663833616638336 0.133986601339866 0.10778922107789221 0.0999900009999 0.14038596140385962
6 0.032 -10 0.03941818755173637 0.07548582916157515 0.055855571760810435 0.044581970121013836 0.03941818755173637 0.06460640939729591
6 0.022624 -10 0.014817668588024361 0.032243246847541006 0.022508038585209004 0.01784047297998133 0.014817668588024361 0.02858328270629899
6 0.016 -10 0.0069053620136035635 0.012671339294962539 0.010185408970065256 0.00798259848772572 0.0069053620136035635 0.010268273314228499
6 0.011312 -10 0.004439432818063164 0.006752377316274072 0.005797899260390493 0.004861178935779165 0.004439432818063164 0.0037468812984453106
6 0.008 -10 0.002162021922902298 0.003022506648217413 0.0026960413378591657 0.002319849523274166 0.002162021922902298 0.001457202776036149
6 0.005656 -10 0.0010256494412261845 0.0017282193084661207 0.0011805225068513383 0.001080008861611172 0.0010256494412261845 0.0008902637149843281
6 0.004 -10 0.0004929461865436535 0.0005949860471581899 0.000553578567488523 0.0005161146573112053 0.0004929461865436535 0.00018091125046152087
6 0.002828 -10 0.00010461844398058951 0.0001467796769047671 0.00013098229186369806 0.00011445257771476492 0.00010461844398058951 6.632809348369375e-05
6 0.002 -10 0.00011301828206334314 0.00012872782327014783 0.00012511123824412084 0.00011640883052524343 0.00011301828206334314 2.5090058618062175e-05
