6 0.362 -10 0.983284169124877 1.0 0.9901671583087512 0.984267453294002 0.983284169124877 1.0
6 0.256 -10 0.9699321047526673 1.0 0.976721629485936 0.9699321047526673 0.9699321047526673 1.0
6 0.181 -10 0.8857395925597874 0.978742249778565 0.9087688219663419 0.8857395925597874 0.8857395925597874 0.9672276350752879
6 0.128 -10 0.6514657980456026 0.8084690553745928 0.6885993485342019 0.6547231270358306 0.6514657980456026 0.745928338762215
6 0.090496 -10 0.37271710771524413 0.4703689899366381 0.40327991054789414 0.3742079761461051 0.37271710771524413 0.3689899366380917
6 0.064 -10 0.1795654516071108 0.23199856347638714 0.19859938947746453 0.18207936792961035 0.1795654516071108 0.16035194828514993
6 0.045249 -10 0.07202016564638099 0.09715520345696795 0.08253510983075261 0.07403673028447966 0.07202016564638099 0.06280158444364423
6 0.032 -10 0.02698108625853277 0.036343523190243636 0.031271078973639475 0.028141272967649678 0.02698108625853277 0.019858079486280118
6 0.022624 -10 0.009284620026925398 0.012172136855299196 0.010658743790910356 0.009591012487813936 0.009284620026925398 0.005802887516828374
6 0.016 -10 0.0033233853332358472 0.0042771969238745355 0.0037321617292238565 0.0034097933518999796 0.0033233853332358472 0.001764717611948235
6 0.011312 -10 0.0011707956727391936 0.0014857397087060366 0.0013019247880859833 0.0012070903385941086 0.0011707956727391936 0.0005256872570598979
6 0.008 -10 0.00038784343536201306 0.0004917854760390325 0.0004308940566871965 0.00039637599093997734 0.00038784343536201306 0.0001609550256752354
6 0.005656 -10 0.000134083377871362 0.00017524697487787016 0.00014977113308231138 0.00013756954569601744 0.000134083377871362 5.725360235107158e-05
6 0.004 -10 4.8378137455253854e-05 6.134347829326189e-05 5.3506220025510756e-05 4.920056579199317e-05 4.8378137455253854e-05 1.833531409554121e-05
6 0.002828 -10 1.6826376745503123e-05 2.145363035051648e-05 1.839122978283491e-05 1.7230209787395195e-05 1.6826376745503123e-05 6.595939684237224e-06
6 0.002 -10 5.625792923867534e-06 7.561065689677966e-06 6.098359529472407e-06 5.659547681410739e-06 5.625792923867534e-06 2.4078393714153043e-06
