8 0.362 -10 0.9960159362549801 1.0 1.0 1.0 0.9960159362549801 1.0
8 0.256 -10 0.9900990099009901 1.0 0.996039603960396 0.9920792079207921 0.9900990099009901 1.0
8 0.181 -10 0.9551098376313276 0.9990448901623686 0.9808978032473734 0.9579751671442216 0.9551098376313276 0.9980897803247374
8 0.128 -10 0.7272727272727273 0.904 0.8276363636363636 0.752 0.7272727272727273 0.8836363636363637
8 0.090496 -10 0.41050903119868637 0.5911330049261084 0.5279146141215106 0.44991789819376027 0.41050903119868637 0.5513136288998358
8 0.064 -10 0.17337031900138697 0.27565880721220526 0.24029126213592233 0.19486823855755894 0.17337031900138697 0.23578363384188628
8 0.045249 -10 0.05192377589698323 0.09429357702892155 0.08229918479671841 0.061633521989719095 0.05192377589698323 0.0758606365854925
8 0.032 -10 0.014838556505223172 0.025329415954415953 0.022524928774928774 0.017984330484330485 0.014838556505223172 0.0178656220322887
8 0.022624 -10 0.004406742315743087 0.00678197642392861 0.006275201057618156 0.005221989644155558 0.004406742315743087 0.004023355734273438
8 0.016 -10 0.0012446681528004411 0.001803524153407839 0.0016827913425861963 0.001427634371262106 0.0012446681528004411 0.000866289034349107
8 0.011312 -10 0.00033179292935995816 0.0004615239647397018 0.0004449343182717039 0.0003702809091657133 0.00033179292935995816 0.00018547224751221662
8 0.008 -10 0.00010914572405799872 0.00015116682782032823 0.00014647356168583428 0.00011798652770669662 0.00010914572405799872 5.751979657856533e-05
8 0.005656 -10 3.325289236983122e-05 5.659642281345274e-05 5.0012350124226156e-05 3.883937828796286e-05 3.325289236983122e-05 2.776616512880907e-05
8 0.004 -10 1.1504775246794974e-05 2.0018308929423256e-05 1.7682839554323876e-05 1.3690682543686019e-05 1.1504775246794974e-05 1.0020659239958422e-05
8 0.002828 -10 3.7851641656358466e-06 6.767873528156894e-06 6.029766515857904e-06 4.3605091188124954e-06 3.7851641656358466e-06 3.4672103757224353e-06
8 0.002 -10 1.253282924489383e-06 2.379984273605338e-06 2.1092751619156315e-06 1.4713541533505355e-06 1.253282924489383e-06 1.2883748463750857e-06
