8 0.362 -10 0.9970089730807578 1.0 0.9990029910269193 0.9990029910269193 0.9970089730807578 1.0
8 0.256 -10 0.9950248756218906 1.0 0.9990049751243781 0.9970149253731343 0.9950248756218906 1.0
8 0.181 -10 0.9671179883945842 1.0 0.9854932301740812 0.971953578336557 0.9671179883945842 1.0
8 0.128 -10 0.7710100231303006 0.9290670778720124 0.8457979953739398 0.7848882035466461 0.7710100231303006 0.9082498072474943
8 0.090496 -10 0.3718854592785422 0.5481591669765712 0.449237634808479 0.3912235031610264 0.3718854592785422 0.4916325771662328
8 0.064 -10 0.1223091976516634 0.22272504892367906 0.16487279843444227 0.13454011741682975 0.1223091976516634 0.1841976516634051
8 0.045249 -10 0.03136861256626619 0.07333981617993036 0.04824492612691741 0.035321057749615734 0.03136861256626619 0.0595689952633395
8 0.032 -10 0.007545746085644218 0.024840596113940766 0.013778532352386342 0.0092661761931711 0.007545746085644218 0.02072061875117902
8 0.022624 -10 0.001883934559649136 0.008477705518421112 0.003756565511940377 0.002336078853964929 0.001883934559649136 0.007273871334805314
8 0.016 -10 0.0004560649801383701 0.0027459672454131267 0.0008715401770444253 0.0005491022360865976 0.0004560649801383701 0.0024221611095148836
8 0.011312 -10 0.00011557812873461829 0.0010356956115909145 0.00023173414811290967 0.00014308572337345742 0.00011557812873461829 0.0009446200461480352
8 0.008 -10 3.05202754735648e-05 0.0003768643615475782 8.62808187637677e-05 6.186459838491585e-05 3.05202754735648e-05 0.00035192929648567576
8 0.005656 -10 7.376751377246859e-06 0.00011266512378469127 1.5321512610541726e-05 8.97012967473218e-06 7.376751377246859e-06 0.00010628423384337274
8 0.004 -10 2.533918789864038e-06 4.0177816332084184e-05 8.868715764524133e-06 7.376237597294215e-06 2.533918789864038e-06 3.796570522853288e-05
8 0.002828 -10 7.056812430852853e-07 1.717980986291127e-05 4.493778155967097e-06 8.397606792714895e-07 7.056812430852853e-07 1.6539756975432917e-05
8 0.002 -10 1.1738506105697321e-07 5.3920827796520645e-06 1.5405615413117164e-06 7.876537596922903e-07 1.1738506105697321e-07 5.286670994822902e-06
