4 0.362 -10 0.9398496240601504 0.9953007518796992 0.9454887218045113 0.9398496240601504 0.9398496240601504 0.9774436090225563
4 0.256 -10 0.8802816901408451 0.9911971830985915 0.8846830985915493 0.8802816901408451 0.8802816901408451 0.9788732394366197
4 0.181 -10 0.7342143906020558 0.9625550660792952 0.748898678414097 0.7342143906020558 0.7342143906020558 0.9522760646108663
4 0.128 -10 0.531632110579479 0.7554492291334397 0.5470494417862839 0.531632110579479 0.531632110579479 0.6943115364167995
4 0.090496 -10 0.3683241252302026 0.4372007366482505 0.3815837937384899 0.3683241252302026 0.3683241252302026 0.36574585635359114
4 0.064 -10 0.22660321776569228 0.4629503738953093 0.23408112395196012 0.22660321776569228 0.22660321776569228 0.44708814865171087
4 0.045249 -10 0.12944983818770225 0.3416181229773463 0.3332038834951456 0.12944983818770225 0.12944983818770225 0.33436893203883494
4 0.032 -10 0.08191349934469201 0.2532765399737877 0.24639580602883354 0.08191349934469201 0.08191349934469201 0.20928899082568808
4 0.022624 -10 0.036699941280093955 0.04873752201996477 0.04565472695243688 0.036699941280093955 0.036699941280093955 0.046315325895478564
4 0.016 -10 0.020497683761734924 0.02693395646291969 0.0214815725822982 0.020497683761734924 0.020497683761734924 0.025970565326118147
4 0.011312 -10 0.010585034877689923 0.013940490933917627 0.011325987319128216 0.010585034877689923 0.010585034877689923 0.01360176981783155
4 0.008 -10 0.0053648932118006195 0.007011915427823409 0.005751165523050264 0.0053648932118006195 0.0053648932118006195 0.006904617563587396
4 0.005656 -10 0.003174562862693807 0.0035967797234320834 0.0033555129458673542 0.003174562862693807 0.003174562862693807 0.0016761691915023302
4 0.004 -10 0.0016840602017840934 0.0019248808106392186 0.0017901559944964913 0.0016840602017840934 0.0016840602017840934 0.0009296012313848196
4 0.002828 -10 0.0008522925818158264 0.0009664997877791471 0.0009017255515611443 0.0008522925818158264 0.0008522925818158264 0.0004542719461078355
4 0.002 -10 0.0004098829333354101 0.00046767642693570287 0.00043406602640219926 0.0004098829333354101 0.0004098829333354101 0.00021723795466776735
