8 0.362 -10 0.9960159362549801 1.0 0.99800796812749 0.99800796812749 0.9960159362549801 1.0
8 0.256 -10 0.9920634920634921 1.0 0.998015873015873 0.9940476190476191 0.9920634920634921 1.0
8 0.181 -10 0.9699321047526673 0.9980601357904947 0.9903006789524733 0.976721629485936 0.9699321047526673 0.9980601357904947
8 0.128 -10 0.7587253414264037 0.9021244309559939 0.8323216995447648 0.7708649468892261 0.7587253414264037 0.8748103186646434
8 0.090496 -10 0.3711952487008166 0.5167037861915368 0.4365256124721604 0.3823311061618411 0.3711952487008166 0.4487750556792873
8 0.064 -10 0.12377769525931427 0.17836365886867186 0.15038989974006683 0.13083302388909518 0.12377769525931427 0.13083302388909518
8 0.045249 -10 0.031925422213708775 0.04574913003224468 0.03971522523385372 0.03393672381317243 0.031925422213708775 0.027519713948216964
8 0.032 -10 0.00783152816609105 0.010470753158063733 0.009335181573980531 0.008246599158893876 0.00783152816609105 0.004745906068651176
8 0.022624 -10 0.0019819052054740223 0.0023842319621852487 0.0022197338301309048 0.002086946181364145 0.0019819052054740223 0.0006639382438337974
8 0.016 -10 0.0005661520344673359 0.0006448471672582956 0.0006023857646732454 0.0005820042914324213 0.0005661520344673359 0.00012115653537600987
8 0.011312 -10 0.00017822087447636479 0.00019123099831313943 0.00018499326770646666 0.0001816070710914157 0.00017822087447636479 2.2812271932974695e-05
8 0.008 -10 5.2958951675433225e-05 5.656016038936269e-05 5.481251498407339e-05 5.359445909553842e-05 5.2958951675433225e-05 6.090279442674821e-06
8 0.005656 -10 1.88989062541489e-05 2.0410818754480812e-05 1.9843851566856347e-05 1.9163490941706985e-05 1.88989062541489e-05 2.1544753129729746e-06
8 0.004 -10 5.7804914333348174e-06 6.162003867934915e-06 5.965467159201532e-06 5.820954873368161e-06 5.7804914333348174e-06 5.144637375667987e-07
8 0.002828 -10 2.1371757816180784e-06 2.1799192972504402e-06 2.1564103636526412e-06 2.149998836307787e-06 2.1371757816180784e-06 7.266397657501467e-08
8 0.002 -10 6.988905829755892e-07 7.072772699712962e-07 7.030839264734426e-07 7.023850358904671e-07 6.988905829755892e-07 1.817115515736532e-08
