4 0.362 -10 0.9987515605493134 1.0 1.0 0.9987515605493134 0.9987515605493134 1.0
4 0.256 -10 0.9815950920245399 1.0 0.9840490797546012 0.9815950920245399 0.9815950920245399 1.0
4 0.181 -10 0.9174311926605505 0.9873853211009175 0.9288990825688074 0.9185779816513762 0.9174311926605505 0.9564220183486238
4 0.128 -10 0.7504690431519699 0.8536585365853658 0.7664165103189493 0.7523452157598499 0.7504690431519699 0.774859287054409
4 0.090496 -10 0.5263157894736842 0.5980263157894737 0.5467105263157894 0.5296052631578947 0.5263157894736842 0.4440789473684211
4 0.064 -10 0.31859816806053365 0.3663878932696137 0.3333333333333333 0.32098765432098764 0.31859816806053365 0.22580645161290322
4 0.045249 -10 0.18091361374943465 0.2159656264133876 0.19018543645409317 0.18407960199004975 0.18091361374943465 0.11103573043871551
4 0.032 -10 0.10005002501250625 0.11330665332666333 0.10317658829414707 0.10055027513756878 0.10005002501250625 0.0472736368184092
4 0.022624 -10 0.05302929868752486 0.0589950947898714 0.054686464271510006 0.05336073180432189 0.05302929868752486 0.020018560254540633
4 0.016 -10 0.025862347654608348 0.028674877962047006 0.026573562215110078 0.025927003523744867 0.025862347654608348 0.006918177997607733
4 0.011312 -10 0.012064727261759339 0.013271199987935273 0.012260779079762928 0.012079808170836539 0.012064727261759339 0.0028955345428222415
4 0.008 -10 0.006357935896111328 0.00708909852416413 0.00651688429351411 0.006437410094812719 0.006357935896111328 0.0015179571951965795
4 0.005656 -10 0.003517457581659976 0.003864806517848899 0.0036097908431785507 0.003557028979453651 0.003517457581659976 0.0007914279558734947
4 0.004 -10 0.0016669132309154063 0.0018398554786228797 0.0016960842124564258 0.0016773314386086275 0.0016669132309154063 0.00038755732618783197
4 0.002828 -10 0.0008952501384840058 0.0009590367108509912 0.0009030835771957408 0.0009019645145226359 0.0008952501384840058 0.00014995439819607097
4 0.002 -10 0.0004562491302750954 0.0005013037318897611 0.00046537411288059735 0.0004602413101650025 0.0004562491302750954 0.00010151543148620873
