6 0.362 -10 0.9900990099009901 1.0 0.994059405940594 0.9920792079207921 0.9900990099009901 1.0
6 0.256 -10 0.9813542688910697 1.0 0.9882237487733072 0.9813542688910697 0.9813542688910697 1.0
6 0.181 -10 0.8857395925597874 0.9822852081488043 0.9255978742249779 0.8892825509300266 0.8857395925597874 0.9716563330380869
6 0.128 -10 0.6523157208088715 0.8454011741682974 0.7416829745596869 0.6647097195042401 0.6523157208088715 0.8206131767775603
6 0.090496 -10 0.4001600640256102 0.56062424969988 0.4729891956782713 0.413765506202481 0.4001600640256102 0.5106042416966786
6 0.064 -10 0.2163565556036348 0.3381652964084812 0.26849848550411076 0.23063608827347468 0.2163565556036348 0.29143228039809604
6 0.045249 -10 0.1003814495081309 0.15619353543465167 0.12989359566352138 0.10881349126681389 0.1003814495081309 0.12547681188516363
6 0.032 -10 0.03963692576003805 0.07316976495303024 0.05683935153989456 0.04455190455428277 0.03963692576003805 0.06179396725989932
6 0.022624 -10 0.01584434515321482 0.0301517888265678 0.023101055233387204 0.017682289190987736 0.01584434515321482 0.025049909687232627
6 0.016 -10 0.00756240877844411 0.011706608789031483 0.00986138104709112 0.008379148926516073 0.00756240877844411 0.007978341261258536
6 0.011312 -10 0.004533995901267705 0.006238778360144363 0.005608552929868151 0.005082609405321098 0.004533995901267705 0.002874553401403725
6 0.008 -10 0.0021550423681329575 0.0027218185109519253 0.002486918892825433 0.002277879783116536 0.0021550423681329575 0.0009891644469730274
6 0.005656 -10 0.0009984434266977781 0.0012121103200111027 0.0011082722036345337 0.0010613453625797381 0.0009984434266977781 0.0003604380770378979
6 0.004 -10 0.00046010646863684255 0.0005328032906814637 0.0005107181801868952 0.00047851072738231624 0.00046010646863684255 0.00011042555247284221
6 0.002828 -10 9.812064620295176e-05 0.00012500570326256055 0.00011646920704290375 0.00010449848820614363 9.812064620295176e-05 4.533173854576371e-05
6 0.002 -10 0.00011347555072805346 0.00012255359478629773 0.00012028408377173666 0.0001163124394962548 0.00011347555072805346 1.6000052652655537e-05
