6 0.362 -10 0.983284169124877 1.0 0.9891838741396264 0.983284169124877 0.983284169124877 1.0
6 0.256 -10 0.975609756097561 1.0 0.984390243902439 0.9765853658536585 0.975609756097561 1.0
6 0.181 -10 0.8771929824561403 0.9789473684210527 0.8947368421052632 0.8798245614035087 0.8771929824561403 0.968421052631579
6 0.128 -10 0.6557377049180327 0.8032786885245902 0.6852459016393443 0.6570491803278689 0.6557377049180327 0.7304918032786886
6 0.090496 -10 0.37821482602118 0.4829803328290469 0.4088502269288956 0.3804841149773071 0.37821482602118 0.3714069591527988
6 0.064 -10 0.17126220243192328 0.22692241822229833 0.19249871553348177 0.17417365987326597 0.17126220243192328 0.15482103099845865
6 0.045249 -10 0.07249003262051468 0.09597680318956144 0.08278361725262777 0.07444726350126858 0.07249003262051468 0.05871692642261689
6 0.032 -10 0.027455933227170392 0.0351435945307781 0.030997748613475373 0.028334523090439843 0.027455933227170392 0.017928724397342267
6 0.022624 -10 0.009448402275175268 0.012103403314499519 0.010714488180048753 0.009750751147980876 0.009448402275175268 0.005489521721876831
6 0.016 -10 0.003335846337574306 0.00408307591719095 0.003762834668783817 0.0034325858813639607 0.003335846337574306 0.0014644365421951203
6 0.011312 -10 0.0010804071406268739 0.0012954081616116217 0.001198171518955203 0.0011052565048612919 0.0010804071406268739 0.00035005191356310715
6 0.008 -10 0.0004051561796041138 0.00045985226385066914 0.00043675836161323467 0.0004156902402738208 0.0004051561796041138 0.00010209935726023668
6 0.005656 -10 0.00014126841804658834 0.0001563841387775733 0.00015030959680157 0.00014395251798947353 0.00014126841804658834 2.6840999428851785e-05
6 0.004 -10 4.767056815308583e-05 5.186557815055738e-05 5.0340119969658633e-05 4.8337956107229035e-05 4.767056815308583e-05 6.721550109585102e-06
6 0.002828 -10 1.681460379278274e-05 1.815977209620536e-05 1.7621704774836313e-05 1.6949120623125003e-05 1.681460379278274e-05 2.2531569082328873e-06
6 0.002 -10 5.990675310196718e-06 6.445966633771669e-06 6.248274348535177e-06 6.080535439849669e-06 5.990675310196718e-06 6.350115828808522e-07
