4 0.362 -10 0.9940357852882704 0.9940357852882704 0.9940357852882704 0.9940357852882704 0.9940357852882704 0.0
4 0.256 -10 0.9813542688910697 0.9813542688910697 0.9813542688910697 0.9813542688910697 0.9813542688910697 0.0
4 0.181 -10 0.9199632014719411 0.9199632014719411 0.9199632014719411 0.9199632014719411 0.9199632014719411 0.0
4 0.128 -10 0.7246376811594203 0.7246376811594203 0.7246376811594203 0.7246376811594203 0.7246376811594203 0.0
4 0.090496 -10 0.5246589716684156 0.5246589716684156 0.5246589716684156 0.5246589716684156 0.5246589716684156 0.0
4 0.064 -10 0.32754667540124466 0.32754667540124466 0.32754667540124466 0.32754667540124466 0.32754667540124466 0.0
4 0.045249 -10 0.20512820512820512 0.20512820512820512 0.20512820512820512 0.20512820512820512 0.20512820512820512 0.0
4 0.032 -10 0.11080332409972299 0.11080332409972299 0.11080332409972299 0.11080332409972299 0.11080332409972299 0.0
4 0.022624 -10 0.07038288288288289 0.07038288288288289 0.07038288288288289 0.07038288288288289 0.07038288288288289 0.0
4 0.016 -10 0.035453449620648086 0.035453449620648086 0.035453449620648086 0.035453449620648086 0.035453449620648086 0.0
4 0.011312 -10 0.01776325138553361 0.01776325138553361 0.01776325138553361 0.01776325138553361 0.01776325138553361 0.0
4 0.008 -10 0.010438958191972441 0.010438958191972441 0.010438958191972441 0.010438958191972441 0.010438958191972441 0.0
4 0.005656 -10 0.00536546891515584 0.00536546891515584 0.00536546891515584 0.00536546891515584 0.00536546891515584 0.0
4 0.004 -10 0.0029184384019798684 0.0029184384019798684 0.0029184384019798684 0.0029184384019798684 0.0029184384019798684 0.0
4 0.002828 -10 0.0015182962287039975 0.0015182962287039975 0.0015182962287039975 0.0015182962287039975 0.0015182962287039975 0.0
4 0.002 -10 0.0008633543214768884 0.0008633543214768884 0.0008633543214768884 0.0008633543214768884 0.0008633543214768884 0.0
