3 0.362 -10 0.7204610951008645 0.978386167146974 0.7204610951008645 0.7204610951008645 0.7204610951008645 0.930835734870317
3 0.256 -10 0.6341154090044389 0.9492707672796449 0.6341154090044389 0.6341154090044389 0.6341154090044389 0.9093214965123653
3 0.181 -10 0.45045045045045046 0.5292792792792793 0.45045045045045046 0.45045045045045046 0.45045045045045046 0.1972972972972973
3 0.128 -10 0.29120559114735 0.34507862550960977 0.2990681421083285 0.29120559114735 0.29120559114735 0.1403610949330227
3 0.090496 -10 0.20876826722338204 0.20876826722338204 0.20876826722338204 0.20876826722338204 0.20876826722338204 0.0
3 0.064 -10 0.11858176212498518 0.11858176212498518 0.11858176212498518 0.11858176212498518 0.11858176212498518 0.0
3 0.045249 -10 0.06349206349206349 0.06349206349206349 0.06349206349206349 0.06349206349206349 0.06349206349206349 0.0
3 0.032 -10 0.03563664872955347 0.03563664872955347 0.03563664872955347 0.03563664872955347 0.03563664872955347 0.0
3 0.022624 -10 0.017604084147522226 0.017604084147522226 0.017604084147522226 0.017604084147522226 0.017604084147522226 0.0
3 0.016 -10 0.008957282718714451 0.008957282718714451 0.008957282718714451 0.008957282718714451 0.008957282718714451 0.0
3 0.011312 -10 0.00462680213943331 0.00462680213943331 0.00462680213943331 0.00462680213943331 0.00462680213943331 0.0
3 0.008 -10 0.0024799373071848745 0.0024799373071848745 0.0024799373071848745 0.0024799373071848745 0.0024799373071848745 0.0
3 0.005656 -10 0.0012132226712494132 0.0012132226712494132 0.0012132226712494132 0.0012132226712494132 0.0012132226712494132 0.0
3 0.004 -10 0.0006136832964611953 0.0006136832964611953 0.0006136832964611953 0.0006136832964611953 0.0006136832964611953 0.0
3 0.002828 -10 0.0003041137774793408 0.0003041137774793408 0.0003041137774793408 0.0003041137774793408 0.0003041137774793408 0.0
3 0.002 -10 0.00015904276612268209 0.00015904276612268209 0.00015904276612268209 0.00015904276612268209 0.00015904276612268209 0.0
