8 0.362 -10 1.0 1.0 1.0 1.0 1.0 0.0
8 0.256 -10 0.998003992015968 0.998003992015968 0.998003992015968 0.998003992015968 0.998003992015968 0.0
8 0.181 -10 0.9891196834817013 0.9891196834817013 0.9891196834817013 0.9891196834817013 0.9891196834817013 0.0
8 0.128 -10 0.8810572687224669 0.8810572687224669 0.8810572687224669 0.8810572687224669 0.8810572687224669 0.0
8 0.090496 -10 0.5817335660267597 0.5817335660267597 0.5817335660267597 0.5817335660267597 0.5817335660267597 0.0
8 0.064 -10 0.25906735751295334 0.25906735751295334 0.25906735751295334 0.25906735751295334 0.25906735751295334 0.0
8 0.045249 -10 0.09074410163339383 0.09074410163339383 0.09074410163339383 0.09074410163339383 0.09074410163339383 0.0
8 0.032 -10 0.025593120569191 0.025593120569191 0.025593120569191 0.025593120569191 0.025593120569191 0.0
8 0.022624 -10 0.006913764613969953 0.006913764613969953 0.006913764613969953 0.006913764613969953 0.006913764613969953 0.0
8 0.016 -10 0.0017713128793930774 0.0017713128793930774 0.0017713128793930774 0.0017713128793930774 0.0017713128793930774 0.0
8 0.011312 -10 0.0005304969430113659 0.0005304969430113659 0.0005304969430113659 0.0005304969430113659 0.0005304969430113659 0.0
8 0.008 -10 0.00017099608812249202 0.00017099608812249202 0.00017099608812249202 0.00017099608812249202 0.00017099608812249202 0.0
8 0.005656 -10 5.062474478800534e-05 5.062474478800534e-05 5.062474478800534e-05 5.062474478800534e-05 5.062474478800534e-05 0.0
8 0.004 -10 1.8134846620998408e-05 1.8134846620998408e-05 1.8134846620998408e-05 1.8134846620998408e-05 1.8134846620998408e-05 0.0
8 0.002828 -10 6.189686035789148e-06 6.189686035789148e-06 6.189686035789148e-06 6.189686035789148e-06 6.189686035789148e-06 0.0
8 0.002 -10 2.203969471117391e-06 2.203969471117391e-06 2.203969471117391e-06 2.203969471117391e-06 2.203969471117391e-06 0.0
