7 0.362 -10 0.7524454477050414 1.0 0.8540255831452219 0.7735139202407826 0.7524454477050414 1.0
7 0.256 -10 0.7604562737642585 1.0 0.8448669201520913 0.7741444866920152 0.7604562737642585 1.0
7 0.181 -10 0.6273525721455459 0.9836888331242158 0.7139272271016311 0.6380175658720201 0.6273525721455459 0.9749058971141782
7 0.128 -10 0.38819875776397517 0.8486024844720497 0.4607919254658385 0.3936335403726708 0.38819875776397517 0.8167701863354038
7 0.090496 -10 0.18099547511312217 0.622262443438914 0.22244343891402715 0.18244343891402715 0.18099547511312217 0.5907692307692308
7 0.064 -10 0.0703977472720873 0.3801478352692714 0.08736360436466033 0.07067933826117564 0.0703977472720873 0.3622668074621612
7 0.045249 -10 0.021699505251280272 0.22287561843589968 0.026690391459074734 0.021742904261782832 0.021699505251280272 0.21588837774498743
7 0.032 -10 0.005918070235657557 0.13629315752719354 0.007172701125616959 0.005923988305893214 0.005918070235657557 0.13432244013871958
7 0.022624 -10 0.0016969055230880966 0.07482165522952344 0.0020447711553211565 0.0016986024286111847 0.0016969055230880966 0.07421246614673481
7 0.016 -10 0.00046223366096455223 0.039637460895032284 0.0005583782624451791 0.00046408259560841046 0.00046223366096455223 0.039464123272170575
7 0.011312 -10 0.00011118970988158518 0.0204943761356639 0.0001358738254752971 0.00011141208930134835 0.00011118970988158518 0.02045023382084091
7 0.008 -10 2.7991264821969536e-05 0.01049319740887101 3.493309849781798e-05 2.8243186205367264e-05 2.7991264821969536e-05 0.010482476754444194
7 0.005656 -10 6.9842270869474675e-06 0.005344714699421984 8.381072504336961e-06 6.991211314034414e-06 6.9842270869474675e-06 0.005342025771993509
7 0.004 -10 1.7691143070750772e-06 0.002708179641527906 2.128244511411318e-06 1.7832672215316779e-06 1.7691143070750772e-06 0.002707539222148745
7 0.002828 -10 4.467348931572345e-07 0.0013631807017616732 5.168722713829203e-07 4.480750978367062e-07 4.467348931572345e-07 0.0013630131761767394
7 0.002 -10 1.167175557874951e-07 0.0006860858683384916 1.3609267004821928e-07 1.1718442601064508e-07 1.167175557874951e-07 0.0006860420992550714
