4 0.362 -10 0.9302325581395349 0.9972093023255814 0.9395348837209302 0.9302325581395349 0.9302325581395349 0.9795348837209302
4 0.256 -10 0.8620689655172413 0.9870689655172413 0.8724137931034482 0.8620689655172413 0.8620689655172413 0.9793103448275862
4 0.181 -10 0.7283321194464676 0.9650400582665696 0.7436270939548434 0.7283321194464676 0.7283321194464676 0.954843408594319
4 0.128 -10 0.5260389268805892 0.746449237243556 0.5376117832719621 0.5260389268805892 0.5260389268805892 0.6838506049447659
4 0.090496 -10 0.3658982802780827 0.4313940724478595 0.3787047200878156 0.3658982802780827 0.3658982802780827 0.3593121112330772
4 0.064 -10 0.2239140170174653 0.2825794894760412 0.23421406180026869 0.2239140170174653 0.2239140170174653 0.2451858486341245
4 0.045249 -10 0.12768130745658834 0.15960163432073546 0.1338100102145046 0.12768130745658834 0.12768130745658834 0.14057711950970378
4 0.032 -10 0.06955070246209487 0.08895534844901934 0.08311308944220337 0.06955070246209487 0.06955070246209487 0.08151342328557519
4 0.022624 -10 0.03806623524933384 0.04853444994290065 0.04598401218119528 0.03806623524933384 0.03806623524933384 0.04461362771221926
4 0.016 -10 0.021003108460052086 0.026988994371166933 0.025413761236663026 0.021003108460052086 0.021003108460052086 0.02446862135596068
4 0.011312 -10 0.010622928528936858 0.013512365088807682 0.012790005948839975 0.010622928528936858 0.010622928528936858 0.012556301521203366
4 0.008 -10 0.005565201905525133 0.006989893593339566 0.006572503450425181 0.005565201905525133 0.005565201905525133 0.006105026490361071
4 0.005656 -10 0.002730599093441101 0.0035060892359783736 0.0032685271148489977 0.002730599093441101 0.002730599093441101 0.0030391567909999456
4 0.004 -10 0.0014238179107750268 0.001754143666074833 0.0016331191436589558 0.0014238179107750268 0.0014238179107750268 0.0014038844600241765
4 0.002828 -10 0.0006572387952287093 0.000822862971626344 0.0007610825248748452 0.0006572387952287093 0.0006572387952287093 0.0006756414814951131
4 0.002 -10 0.0003571792128841686 0.0004475455537438632 0.0004146850661585197 0.0003571792128841686 0.0003571792128841686 0.0003589651089485894
