7 0.362 -10 0.7651109410864575 1.0 0.8630451415455241 0.7857689364957919 0.7651109410864575 1.0
7 0.256 -10 0.7336757153338225 1.0 0.8356566397652238 0.7476155539251651 0.7336757153338225 1.0
7 0.181 -10 0.6203473945409429 0.9820099255583127 0.7084367245657568 0.6265508684863523 0.6203473945409429 0.9745657568238213
7 0.128 -10 0.3862495171881035 0.839706450366937 0.45461568173039785 0.3889532638084202 0.3862495171881035 0.8068752414059482
7 0.090496 -10 0.18355359765051396 0.5914096916299559 0.2290748898678414 0.18465491923641703 0.18355359765051396 0.5548825256975036
7 0.064 -10 0.06636580833554552 0.3291744093443058 0.08096628616936555 0.0666312715688877 0.06636580833554552 0.3100610565436687
7 0.045249 -10 0.021913005368686317 0.18700558781636903 0.026974909608852855 0.022022570395529746 0.021913005368686317 0.17988386107154597
7 0.032 -10 0.005878618289557222 0.10219977896395231 0.007589296211818374 0.0058903755261363365 0.005878618289557222 0.10003056881510569
7 0.022624 -10 0.0016626541280376692 0.05401630731168779 0.0020966068554555007 0.0016643167821657067 0.0016626541280376692 0.05337618547239329
7 0.016 -10 0.0004480475432209063 0.02807779539102453 0.0005694684274337718 0.0004480475432209063 0.0004480475432209063 0.027886927137612427
7 0.011312 -10 0.00011391994663078341 0.014386266540321851 0.00013670393595694008 0.00011391994663078341 0.00011391994663078341 0.014340470721776277
7 0.008 -10 2.8705487297893633e-05 0.007355608887161457 3.642726338102702e-05 2.8705487297893633e-05 2.8705487297893633e-05 0.007343810931882022
7 0.005656 -10 7.127882480035514e-06 0.0037171764575735606 8.781551215403753e-06 7.1350103625155495e-06 7.127882480035514e-06 0.0037141898748144254
7 0.004 -10 1.8651456672331355e-06 0.001872268658536299 2.251230820350395e-06 1.8651456672331355e-06 1.8651456672331355e-06 0.001871485297356061
7 0.002828 -10 4.7269967865147886e-07 0.0009431890136055834 5.828387037772735e-07 4.7269967865147886e-07 4.7269967865147886e-07 0.00094300796962866
7 0.002 -10 1.1376053755497973e-07 0.0004739218490325433 1.435657983943844e-07 1.138742980925347e-07 1.1376053755497973e-07 0.0004738754347332209
