6 0.362 -10 0.9803921568627451 1.0 0.9931372549019608 0.9823529411764705 0.9803921568627451 1.0
6 0.256 -10 0.968054211035818 1.0 0.9835430784123911 0.9709583736689255 0.968054211035818 1.0
6 0.181 -10 0.8726003490401396 0.9799301919720768 0.9101221640488656 0.8760907504363001 0.8726003490401396 0.9659685863874345
6 0.128 -10 0.6605019815059445 0.8196829590488771 0.71334214002642 0.6651254953764861 0.6605019815059445 0.7364597093791282
6 0.090496 -10 0.3941663381947182 0.4856129286558928 0.42412297989751674 0.3992905005912495 0.3941663381947182 0.36972802522664566
6 0.064 -10 0.1813236627379873 0.2270172257479601 0.20308250226654578 0.18440616500453308 0.1813236627379873 0.1528558476881233
6 0.045249 -10 0.07253735673872044 0.09052662120992311 0.08211228782823154 0.07420571594371102 0.07253735673872044 0.05128391121427535
6 0.032 -10 0.027121586070353393 0.03173225570231347 0.02964389357489626 0.0275826530335494 0.027121586070353393 0.013696400965528464
6 0.022624 -10 0.00910614118161288 0.010508486923581263 0.009871057040868362 0.009315582428789977 0.00910614118161288 0.0032873169665622497
6 0.016 -10 0.0035597196364814307 0.0038551763663093896 0.0037377056183055023 0.003584637673936801 0.0035597196364814307 0.0008294146753001733
6 0.011312 -10 0.0011277975017029741 0.0012101267193272913 0.001179676186781311 0.001136819881716598 0.0011277975017029741 0.00017819200526906993
6 0.008 -10 0.0004121926588487459 0.0004344510624265782 0.000428268172543847 0.00041631458543723334 0.0004121926588487459 4.8638733744152016e-05
6 0.005656 -10 0.00014511913555433333 0.00014990806702762632 0.00014816663740097432 0.00014569961209655067 0.00014511913555433333 1.0883935166574999e-05
6 0.004 -10 5.47788222881881e-05 5.686041753513924e-05 5.6038735200816426e-05 5.505271639962904e-05 5.47788222881881e-05 3.341508159579474e-06
6 0.002828 -10 1.8638144688998233e-05 1.910409830622319e-05 1.9029545727467197e-05 1.867542097837623e-05 1.8638144688998233e-05 8.946309450719152e-07
6 0.002 -10 6.661665798562791e-06 6.774914117138358e-06 6.741605788145544e-06 6.681650795958479e-06 6.661665798562791e-06 2.198349713525721e-07
