6 0.362 -10 0.9910802775024777 1.0 0.9920713577799801 0.9910802775024777 0.9910802775024777 1.0
6 0.256 -10 0.9775171065493646 1.0 0.9833822091886608 0.9775171065493646 0.9775171065493646 1.0
6 0.181 -10 0.8795074758135444 0.9868073878627969 0.9032541776605101 0.882145998240985 0.8795074758135444 0.9797713280562885
6 0.128 -10 0.6578947368421053 0.8032894736842106 0.6980263157894737 0.6618421052631579 0.6578947368421053 0.7236842105263158
6 0.090496 -10 0.36088054853843377 0.4514615662215807 0.3890292313244316 0.3630458318296644 0.36088054853843377 0.3323709852038975
6 0.064 -10 0.17940437746681018 0.23089343379978472 0.20039468963042698 0.18191603875134554 0.17940437746681018 0.15751704341585934
6 0.045249 -10 0.07285974499089254 0.09435336976320582 0.08320582877959927 0.0740983606557377 0.07285974499089254 0.052750455373406197
6 0.032 -10 0.025859839668994054 0.032143780708559604 0.029376777863977244 0.026402896302042927 0.025859839668994054 0.014481510214636669
6 0.022624 -10 0.009244536478940945 0.011093443774729135 0.010233701882187626 0.00938320452612506 0.009244536478940945 0.0040675960507340165
6 0.016 -10 0.0031373238000520797 0.0036079223700598915 0.003425957589656871 0.0031812463332528086 0.0031373238000520797 0.0009913943208164572
6 0.011312 -10 0.0011754818006030222 0.0013118376894729728 0.0012671693810500579 0.0011942895094126705 0.0011754818006030222 0.00026683436873688605
6 0.008 -10 0.00041366637889275575 0.00045089635299310377 0.00043724536248964285 0.0004173893763027906 0.00041366637889275575 6.660028700173368e-05
6 0.005656 -10 0.00013598927642961787 0.0001483643005847131 0.0001445566008446838 0.00013734916919391405 0.00013598927642961787 2.175828422873886e-05
6 0.004 -10 5.310676711917881e-05 5.6611813749044606e-05 5.565589194089939e-05 5.331919418765552e-05 5.310676711917881e-05 6.69145265701653e-06
6 0.002828 -10 1.811813195971803e-05 1.9549464384535754e-05 1.911462921750252e-05 1.8172486355597185e-05 1.811813195971803e-05 2.319120890843908e-06
6 0.002 -10 6.9061989696641755e-06 7.320570907844026e-06 7.085760142875445e-06 6.947636163482161e-06 6.9061989696641755e-06 6.69901300057425e-07
