4 0.362 -10 0.929368029739777 0.9981412639405205 0.9368029739776952 0.929368029739777 0.929368029739777 0.9842007434944238
4 0.256 -10 0.8833922261484098 0.9893992932862191 0.8913427561837456 0.8833922261484098 0.8833922261484098 0.9770318021201413
4 0.181 -10 0.727802037845706 0.9643377001455604 0.7430858806404658 0.727802037845706 0.727802037845706 0.9534206695778749
4 0.128 -10 0.5257623554153522 0.7481598317560463 0.5457413249211357 0.5257623554153522 0.5257623554153522 0.6861198738170347
4 0.090496 -10 0.36737692872887584 0.43534166054371787 0.3795003673769287 0.36737692872887584 0.36737692872887584 0.36994856722997793
4 0.064 -10 0.23089355806972986 0.4617871161394597 0.24151466174093741 0.23089355806972986 0.23089355806972986 0.4437774186100208
4 0.045249 -10 0.12518778167250877 0.3390085127691537 0.14972458688032048 0.12518778167250877 0.12518778167250877 0.33237356034051074
4 0.032 -10 0.08463100880162491 0.2523696682464455 0.0886086662153013 0.08463100880162491 0.08463100880162491 0.20675355450236968
4 0.022624 -10 0.03866527471677686 0.04871824614313885 0.04581835053938058 0.03866527471677686 0.03866527471677686 0.04632099911069868
4 0.016 -10 0.021747167431442053 0.028293064828306114 0.02648804993149642 0.021747167431442053 0.021747167431442053 0.027162212121871126
4 0.011312 -10 0.010302480837385643 0.013691997032885518 0.012826588642545125 0.010302480837385643 0.010302480837385643 0.013372620126926565
4 0.008 -10 0.005532258599895994 0.007374500713661359 0.006937452284269576 0.005532258599895994 0.005532258599895994 0.0072417265072638555
4 0.005656 -10 0.0032211098656152962 0.0035915375001610555 0.0033725020292992153 0.0032211098656152962 0.0032211098656152962 0.0017232937781041836
4 0.004 -10 0.00165549483568386 0.0018657426798157103 0.001753169030989208 0.00165549483568386 0.00165549483568386 0.0008972782009406522
4 0.002828 -10 0.0008178741487974797 0.0009397373969683041 0.0008734895909157083 0.0008178741487974797 0.0008178741487974797 0.0004588273974753861
4 0.002 -10 0.00041455622999247993 0.00047383777088140456 0.00043860049133204377 0.00041455622999247993 0.00041455622999247993 0.000227176814035879
