6 0.362 -10 0.9823182711198428 1.0 0.9931237721021611 0.9842829076620825 0.9823182711198428 1.0
6 0.256 -10 0.9727626459143969 1.0 0.9824902723735408 0.9737354085603113 0.9727626459143969 1.0
6 0.181 -10 0.8650519031141869 0.9818339100346021 0.9117647058823529 0.8728373702422145 0.8650519031141869 0.9688581314878892
6 0.128 -10 0.6596306068601583 0.8476253298153035 0.7447229551451188 0.674802110817942 0.6596306068601583 0.8298153034300791
6 0.090496 -10 0.4046944556859571 0.5600971266693646 0.4763253743423715 0.4164305949008499 0.4046944556859571 0.509105625252934
6 0.064 -10 0.21659085986571366 0.33203378817413903 0.27658652804851636 0.2332683560753736 0.21659085986571366 0.2967294780160277
6 0.045249 -10 0.10280662074637607 0.16171481443404956 0.13508789966073814 0.1108255371645934 0.10280662074637607 0.13066721496864397
6 0.032 -10 0.037093363997180905 0.06788085611484106 0.05790274119959939 0.0483697466523239 0.037093363997180905 0.05775436774361067
6 0.022624 -10 0.015078635081952382 0.03045884286554381 0.02646300456882643 0.021637841342601667 0.015078635081952382 0.026251903677679097
6 0.016 -10 0.009377080539744755 0.01441257278958769 0.012912239903228529 0.01080239678178596 0.009377080539744755 0.00861753701602543
6 0.011312 -10 0.00485123682282798 0.006597682079046052 0.006112558396763255 0.005268443189591186 0.00485123682282798 0.0030223205406218314
6 0.008 -10 0.002225689351634435 0.0028956218464764 0.0026752786006645907 0.0023391995085677913 0.002225689351634435 0.0011328758799819274
6 0.005656 -10 0.0010460229162700496 0.001287654209928431 0.001200834307878017 0.001119244520408953 0.0010460229162700496 0.0004110870060941295
6 0.004 -10 0.0004792182225604438 0.0005597268839505983 0.0005309737905969717 0.0005046167883561473 0.0004792182225604438 0.0001356187569846056
6 0.002828 -10 0.00022001474098764617 0.0002510368194669043 0.00024135617086344785 0.00022903534536813968 0.00022001474098764617 4.730316931234393e-05
6 0.002 -10 0.00011523371240615367 0.0001251438116730829 0.00012203250143811674 0.00011834502264111982 0.00011523371240615367 1.8667861409796893e-05
