8 0.362 -10 0.9950248756218906 1.0 0.9990049751243781 0.9960199004975124 0.9950248756218906 1.0
8 0.256 -10 0.9940357852882704 1.0 0.9970178926441352 0.9950298210735586 0.9940357852882704 1.0
8 0.181 -10 0.9606147934678194 0.9990393852065321 0.9807877041306436 0.9673390970220941 0.9606147934678194 0.9980787704130644
8 0.128 -10 0.7304601899196493 0.8999269539810081 0.8341855368882396 0.7560262965668371 0.7304601899196493 0.8780131482834186
8 0.090496 -10 0.41649312786339027 0.5943356934610579 0.5231153685964182 0.45064556434818825 0.41649312786339027 0.5543523531861724
8 0.064 -10 0.16903313049357674 0.27265043948613926 0.2363083164300203 0.19083840432724813 0.16903313049357674 0.23073022312373226
8 0.045249 -10 0.05595657769570813 0.09092943875552571 0.08074534161490683 0.06479771697163002 0.05595657769570813 0.06798724190028538
8 0.032 -10 0.01707504482199266 0.026500469563732604 0.024127038333475626 0.019994877486553403 0.01707504482199266 0.016289592760180997
8 0.022624 -10 0.005220432773876954 0.007256401555688966 0.006791783038813917 0.0058729868706115735 0.005220432773876954 0.003669964240035499
8 0.016 -10 0.0015875283770697402 0.001973297772697687 0.0019097966376148974 0.0017335809877601562 0.0015875283770697402 0.0006397739359591053
8 0.011312 -10 0.0005449505157684156 0.000616339033334078 0.0006114344786921624 0.0005820071508406679 0.0005449505157684156 0.00012588356914250401
8 0.008 -10 0.00018452472336053473 0.00021054270935437014 0.00020943556101420694 0.00019688787982569057 0.00018452472336053473 3.672041994874641e-05
8 0.005656 -10 6.807138782584072e-05 7.515081215972815e-05 7.481045522059895e-05 7.079424333887435e-05 6.807138782584072e-05 1.1640207318218762e-05
8 0.004 -10 4.6110955870893015e-05 4.9384833737726414e-05 4.929261182598463e-05 4.7955394105728735e-05 4.6110955870893015e-05 4.933872278185553e-06
8 0.002828 -10 2.1491300235699388e-05 2.2264987044184565e-05 2.2243495743948866e-05 2.179217843899918e-05 2.1491300235699388e-05 1.0960563120206688e-06
8 0.002 -10 1.0713107157715075e-05 1.1098779015392817e-05 1.1098779015392817e-05 1.0852377550765371e-05 1.0713107157715075e-05 5.677946793588989e-07
