6 0.362 -10 0.9881422924901185 1.0 0.9920948616600791 0.9881422924901185 0.9881422924901185 1.0
6 0.256 -10 0.9606147934678194 1.0 0.978866474543708 0.962536023054755 0.9606147934678194 1.0
6 0.181 -10 0.8680555555555556 0.9782986111111112 0.9149305555555556 0.875 0.8680555555555556 0.9652777777777778
6 0.128 -10 0.6662225183211192 0.8500999333777481 0.7435043304463691 0.6775483011325782 0.6662225183211192 0.8287808127914723
6 0.090496 -10 0.38880248833592534 0.5536547433903577 0.46111975116640747 0.4024105754276827 0.38880248833592534 0.5120528771384136
6 0.064 -10 0.20403999183840033 0.3029993878800245 0.2440318302387268 0.21526219138951233 0.20403999183840033 0.26423178943072845
6 0.045249 -10 0.0924129008409574 0.15007855096571482 0.12133813880417706 0.10082247481748452 0.0924129008409574 0.12947047407818132
6 0.032 -10 0.03869669530222119 0.06292082656141165 0.051273121275443076 0.041211980496865565 0.03869669530222119 0.05065397415060754
6 0.022624 -10 0.015407845675017719 0.02531509044405411 0.021432313333949647 0.01717974792764476 0.015407845675017719 0.018874610951896707
6 0.016 -10 0.005528741160925069 0.008862572080962885 0.007668363990203071 0.006159017653270527 0.005528741160925069 0.005926810524511674
6 0.011312 -10 0.002145158591574675 0.0033979312090542855 0.00303754456566974 0.0024047227811552106 0.002145158591574675 0.0019949974901644477
6 0.008 -10 0.0008033244780198373 0.001204986717029756 0.0010700282047224233 0.0008804436279097416 0.0008033244780198373 0.000587230193432501
6 0.005656 -10 0.00029832339270068287 0.00043018233227438475 0.0003937868783649014 0.00032666411500724776 0.00029832339270068287 0.0001798890057985118
6 0.004 -10 0.00011541934328932894 0.00015385398460467548 0.00014023450209653466 0.00012569166484207922 0.00011541934328932894 5.0669091704015406e-05
6 0.002828 -10 3.3928088195658124e-05 4.685468979820388e-05 4.305474392029016e-05 3.752446554439789e-05 3.3928088195658124e-05 1.6421194686698533e-05
6 0.002 -10 1.2530035277687823e-05 1.6652416884047115e-05 1.534929321516758e-05 1.3682798523235103e-05 1.2530035277687823e-05 5.312734957739636e-06
