6 0.362 -10 0.9910802775024777 1.0 0.9950445986124876 0.9920713577799801 0.9910802775024777 1.0
6 0.256 -10 0.9737098344693281 1.0 0.9873417721518988 0.9756572541382668 0.9737098344693281 1.0
6 0.181 -10 0.8865248226950354 0.9804964539007093 0.9042553191489362 0.8882978723404256 0.8865248226950354 0.9654255319148937
6 0.128 -10 0.6369426751592356 0.7885350318471338 0.6668789808917197 0.6382165605095541 0.6369426751592356 0.7242038216560509
6 0.090496 -10 0.37907505686125853 0.4829416224412434 0.4162244124336619 0.38248673237300984 0.37907505686125853 0.3718726307808946
6 0.064 -10 0.1713796058269066 0.22724935732647814 0.1953727506426735 0.17566409597257926 0.1713796058269066 0.15509854327335046
6 0.045249 -10 0.0730727073438071 0.09638290098648154 0.08301059554256485 0.07453416149068323 0.0730727073438071 0.059846547314578
6 0.032 -10 0.02726727381796368 0.03610187053498391 0.03179364127174565 0.0283034302230463 0.02726727381796368 0.019332497136936248
6 0.022624 -10 0.00969791010037337 0.01246181447897978 0.011327158997236096 0.010037336953886438 0.00969791010037337 0.005634485768316927
6 0.016 -10 0.0032246726151127507 0.004005043387970036 0.0036051839836960553 0.003324637466181246 0.0032246726151127507 0.0014994727660274292
6 0.011312 -10 0.0011855476993261347 0.0013681220450223594 0.0012875048014681823 0.001215186391809288 0.0011855476993261347 0.0003687053344904279
6 0.008 -10 0.0004083647808244967 0.0004647191205782772 0.00044144232807128087 0.0004157153468793376 0.0004083647808244967 9.229044046633624e-05
6 0.005656 -10 0.00014739186411649263 0.0001599201725663945 0.00015505624105055025 0.00014960274207824 0.00014739186411649263 2.3435306394522328e-05
6 0.004 -10 4.749096223243236e-05 5.219256749344316e-05 5.0245438041913436e-05 4.8013362816989115e-05 4.749096223243236e-05 7.503572032724312e-06
6 0.002828 -10 1.7773866895101145e-05 1.9195776246709236e-05 1.86447863729611e-05 1.798715329784236e-05 1.7773866895101145e-05 2.3816981639435534e-06
6 0.002 -10 5.952467652906825e-06 6.386997791569023e-06 6.190566359023099e-06 6.047707135353335e-06 5.952467652906825e-06 7.321535213075396e-07
