6 0.362 -10 0.9900990099009901 1.0 0.995049504950495 0.9900990099009901 0.9900990099009901 1.0
6 0.256 -10 0.9652509652509652 1.0 0.9835907335907336 0.9681467181467182 0.9652509652509652 1.0
6 0.181 -10 0.8802816901408451 0.9797535211267606 0.9225352112676056 0.8899647887323944 0.8802816901408451 0.9674295774647887
6 0.128 -10 0.6591957811470006 0.8424522083058669 0.7389584706657878 0.6750164798945286 0.6591957811470006 0.8141067897165458
6 0.090496 -10 0.41788549937317176 0.5649811951525282 0.48056832427914753 0.43125783535311324 0.41788549937317176 0.5282072712076891
6 0.064 -10 0.19786307874950534 0.3029283735654927 0.23901859912940246 0.20815195884447962 0.19786307874950534 0.27245745943806887
6 0.045249 -10 0.0870852564660803 0.140991030218584 0.11199163981537925 0.09440041800923103 0.0870852564660803 0.12174518853958025
6 0.032 -10 0.03912516139129074 0.06350013693806487 0.051801713682068935 0.04217692397981142 0.03912516139129074 0.051097460777025705
6 0.022624 -10 0.015708944673096862 0.02536994564705143 0.02136416475541173 0.017484055421156806 0.015708944673096862 0.018175248986773068
6 0.016 -10 0.006874364121318778 0.01029092308961421 0.009156653009596612 0.0077611570929689 0.006874364121318778 0.005884455687848874
6 0.011312 -10 0.0029456382461669883 0.004321251307126971 0.0038087102522939157 0.00323725643253752 0.0029456382461669883 0.0021532615579480685
6 0.008 -10 0.0010903258656914793 0.0014773915480119544 0.0013421911406662108 0.0011699196538869571 0.0010903258656914793 0.0005680597760252606
6 0.005656 -10 0.0005825553791707324 0.0007072222303132692 0.0006588701338420984 0.0006058575943375617 0.0005825553791707324 0.00018292238905961
6 0.004 -10 0.0002248448121106812 0.000268015016035932 0.00025092681031552025 0.00023406344940721913 0.0002248448121106812 6.0932944081994606e-05
6 0.002828 -10 0.0001104414188895027 0.00012413615483180103 0.00011982893949511043 0.0001146381928073038 0.0001104414188895027 1.954813114344198e-05
6 0.002 -10 7.555383796497249e-05 8.794466739122797e-05 8.67358059837884e-05 7.698936088630697e-05 7.555383796497249e-05 1.4053013861484882e-05
