6 0.362 -10 0.9891196834817013 1.0 0.9960435212660732 0.9910979228486647 0.9891196834817013 1.0
6 0.256 -10 0.9746588693957114 1.0 0.9883040935672515 0.9814814814814815 0.9746588693957114 1.0
6 0.181 -10 0.8756567425569177 0.9868651488616462 0.9281961471103327 0.8844133099824869 0.8756567425569177 0.9763572679509632
6 0.128 -10 0.6578947368421053 0.8565789473684211 0.7546052631578948 0.6815789473684211 0.6578947368421053 0.8348684210526316
6 0.090496 -10 0.41254125412541254 0.5759075907590759 0.49793729372937295 0.4319306930693069 0.41254125412541254 0.5292904290429042
6 0.064 -10 0.2155636990730761 0.32765682259107565 0.27441258892002585 0.23453330459150679 0.2155636990730761 0.2858374649708989
6 0.045249 -10 0.10018032458425165 0.15898617511520738 0.13484271689040273 0.1093969144460028 0.10018032458425165 0.13063514325786416
6 0.032 -10 0.04003362824772809 0.07190039633291966 0.06237239280996037 0.05308459105648745 0.04003362824772809 0.06105128307778534
6 0.022624 -10 0.01687621297780778 0.030815964897477007 0.027845751413382837 0.02403172728039828 0.01687621297780778 0.026495654375158214
6 0.016 -10 0.009579553401220435 0.013478431635517152 0.012233089693358496 0.01098774775119984 0.009579553401220435 0.00815219994443859
6 0.011312 -10 0.00488159686796745 0.006380247106433456 0.005984837760128093 0.005316058989216553 0.00488159686796745 0.0033194858702178657
6 0.008 -10 0.0022748418416209614 0.0028481019857094433 0.0027320850517867745 0.0024272562450095656 0.0022748418416209614 0.0012056661760591096
6 0.005656 -10 0.0011037003762514584 0.001267048031936674 0.00122621111801537 0.0011666112976977915 0.0011037003762514584 0.0003465619181429579
6 0.004 -10 0.00047700638425344686 0.0005332931375953536 0.0005170749205307363 0.0004979946651605986 0.00047700638425344686 0.00012640669182716342
6 0.002828 -10 0.00023603170283419787 0.00026341138036296483 0.0002560943975751047 0.0002447648758390632 0.00023603170283419787 4.862253078384476e-05
6 0.002 -10 0.00011683025043615653 0.00012699448222410216 0.00012384006546232592 0.00011975100669706044 0.00011683025043615653 2.1379935829816644e-05
