4 0.362 -10 0.9276437847866419 1.0 0.9434137291280148 0.9359925788497218 0.9276437847866419 0.9888682745825603
4 0.256 -10 0.8795074758135444 0.9920844327176781 0.9032541776605101 0.8856640281442393 0.8795074758135444 0.980650835532102
4 0.181 -10 0.7132667617689016 0.7895863052781741 0.7282453637660485 0.7203994293865906 0.7132667617689016 0.6205420827389444
4 0.128 -10 0.5213764337851929 0.6141814389989573 0.5385818561001042 0.5276329509906152 0.5213764337851929 0.5041710114702815
4 0.090496 -10 0.35855145213338113 0.4352814628899247 0.3671566869845823 0.3614198637504482 0.35855145213338113 0.3804230907135174
4 0.064 -10 0.22639800769753227 0.27688476341408197 0.23703871405931629 0.2273035997283224 0.22639800769753227 0.23137876386687797
4 0.045249 -10 0.12410027302060064 0.15003723008190617 0.1325390915860015 0.12496897493174484 0.12410027302060064 0.1169024571854058
4 0.032 -10 0.06919936336585704 0.08352363158258944 0.0737665213480036 0.06940696145595461 0.06919936336585704 0.0545982976956612
4 0.022624 -10 0.03861003861003861 0.04602316602316602 0.041891891891891894 0.03861003861003861 0.03861003861003861 0.029922779922779922
4 0.016 -10 0.02046119534303194 0.023223456714341253 0.02201624618910237 0.02046119534303194 0.02046119534303194 0.01139688580606879
4 0.011312 -10 0.011039964672113049 0.012320600574078163 0.011580922941046588 0.011039964672113049 0.011039964672113049 0.005133583572532568
4 0.008 -10 0.005412368344140029 0.005867007285047791 0.00566133728797047 0.005412368344140029 0.005412368344140029 0.0018510299736958899
4 0.005656 -10 0.002649252248552846 0.0027843641132290413 0.002739326825003643 0.002649252248552846 0.002649252248552846 0.0006676115666353171
4 0.004 -10 0.0014616207620306006 0.0015390866624182223 0.001492314798033243 0.0014616207620306006 0.0014616207620306006 0.0003186333261226709
4 0.002828 -10 0.0007076174308816984 0.0007465363895801918 0.0007076174308816984 0.0007076174308816984 0.0007076174308816984 0.00014435395589986648
4 0.002 -10 0.00035190785081781626 0.00036176127064071513 0.00036176127064071513 0.00035190785081781626 0.00035190785081781626 4.293275779977358e-05
