8 0.362 -10 0.9960159362549801 1.0 0.999003984063745 0.9970119521912351 0.9960159362549801 1.0
8 0.256 -10 0.9940357852882704 1.0 0.9980119284294234 0.9970178926441352 0.9940357852882704 1.0
8 0.181 -10 0.9532888465204957 0.998093422306959 0.9818875119161106 0.9618684461391802 0.9532888465204957 0.9971401334604385
8 0.128 -10 0.7385524372230429 0.9135893648449039 0.8493353028064993 0.7754800590841949 0.7385524372230429 0.8943870014771049
8 0.090496 -10 0.42716787697565145 0.6070055531824007 0.5420760358821016 0.46646732165741134 0.42716787697565145 0.5570269115762495
8 0.064 -10 0.1718213058419244 0.28711340206185565 0.24793814432989691 0.19965635738831616 0.1718213058419244 0.25051546391752577
8 0.045249 -10 0.06112095837662734 0.1054947741580588 0.09217040523195404 0.07420084346922559 0.06112095837662734 0.08795305910396675
8 0.032 -10 0.019364833462432222 0.033869093725793956 0.030247869868319132 0.024419054996127034 0.019364833462432222 0.02709140201394268
8 0.022624 -10 0.005483177611089178 0.010324823441680923 0.009189805676185462 0.0070678159406939505 0.005483177611089178 0.007797078562968812
8 0.016 -10 0.001733558927135051 0.0027875627548331625 0.002499791972928744 0.002099339860760547 0.001733558927135051 0.0018150361967103985
8 0.011312 -10 0.0005065910022345729 0.0008368883356915144 0.0007441821822825876 0.0006074026116792529 0.0005065910022345729 0.000517229413281499
8 0.008 -10 0.00016048533332563004 0.00023527149865537364 0.0002195439359894619 0.0001880888106576384 0.00016048533332563004 0.000135770591993483
8 0.005656 -10 5.801545264787457e-05 8.626897808738949e-05 7.640635113725081e-05 6.898037319832287e-05 5.801545264787457e-05 4.2583342243539934e-05
8 0.004 -10 1.547401304307654e-05 2.2313526808116374e-05 2.1230345895101015e-05 1.7129732438685733e-05 1.547401304307654e-05 1.1682879847522789e-05
8 0.002828 -10 4.8682592573162825e-06 7.915789552396277e-06 7.5993527006707175e-06 5.973354108727079e-06 4.8682592573162825e-06 4.337618998268808e-06
8 0.002 -10 2.2421661657013487e-06 2.7623487161440616e-06 2.6771464018474105e-06 2.340821476992208e-06 2.2421661657013487e-06 9.013507986119422e-07
