8 0.362 -10 0.9910802775024777 1.0 1.0 0.9950445986124876 0.9910802775024777 1.0
8 0.256 -10 0.9960159362549801 1.0 1.0 0.99800796812749 0.9960159362549801 1.0
8 0.181 -10 0.9671179883945842 0.9990328820116054 0.9825918762088974 0.9700193423597679 0.9671179883945842 0.9980657640232108
8 0.128 -10 0.7680491551459293 0.9093701996927803 0.8233486943164362 0.7818740399385561 0.7680491551459293 0.8809523809523809
8 0.090496 -10 0.38284839203675347 0.5290964777947933 0.4555895865237366 0.3989280245022971 0.38284839203675347 0.45865237366003064
8 0.064 -10 0.12250398137939483 0.17432316550287885 0.15031238515251746 0.1304667401690555 0.12250398137939483 0.1209114296214627
8 0.045249 -10 0.03363605785401951 0.04446686848301379 0.03962327615203498 0.035216952573158426 0.03363605785401951 0.022737975109317188
8 0.032 -10 0.008579125272387227 0.009977522691786346 0.009351246546902078 0.008767866028379746 0.008579125272387227 0.0025823167069885552
8 0.022624 -10 0.0025204598326918765 0.0026590851234899295 0.0026011145473380163 0.0025355825916880278 0.0025204598326918765 0.000264648282432647
8 0.016 -10 0.0007783579138762536 0.0007947034300676549 0.0007884765667566448 0.0007822497034456348 0.0007783579138762536 2.7242526985668873e-05
8 0.011312 -10 0.00025111867089918814 0.0002521231455827849 0.0002521231455827849 0.00025187202691188574 0.00025111867089918814 2.008949367193505e-06
8 0.008 -10 8.910483941748602e-05 8.919394425690351e-05 8.919394425690351e-05 8.919394425690351e-05 8.910483941748602e-05 1.7820967883497205e-07
8 0.005656 -10 3.273549374061351e-05 3.273549374061351e-05 3.273549374061351e-05 3.273549374061351e-05 3.273549374061351e-05 0.0
8 0.004 -10 1.105787237025826e-05 1.105787237025826e-05 1.105787237025826e-05 1.105787237025826e-05 1.105787237025826e-05 0.0
8 0.002828 -10 4.249732866041774e-06 4.249732866041774e-06 4.249732866041774e-06 4.249732866041774e-06 4.249732866041774e-06 0.0
8 0.002 -10 1.5268988036366149e-06 1.5268988036366149e-06 1.5268988036366149e-06 1.5268988036366149e-06 1.5268988036366149e-06 0.0
