6 0.362 -10 1.0 1.0 1.0 1.0 1.0 0.0
6 0.256 -10 1.0 1.0 1.0 1.0 1.0 0.0
6 0.181 -10 0.983284169124877 0.983284169124877 0.983284169124877 0.983284169124877 0.983284169124877 0.0
6 0.128 -10 0.8110300081103001 0.8110300081103001 0.8110300081103001 0.8110300081103001 0.8110300081103001 0.0
6 0.090496 -10 0.5235602094240838 0.5235602094240838 0.5235602094240838 0.5235602094240838 0.5235602094240838 0.0
6 0.064 -10 0.26392187912377935 0.26392187912377935 0.26392187912377935 0.26392187912377935 0.26392187912377935 0.0
6 0.045249 -10 0.10624734381640459 0.10624734381640459 0.10624734381640459 0.10624734381640459 0.10624734381640459 0.0
6 0.032 -10 0.03783149850565581 0.03783149850565581 0.03783149850565581 0.03783149850565581 0.03783149850565581 0.0
6 0.022624 -10 0.01350676013344679 0.01350676013344679 0.01350676013344679 0.01350676013344679 0.01350676013344679 0.0
6 0.016 -10 0.004758686983087627 0.004758686983087627 0.004758686983087627 0.004758686983087627 0.004758686983087627 0.0
6 0.011312 -10 0.0015903889614282964 0.0015903889614282964 0.0015903889614282964 0.0015903889614282964 0.0015903889614282964 0.0
6 0.008 -10 0.0004895958435271268 0.0004895958435271268 0.0004895958435271268 0.0004895958435271268 0.0004895958435271268 0.0
6 0.005656 -10 0.00016937087020890034 0.00016937087020890034 0.00016937087020890034 0.00016937087020890034 0.00016937087020890034 0.0
6 0.004 -10 5.7122025556165744e-05 5.7122025556165744e-05 5.7122025556165744e-05 5.7122025556165744e-05 5.7122025556165744e-05 0.0
6 0.002828 -10 1.9676847526607474e-05 1.9676847526607474e-05 1.9676847526607474e-05 1.9676847526607474e-05 1.9676847526607474e-05 0.0
6 0.002 -10 6.619241522163164e-06 6.619241522163164e-06 6.619241522163164e-06 6.619241522163164e-06 6.619241522163164e-06 0.0
