4 0.362 -10 0.9242144177449169 0.9981515711645101 0.9399260628465804 0.9242144177449169 0.9242144177449169 0.9833641404805915
4 0.256 -10 0.8748906386701663 0.9886264216972879 0.8862642169728784 0.8748906386701663 0.8748906386701663 0.9772528433945756
4 0.181 -10 0.6954102920723226 0.7983310152990264 0.7183588317107094 0.6954102920723226 0.6954102920723226 0.6356050069541029
4 0.128 -10 0.5379236148466918 0.6293706293706294 0.5519096288327058 0.5379236148466918 0.5379236148466918 0.5293168370091447
4 0.090496 -10 0.37369207772795215 0.4491778774289985 0.38938714499252614 0.37369207772795215 0.37369207772795215 0.38714499252615847
4 0.064 -10 0.21528525296017223 0.27018299246501615 0.22238966630785792 0.21528525296017223 0.21528525296017223 0.24198062432723358
4 0.045249 -10 0.1312852829197847 0.16489431534724958 0.13220427990022318 0.1312852829197847 0.1312852829197847 0.15202835762111067
4 0.032 -10 0.06898454746136866 0.08830022075055188 0.07001931567328919 0.06898454746136866 0.06898454746136866 0.08285044150110375
4 0.022624 -10 0.03797228023542814 0.04864249098158344 0.03990886652743497 0.03797228023542814 0.03797228023542814 0.046022403645338904
4 0.016 -10 0.020049321330472963 0.026364857549571945 0.020951540790344246 0.020049321330472963 0.020049321330472963 0.025522786053692084
4 0.011312 -10 0.010745639956587614 0.013625471464953095 0.011207702474720882 0.010745639956587614 0.010745639956587614 0.013238628426515941
4 0.008 -10 0.00561769348740794 0.007106382261571044 0.005825548146442034 0.00561769348740794 0.00561769348740794 0.006994028391822885
4 0.005656 -10 0.0027011841991529087 0.0035358501166911573 0.002809231567119025 0.0027011841991529087 0.0027011841991529087 0.0035034359063013227
4 0.004 -10 0.0013565005541304764 0.0018095717392100554 0.0013673525585635202 0.0013565005541304764 0.0013565005541304764 0.0018000762353311422
4 0.002828 -10 0.0007109872413339543 0.0008126584168447097 0.0007394267309873124 0.0007109872413339543 0.0007109872413339543 0.00043299122997237814
4 0.002 -10 0.00037204166420189063 0.0004855143717834673 0.0003869233307699663 0.00037204166420189063 0.00037204166420189063 0.00048291008013405404
