6 0.362 -10 0.9930486593843099 1.0 0.9950347567030785 0.9930486593843099 0.9930486593843099 1.0
6 0.256 -10 0.9606147934678194 1.0 0.9817483189241114 0.962536023054755 0.9606147934678194 1.0
6 0.181 -10 0.8576329331046312 0.9811320754716981 0.9065180102915952 0.8662092624356775 0.8576329331046312 0.9734133790737565
6 0.128 -10 0.6720430107526881 0.8514784946236559 0.7473118279569892 0.6814516129032258 0.6720430107526881 0.8346774193548387
6 0.090496 -10 0.4142502071251036 0.5683512841756421 0.4747307373653687 0.4237779618889809 0.4142502071251036 0.5219552609776305
6 0.064 -10 0.2073398299813394 0.30167945262284884 0.2440389798880365 0.2183288409703504 0.2073398299813394 0.26435828322620775
6 0.045249 -10 0.0934317481080071 0.14248341586471083 0.1157619359058208 0.10090628795664768 0.0934317481080071 0.11791086611230496
6 0.032 -10 0.04084299950988401 0.06273484724718183 0.05089037738931547 0.04325273648096716 0.04084299950988401 0.04635680444371835
6 0.022624 -10 0.016669722782510128 0.023871043024554502 0.02105385987431029 0.017936621713980895 0.016669722782510128 0.01433596159295871
6 0.016 -10 0.006599571027883187 0.008935819171753836 0.00817686850354727 0.0070417422867513615 0.006599571027883187 0.004005939613925095
6 0.011312 -10 0.002786990329143558 0.003455868008138012 0.003241269752793958 0.002912404893955018 0.002786990329143558 0.001039547392770547
6 0.008 -10 0.0011892289158632434 0.0014080470363820802 0.001339071759262012 0.001230851927918457 0.0011892289158632434 0.00028660416872304165
6 0.005656 -10 0.0005920098794608684 0.0006683791539113205 0.0006423307192150422 0.0006062181165679293 0.0005920098794608684 9.94576597494259e-05
6 0.004 -10 0.0003252046268813494 0.00034764374613616253 0.00033723719807595933 0.0003291070824039256 0.0003252046268813494 2.9268416419321448e-05
6 0.002828 -10 0.0001658852366120661 0.00017086179371042807 0.0001687052856344712 0.00016654877755851435 0.0001658852366120661 7.464835647542974e-06
6 0.002 -10 9.292276092850653e-05 9.496706166893367e-05 9.403783405964861e-05 9.320152921129205e-05 9.292276092850653e-05 2.787682827855196e-06
