6 0.362 -10 0.9900990099009901 1.0 0.997029702970297 0.9910891089108911 0.9900990099009901 1.0
6 0.256 -10 0.9775171065493646 1.0 0.9902248289345064 0.978494623655914 0.9775171065493646 1.0
6 0.181 -10 0.8718395815170009 0.984306887532694 0.9014821272885789 0.8744551002615518 0.8718395815170009 0.977332170880558
6 0.128 -10 0.6195786864931846 0.7744733581164808 0.6666666666666666 0.6232961586121437 0.6195786864931846 0.7075588599752168
6 0.090496 -10 0.38299502106472616 0.4806587514362313 0.42129452317119875 0.3868249712753734 0.38299502106472616 0.36193029490616624
6 0.064 -10 0.1815211472136504 0.23543292793610457 0.2067525866763478 0.18751134507170086 0.1815211472136504 0.16227990560900346
6 0.045249 -10 0.07192692224699705 0.09853988347838596 0.08616845285190247 0.07624253758181687 0.07192692224699705 0.06487808386679134
6 0.032 -10 0.026144474365342885 0.035870218829250435 0.03197469214881435 0.027294831237417973 0.026144474365342885 0.021072446338466364
6 0.022624 -10 0.010671447475135527 0.013979596192427541 0.012795065522687497 0.011205019848892304 0.010671447475135527 0.007662099287147309
6 0.016 -10 0.0036592104155765267 0.005115576160975984 0.00437275644661395 0.0038092380426151644 0.0036592104155765267 0.0027736814950070072
6 0.011312 -10 0.0012564171505966724 0.0018117535311604018 0.0015303160894267471 0.0013179815909759095 0.0012564171505966724 0.0009259794399897476
6 0.008 -10 0.00043654511213534294 0.0006718429275762928 0.0005675086457759458 0.0004701590857697644 0.00043654511213534294 0.00035622081150243987
6 0.005656 -10 0.00015613826355514334 0.00022483909951940642 0.0001929868937541572 0.0001722205047013231 0.00015613826355514334 0.00011351251760458922
6 0.004 -10 4.937746862654398e-05 6.967160823205357e-05 5.806790310481573e-05 5.105630255984648e-05 4.937746862654398e-05 2.9083329021034406e-05
6 0.002828 -10 1.82712195914833e-05 2.6328827431327437e-05 2.203509082732886e-05 1.9933900574308283e-05 1.82712195914833e-05 1.1821479075689696e-05
6 0.002 -10 6.275998756322983e-06 9.012334214079803e-06 7.970518420530188e-06 6.62745468667707e-06 6.275998756322983e-06 3.432971319708671e-06
