4 0.362 -10 0.9389671361502347 0.9389671361502347 0.9389671361502347 0.9389671361502347 0.9389671361502347 0.0
4 0.256 -10 0.9066183136899365 0.9066183136899365 0.9066183136899365 0.9066183136899365 0.9066183136899365 0.0
4 0.181 -10 0.778816199376947 0.778816199376947 0.778816199376947 0.778816199376947 0.778816199376947 0.0
4 0.128 -10 0.5858230814294083 0.5858230814294083 0.5858230814294083 0.5858230814294083 0.5858230814294083 0.0
4 0.090496 -10 0.38402457757296465 0.38402457757296465 0.38402457757296465 0.38402457757296465 0.38402457757296465 0.0
4 0.064 -10 0.22075055187637968 0.22075055187637968 0.22075055187637968 0.22075055187637968 0.22075055187637968 0.0
4 0.045249 -10 0.13044612575006523 0.13044612575006523 0.13044612575006523 0.13044612575006523 0.13044612575006523 0.0
4 0.032 -10 0.07411799584939223 0.07411799584939223 0.07411799584939223 0.07411799584939223 0.07411799584939223 0.0
4 0.022624 -10 0.03931435760339676 0.03931435760339676 0.03931435760339676 0.03931435760339676 0.03931435760339676 0.0
4 0.016 -10 0.021793139519679205 0.021793139519679205 0.021793139519679205 0.021793139519679205 0.021793139519679205 0.0
4 0.011312 -10 0.010902866363566981 0.010902866363566981 0.010902866363566981 0.010902866363566981 0.010902866363566981 0.0
4 0.008 -10 0.0059705769965609475 0.0059705769965609475 0.0059705769965609475 0.0059705769965609475 0.0059705769965609475 0.0
4 0.005656 -10 0.0032565122102925326 0.0032565122102925326 0.0032565122102925326 0.0032565122102925326 0.0032565122102925326 0.0
4 0.004 -10 0.0017145512247896675 0.0017145512247896675 0.0017145512247896675 0.0017145512247896675 0.0017145512247896675 0.0
4 0.002828 -10 0.000919382138427691 0.000919382138427691 0.000919382138427691 0.000919382138427691 0.000919382138427691 0.0
4 0.002 -10 0.0004878362899464746 0.0004878362899464746 0.0004878362899464746 0.0004878362899464746 0.0004878362899464746 0.0
