6 0.362 -10 0.9835 1.0
6 0.256 -10 0.97277 0.99998
6 0.181 -10 0.88072 0.98297
6 0.128 -10 0.64617 0.80374
6 0.090496 -10 0.37247 0.47147
6 0.064 -10 0.1748 0.2284
6 0.045249 -10 0.07222 0.0961
6 0.032 -10 0.02778 0.0374
6 0.022624 -10 0.009925675675675675 0.013466216216216216
6 0.016 -10 0.0033457142857142856 0.004711428571428571
6 0.011312 -10 0.0012166476624857468 0.001743443557582668
6 0.008 -10 0.0004146938775510204 0.0006326530612244898
6 0.005656 -10 0.00013622207176709547 0.00020961408259986459
6 0.004 -10 4.859161746200755e-05 6.383699545058561e-05
6 0.002828 -10 1.5885623510722797e-05 2.3090888460229206e-05
