6 0.362 -10 0.9852216748768473 1.0 0.9926108374384236 0.9864532019704434 0.9852216748768473 1.0
6 0.256 -10 0.9768009768009768 1.0 0.9829059829059829 0.9768009768009768 0.9768009768009768 1.0
6 0.181 -10 0.8928571428571429 0.984375 0.9107142857142857 0.8928571428571429 0.8928571428571429 0.9631696428571429
6 0.128 -10 0.6666666666666666 0.825 0.7041666666666667 0.6708333333333333 0.6666666666666666 0.7358333333333333
6 0.090496 -10 0.37541060534960113 0.48381041764429844 0.4091975598310652 0.38010323791647116 0.37541060534960113 0.37541060534960113
6 0.064 -10 0.1701403658017865 0.2205444491705657 0.19055720969800086 0.1729051467460655 0.1701403658017865 0.15078689919183327
6 0.045249 -10 0.0671591672263264 0.0925117528542646 0.07756883814640698 0.06917394224311618 0.0671591672263264 0.0577568838146407
6 0.032 -10 0.025250134141337626 0.03389830508474576 0.029258592936274974 0.025976075497901083 0.025250134141337626 0.018116971246409746
6 0.022624 -10 0.009562400640680842 0.012275731822474031 0.010960901734380416 0.009944896666308076 0.009562400640680842 0.005916735396421272
6 0.016 -10 0.0033000305252823586 0.004248789301301037 0.003848660600110551 0.0033949064028842265 0.0033000305252823586 0.001687140606050606
6 0.011312 -10 0.0011704547948412204 0.0014455116716289072 0.00131383550720927 0.0012041053701929056 0.0011704547948412204 0.00046525578094938516
6 0.008 -10 0.00039622359293572956 0.0004774494294875541 0.00044030346764982947 0.00041207253665315874 0.00039622359293572956 0.0001287726677041121
6 0.005656 -10 0.0001415864549901969 0.00016211649096377546 0.00015255940525193718 0.0001442412010212631 0.0001415864549901969 3.575057988502472e-05
6 0.004 -10 4.9477015576106656e-05 5.7269645529343457e-05 5.294040666643413e-05 4.9971785731867726e-05 4.9477015576106656e-05 1.1936330007735732e-05
6 0.002828 -10 1.7981838073817873e-05 2.0027272154714654e-05 1.9285521334169667e-05 1.8318997537701957e-05 1.7981838073817873e-05 3.5963676147635744e-06
6 0.002 -10 5.858173759731251e-06 6.414700266905719e-06 6.180373316516469e-06 5.953369083326883e-06 5.858173759731251e-06 8.347897607617032e-07
