3 0.362 -10 0.7304601899196493 0.9773557341124909 0.7304601899196493 0.7304601899196493 0.7304601899196493 0.9320672023374726
3 0.256 -10 0.6035003017501509 0.9305974652987327 0.6035003017501509 0.6035003017501509 0.6035003017501509 0.8980084490042245
3 0.181 -10 0.4549590536851683 0.5291173794358508 0.49954504094631486 0.4549590536851683 0.4549590536851683 0.21337579617834396
3 0.128 -10 0.30312215822976657 0.35738102455289483 0.33676871779327067 0.30312215822976657 0.30312215822976657 0.13488936041224614
3 0.090496 -10 0.1985308715505261 0.21739130434782608 0.20270001985308717 0.1985308715505261 0.1985308715505261 0.06591224935477467
3 0.064 -10 0.11373976342129208 0.11703821656050956 0.11373976342129208 0.11373976342129208 0.11373976342129208 0.006369426751592357
3 0.045249 -10 0.06753562504220977 0.06753562504220977 0.06753562504220977 0.06753562504220977 0.06753562504220977 0.0
3 0.032 -10 0.037484069270560014 0.037484069270560014 0.037484069270560014 0.037484069270560014 0.037484069270560014 0.0
3 0.022624 -10 0.019836546853923668 0.019836546853923668 0.019836546853923668 0.019836546853923668 0.019836546853923668 0.0
3 0.016 -10 0.010340192327577293 0.010340192327577293 0.010340192327577293 0.010340192327577293 0.010340192327577293 0.0
3 0.011312 -10 0.005531095820703998 0.005531095820703998 0.005531095820703998 0.005531095820703998 0.005531095820703998 0.0
3 0.008 -10 0.0028431222030785327 0.0028431222030785327 0.0028431222030785327 0.0028431222030785327 0.0028431222030785327 0.0
3 0.005656 -10 0.0014468681092906295 0.0014468681092906295 0.0014468681092906295 0.0014468681092906295 0.0014468681092906295 0.0
3 0.004 -10 0.0007058209050035644 0.0007058209050035644 0.0007058209050035644 0.0007058209050035644 0.0007058209050035644 0.0
3 0.002828 -10 0.0003647811130930885 0.0003647811130930885 0.0003647811130930885 0.0003647811130930885 0.0003647811130930885 0.0
3 0.002 -10 0.00018688612579828407 0.00018688612579828407 0.00018688612579828407 0.00018688612579828407 0.00018688612579828407 0.0
