8 0.362 -10 1.0 1.0 1.0 1.0 1.0 1.0
8 0.256 -10 0.9950248756218906 1.0 0.9990049751243781 0.9980099502487563 0.9950248756218906 1.0
8 0.181 -10 0.970873786407767 1.0 0.9932038834951457 0.9757281553398058 0.970873786407767 1.0
8 0.128 -10 0.7473841554559043 0.9043348281016442 0.8340807174887892 0.7750373692077728 0.7473841554559043 0.866965620328849
8 0.090496 -10 0.38299502106472616 0.5277671390271926 0.4580620451934125 0.4040597472232861 0.38299502106472616 0.46380697050938335
8 0.064 -10 0.13130252100840337 0.20246848739495799 0.16517857142857142 0.140625 0.13130252100840337 0.15887605042016806
8 0.045249 -10 0.03618992472495657 0.06640851187029531 0.05023161551823972 0.04064128546612623 0.03618992472495657 0.048964968152866245
8 0.032 -10 0.008460594779813022 0.019780870595202844 0.013401582131223826 0.009924277676720673 0.008460594779813022 0.014992173949828673
8 0.022624 -10 0.002267625116215787 0.00682555159980952 0.003716637565477675 0.0026667271366697656 0.002267625116215787 0.0054967232817070685
8 0.016 -10 0.0005201482006253221 0.0019817646443824775 0.0009253436489124481 0.0006085733947316269 0.0005201482006253221 0.0016384668319697649
8 0.011312 -10 0.00013942525008009982 0.0006472120108718233 0.0003400581849453634 0.0002158302871239945 0.00013942525008009982 0.0005528211165675957
8 0.008 -10 3.595676529775186e-05 0.0002020410642080677 9.262462740700879e-05 4.206941539836968e-05 3.595676529775186e-05 0.00017640389055077063
8 0.005656 -10 8.72004988775421e-06 5.4142789753065886e-05 1.6698895535049313e-05 9.958296971815308e-06 8.72004988775421e-06 4.778587338489307e-05
8 0.004 -10 7.053564109868882e-06 2.6916400643259655e-05 9.190794035159154e-06 7.51204577701036e-06 7.053564109868882e-06 2.4701581512760826e-05
8 0.002828 -10 8.718079334448712e-07 1.112165380695622e-05 4.838534030619035e-06 2.028697061126215e-06 8.718079334448712e-07 1.0429438307800993e-05
8 0.002 -10 1.455176663616478e-07 2.542193631337987e-06 1.5833777276810898e-06 1.8044190628844328e-07 1.455176663616478e-07 2.4355291818948993e-06
