4 0.362 -10 0.9389671361502347 1.0 0.952112676056338 0.9389671361502347 0.9389671361502347 0.9784037558685446
4 0.256 -10 0.8710801393728222 0.9886759581881533 0.8850174216027874 0.8710801393728222 0.8710801393728222 0.9799651567944251
4 0.181 -10 0.7052186177715092 0.8039492242595204 0.7235543018335684 0.7052186177715092 0.7052186177715092 0.6720733427362482
4 0.128 -10 0.5279831045406547 0.6203801478352693 0.5438225976768744 0.5279831045406547 0.5279831045406547 0.5095036958817318
4 0.090496 -10 0.36791758646063283 0.44002943340691686 0.387785136129507 0.36791758646063283 0.36791758646063283 0.3793230316409124
4 0.064 -10 0.21992522542335605 0.27072795249615134 0.23048163624367715 0.21992522542335605 0.21992522542335605 0.2401583461623048
4 0.045249 -10 0.12846865364850976 0.1578879753340185 0.12911099691675232 0.12846865364850976 0.12846865364850976 0.144912641315519
4 0.032 -10 0.07253735673872044 0.09277527926882344 0.0738430291600174 0.07253735673872044 0.07253735673872044 0.08718990279994197
4 0.022624 -10 0.03843049844356481 0.05065139694861842 0.04012144037508166 0.03843049844356481 0.03843049844356481 0.0483839975404481
4 0.016 -10 0.019532775998124852 0.02547073990155481 0.020470349246034848 0.019532775998124852 0.019532775998124852 0.024708961637627938
4 0.011312 -10 0.011137469789613195 0.014200273981756825 0.011649793399935403 0.011137469789613195 0.011137469789613195 0.013910699767226881
4 0.008 -10 0.005424670315661566 0.007079194761938344 0.0057013285017603055 0.005424670315661566 0.005424670315661566 0.0070140987181504045
4 0.005656 -10 0.0027314419008650477 0.0036437434957539735 0.0028598196702057047 0.0027314419008650477 0.0027314419008650477 0.0035945775415384025
4 0.004 -10 0.0013640108466142524 0.0018523267297021547 0.0013776509550803948 0.0013640108466142524 0.0013640108466142524 0.0018400506320826262
4 0.002828 -10 0.0006730770525148178 0.0007814424579697034 0.0007067309051405587 0.0006730770525148178 0.0006730770525148178 0.00041125007908655365
4 0.002 -10 0.0003603276387153311 0.0004824787082398283 0.00037942500356724363 0.0003603276387153311 0.0003603276387153311 0.00048175805296239764
