8 0.362 -10 0.9940357852882704 1.0 0.9990059642147118 0.9960238568588469 0.9940357852882704 1.0
8 0.256 -10 0.9950248756218906 1.0 0.9990049751243781 0.9970149253731343 0.9950248756218906 1.0
8 0.181 -10 0.975609756097561 0.9980487804878049 0.9951219512195122 0.9795121951219512 0.975609756097561 0.9980487804878049
8 0.128 -10 0.76103500761035 0.9079147640791476 0.8295281582952816 0.771689497716895 0.76103500761035 0.8797564687975646
8 0.090496 -10 0.3803727653100038 0.5233929250665652 0.4469379992392545 0.39558767592240396 0.3803727653100038 0.45302396348421453
8 0.064 -10 0.12769761205465457 0.18771548972034224 0.15400332013791343 0.13446558549355128 0.12769761205465457 0.13957348997573746
8 0.045249 -10 0.03154375118289067 0.05100624566273421 0.041259226547220994 0.034288057535802156 0.03154375118289067 0.03267932622547473
8 0.032 -10 0.00849177571521981 0.014053888808688785 0.010419408802574706 0.009018265809563438 0.00849177571521981 0.00802472805088272
8 0.022624 -10 0.002150491387281994 0.004778391862540591 0.0026838132513279283 0.0022515644824842476 0.002150491387281994 0.003047246295778585
8 0.016 -10 0.0006146009518939543 0.0021197586830822485 0.000846920111709869 0.0006484040042481218 0.0006146009518939543 0.0015770660425598866
8 0.011312 -10 0.0002037801627755184 0.0008440574342161973 0.0002702124958403374 0.00021070868830988605 0.0002037801627755184 0.0006553570034860672
8 0.008 -10 7.018485075437135e-05 0.0003201131042906877 8.878383620427975e-05 7.123762351568691e-05 7.018485075437135e-05 0.00025399897488006986
8 0.005656 -10 1.308955400316063e-05 0.00012365701666785847 2.9425317399105097e-05 2.429421222986613e-05 1.308955400316063e-05 0.00011852591149861951
8 0.004 -10 4.307905550342559e-06 4.593088897775236e-05 1.0976543342272841e-05 9.270612744337187e-06 4.307905550342559e-06 4.449204852393795e-05
8 0.002828 -10 8.804193998252441e-07 1.6305367284763523e-05 3.853595713035093e-06 3.133412643978044e-06 8.804193998252441e-07 1.592238484583954e-05
8 0.002 -10 4.646687360781762e-07 5.820905256851313e-06 1.3363872849608346e-06 1.1649245213479876e-06 4.646687360781762e-07 5.6963740355823616e-06
