6 0.362 -10 0.9861932938856016 1.0 0.9901380670611439 0.9861932938856016 0.9861932938856016 1.0
6 0.256 -10 0.9727626459143969 1.0 0.9824902723735408 0.9737354085603113 0.9727626459143969 1.0
6 0.181 -10 0.8802816901408451 0.9823943661971831 0.8996478873239436 0.8802816901408451 0.8802816901408451 0.9647887323943662
6 0.128 -10 0.6257822277847309 0.7828535669586983 0.6639549436795995 0.6276595744680851 0.6257822277847309 0.7108886107634543
6 0.090496 -10 0.3718854592785422 0.4626255113425065 0.39977686872443285 0.374488657493492 0.3718854592785422 0.3514317590182224
6 0.064 -10 0.17385257301808066 0.22183588317107092 0.19384561891515995 0.17524339360222532 0.17385257301808066 0.14777468706536856
6 0.045249 -10 0.0719165767709457 0.09039913700107875 0.07953973390866595 0.07306724199928083 0.0719165767709457 0.05055735346997483
6 0.032 -10 0.026375481352534685 0.0318615814738619 0.02882840111832041 0.026771113572822705 0.026375481352534685 0.013583372896555363
6 0.022624 -10 0.010017831740498086 0.01126004287631985 0.010668990803630462 0.010087956562681574 0.010017831740498086 0.003265813147402376
6 0.016 -10 0.0034660242968303206 0.0038195587751070135 0.0036566556331559886 0.003490286466908133 0.0034660242968303206 0.0007867875153804828
6 0.011312 -10 0.0011330314937434002 0.001231605233699076 0.0011885500369368267 0.0011511599976432945 0.0011330314937434002 0.00019261535393637802
6 0.008 -10 0.00040158497558162554 0.00042849116894559447 0.0004164436196781457 0.0004068055802641867 0.00040158497558162554 4.7387027118631815e-05
6 0.005656 -10 0.00015661932795272852 0.00016319733972674312 0.00016116128846335766 0.0001575590439204449 0.00015661932795272852 1.284278489212374e-05
6 0.004 -10 5.2183844309709236e-05 5.390591117192964e-05 5.343625657314226e-05 5.234039584263837e-05 5.2183844309709236e-05 2.9744791256534267e-06
6 0.002828 -10 1.8214907382569356e-05 1.8633850252368453e-05 1.8506345900690468e-05 1.8269552104717064e-05 1.8214907382569356e-05 7.65026110067913e-07
6 0.002 -10 6.76831026237463e-06 6.876603226572624e-06 6.869834916310249e-06 6.7886151931617545e-06 6.76831026237463e-06 2.1658592839598818e-07
