4 0.362 -10 0.93227 0.99846
4 0.256 -10 0.87 0.99054
4 0.181 -10 0.72397 0.9593
4 0.128 -10 0.53374 0.75496
4 0.090496 -10 0.35987 0.42822
4 0.064 -10 0.22058 0.46327
4 0.045249 -10 0.1301 0.34078
4 0.032 -10 0.08094 0.24757
4 0.022624 -10 0.03919 0.04915
4 0.016 -10 0.01997 0.02546
4 0.011312 -10 0.011078125 0.0135
4 0.008 -10 0.005673913043478261 0.0076956521739130436
4 0.005656 -10 0.0031043956043956046 0.0036923076923076922
4 0.004 -10 0.0016490566037735848 0.0018716981132075473
4 0.002828 -10 0.0008020833333333334 0.0009270833333333334
