8 0.362 -10 0.999000999000999 1.0 1.0 1.0 0.999000999000999 1.0
8 0.256 -10 0.9970089730807578 1.0 0.9980059820538385 0.9970089730807578 0.9970089730807578 1.0
8 0.181 -10 0.975609756097561 0.9990243902439024 0.9912195121951219 0.9804878048780488 0.975609756097561 0.9990243902439024
8 0.128 -10 0.7751937984496124 0.9534883720930233 0.8689922480620155 0.8054263565891473 0.7751937984496124 0.9480620155038759
8 0.090496 -10 0.38955979742890534 0.6373198285936892 0.5134398130112973 0.41877678223607323 0.38955979742890534 0.609271523178808
8 0.064 -10 0.1384083044982699 0.278477508650519 0.20470588235294118 0.15501730103806227 0.1384083044982699 0.2575778546712803
8 0.045249 -10 0.035889889818038256 0.0903348526720023 0.059613106987761545 0.04285252844273768 0.035889889818038256 0.08179305889530919
8 0.032 -10 0.008589810766468815 0.027495984263466677 0.01588256010720084 0.01065136535042133 0.008589810766468815 0.024223266361442057
8 0.022624 -10 0.0020823832459773563 0.008239990504332398 0.004350098600846697 0.002661285788359061 0.0020823832459773563 0.007213375564065562
8 0.016 -10 0.0005407252639820739 0.0026160288271452736 0.0012766523482616765 0.0007002392168567856 0.0005407252639820739 0.0022975416466598318
8 0.011312 -10 0.00015814567240693287 0.0008728059660138624 0.00038207994453514976 0.00021349665774935935 0.00015814567240693287 0.0007695368419321353
8 0.008 -10 5.122919588758655e-05 0.00029246747932223157 0.00013381065965837607 6.552214154022319e-05 5.122919588758655e-05 0.00026142258661435413
8 0.005656 -10 1.4548914753529237e-05 0.0001046503438221358 4.1042488519705975e-05 2.051396980247622e-05 1.4548914753529237e-05 9.421877194385533e-05
8 0.004 -10 4.779035259306367e-06 3.7510647750295674e-05 1.4504372011994825e-05 6.423023388507757e-06 4.779035259306367e-06 3.395504551737174e-05
8 0.002828 -10 1.8191836359949475e-06 1.3540183802710393e-05 5.230152953485474e-06 2.3594811758854468e-06 1.8191836359949475e-06 1.2421385866573501e-05
8 0.002 -10 5.213858149241256e-07 4.7566027895527984e-06 1.6194243411543343e-06 6.819726459207563e-07 5.213858149241256e-07 4.378598073732807e-06
