8 0.362 -10 0.9950248756218906 1.0 0.9990049751243781 0.9970149253731343 0.9950248756218906 1.0
8 0.256 -10 0.9920634920634921 1.0 1.0 0.9970238095238095 0.9920634920634921 1.0
8 0.181 -10 0.9569377990430622 0.9980861244019139 0.9894736842105263 0.968421052631579 0.9569377990430622 0.9980861244019139
8 0.128 -10 0.7598784194528876 0.9103343465045592 0.8655015197568389 0.7948328267477204 0.7598784194528876 0.8799392097264438
8 0.090496 -10 0.3947887879984208 0.5775759968416897 0.5124358468219502 0.4334780892222661 0.3947887879984208 0.5317804974338729
8 0.064 -10 0.16806722689075632 0.2677310924369748 0.23546218487394957 0.19092436974789917 0.16806722689075632 0.23092436974789915
8 0.045249 -10 0.05748447919061853 0.09415957691423316 0.08438721545182801 0.06673948034030812 0.05748447919061853 0.07283283513451368
8 0.032 -10 0.015590894917368257 0.024851886498285 0.022684752104770813 0.01853757405675086 0.015590894917368257 0.016931711880261928
8 0.022624 -10 0.0044259929715231615 0.006599155520541034 0.006116722286645009 0.005240375678283423 0.0044259929715231615 0.0036071842717913766
8 0.016 -10 0.0012733889719421473 0.001675779887075866 0.0015968297708154528 0.001416008536799668 0.0012733889719421473 0.0006723493771854538
8 0.011312 -10 0.00039104063342325964 0.00048097997911060935 0.0004692487601079116 0.0004320998999327019 0.00039104063342325964 0.0001474223188005689
8 0.008 -10 0.00010957236208099392 0.00013586972898043247 0.0001334591370146506 0.00012042002592701232 0.00010957236208099392 3.6158879486727994e-05
8 0.005656 -10 3.741005827028086e-05 4.362012794314748e-05 4.313379718563383e-05 3.965466176649772e-05 3.741005827028086e-05 8.716543576975441e-06
8 0.004 -10 1.2971791011423127e-05 1.4878644290102327e-05 1.4813785335045211e-05 1.3529578024914322e-05 1.2971791011423127e-05 2.6981325303760107e-06
8 0.002828 -10 4.016972270217788e-06 4.547212609886536e-06 4.531144720805665e-06 4.274058495511727e-06 4.016972270217788e-06 6.909192304774596e-07
8 0.002 -10 1.4057747288704422e-06 1.6560026306093808e-06 1.65319108115164e-06 1.4873096631449277e-06 1.4057747288704422e-06 3.0505311616488594e-07
