6 0.362 -10 0.984251968503937 1.0 0.9921259842519685 0.984251968503937 0.984251968503937 1.0
6 0.256 -10 0.970873786407767 1.0 0.9844660194174757 0.9766990291262136 0.970873786407767 1.0
6 0.181 -10 0.8802816901408451 0.9850352112676056 0.9313380281690141 0.8890845070422535 0.8802816901408451 0.9744718309859155
6 0.128 -10 0.6775067750677507 0.8584010840108401 0.755420054200542 0.6876693766937669 0.6775067750677507 0.8279132791327913
6 0.090496 -10 0.4106776180698152 0.5601642710472279 0.4759753593429158 0.4242299794661191 0.4106776180698152 0.5174537987679672
6 0.064 -10 0.2188183807439825 0.31838074398249455 0.25711159737417943 0.22844638949671772 0.2188183807439825 0.28074398249452953
6 0.045249 -10 0.092910898448388 0.14875034841586918 0.12096998977980117 0.10117996841029453 0.092910898448388 0.1292390597417077
6 0.032 -10 0.0384201629014907 0.06193330259720301 0.05086829568157369 0.04157061625941294 0.0384201629014907 0.050599354541263256
6 0.022624 -10 0.015440915337461204 0.02438120531785124 0.020737149298210397 0.016815156802495252 0.015440915337461204 0.01817395735219184
6 0.016 -10 0.006024749671651143 0.009416683736790736 0.008302105047535275 0.006675422636189466 0.006024749671651143 0.00606089816968105
6 0.011312 -10 0.0021114463618723462 0.003359311161738903 0.002977139370240008 0.002360597032573283 0.0021114463618723462 0.0019193047429419627
6 0.008 -10 0.0008350242574546791 0.0012291557069732876 0.0011197675292467246 0.0009243718530023297 0.0008350242574546791 0.0005845169802182753
6 0.005656 -10 0.0002916078469338747 0.0004175824368093086 0.000379381808860971 0.0003169777296171218 0.0002916078469338747 0.0001752563160072587
6 0.004 -10 0.00011995382737276768 0.00015785923682256226 0.00014418450050206674 0.00012787077997937035 0.00011995382737276768 4.906111539546198e-05
6 0.002828 -10 3.6719356127559075e-05 4.861642751288822e-05 4.5348404817535464e-05 3.969362397389136e-05 3.6719356127559075e-05 1.5422129573574813e-05
6 0.002 -10 1.3150146877935524e-05 1.6582335213076696e-05 1.568812522537708e-05 1.4149558040658624e-05 1.3150146877935524e-05 4.352698616596658e-06
