8 0.362 -10 0.9960159362549801 1.0 1.0 0.9970119521912351 0.9960159362549801 1.0
8 0.256 -10 0.998003992015968 1.0 0.999001996007984 0.998003992015968 0.998003992015968 1.0
8 0.181 -10 0.9699321047526673 0.9980601357904947 0.991270611057226 0.973811833171678 0.9699321047526673 0.997090203685742
8 0.128 -10 0.7604562737642585 0.8920152091254753 0.8296577946768061 0.7718631178707225 0.7604562737642585 0.8577946768060837
8 0.090496 -10 0.37091988130563797 0.5244807121661721 0.4439910979228487 0.38724035608308605 0.37091988130563797 0.4573442136498516
8 0.064 -10 0.1155802126675913 0.17660656495607951 0.14817383263985207 0.12332408691631992 0.1155802126675913 0.13488210818307905
8 0.045249 -10 0.031980555822060185 0.04528446704403723 0.039847772554286995 0.03418721417378234 0.031980555822060185 0.026351977997377596
8 0.032 -10 0.00781653039848672 0.009989525849266028 0.008981193427861241 0.008238623040005003 0.00781653039848672 0.003994247033626714
8 0.022624 -10 0.001922093698223601 0.002245005439525166 0.002114303068045961 0.0020066658209454396 0.001922093698223601 0.0006477455763013536
8 0.016 -10 0.0005197575435011076 0.0005618579045246974 0.0005415873603281541 0.0005296329368276286 0.0005197575435011076 8.627975222118387e-05
8 0.011312 -10 0.00016262859856431473 0.00017059739989396615 0.00016588117053560101 0.00016425488454995787 0.00016262859856431473 1.7076002849253047e-05
8 0.008 -10 5.431026935503948e-05 5.615681851311083e-05 5.512492339536508e-05 5.4961992587299955e-05 5.431026935503948e-05 4.399131817758198e-06
8 0.005656 -10 1.877545541040564e-05 1.916973997402416e-05 1.890688359827848e-05 1.8888108142868073e-05 1.877545541040564e-05 1.0138745921619045e-06
8 0.004 -10 6.239263747910385e-06 6.389006077860234e-06 6.282938594145757e-06 6.270460066649937e-06 6.239263747910385e-06 2.6204907741223615e-07
8 0.002828 -10 2.051829753037462e-06 2.0785035398269493e-06 2.0579852422965743e-06 2.055933412543537e-06 2.051829753037462e-06 6.771038185023625e-08
8 0.002 -10 7.273174718435951e-07 7.331360116183439e-07 7.302267417309695e-07 7.302267417309695e-07 7.273174718435951e-07 1.6728301852402685e-08
