8 0.362 -10 0.9970089730807578 1.0 0.9990029910269193 0.9970089730807578 0.9970089730807578 1.0
8 0.256 -10 0.9920634920634921 1.0 1.0 0.9940476190476191 0.9920634920634921 1.0
8 0.181 -10 0.9689922480620154 0.997093023255814 0.9815891472868217 0.9738372093023255 0.9689922480620154 0.9961240310077519
8 0.128 -10 0.7490636704119851 0.8943820224719101 0.8209737827715355 0.7625468164794007 0.7490636704119851 0.8636704119850187
8 0.090496 -10 0.3824091778202677 0.5216061185468451 0.44818355640535373 0.3965583173996176 0.3824091778202677 0.45277246653919695
8 0.064 -10 0.11928903733746869 0.177144220446141 0.15018489800787307 0.1279971370631039 0.11928903733746869 0.13086007395920315
8 0.045249 -10 0.03250446936453762 0.04540874370225906 0.03942792133918414 0.034552250934503495 0.03250446936453762 0.02681618722574354
8 0.032 -10 0.008133255254082894 0.010483766022512851 0.009483375626260655 0.008548051272041121 0.008133255254082894 0.004375691326696597
8 0.022624 -10 0.0020727880242599112 0.0023795606518503777 0.0022551933703947834 0.0021598451212788273 0.0020727880242599112 0.0006239091953022332
8 0.016 -10 0.0006176484394494529 0.0006726191505604542 0.0006472955645430266 0.0006330896504356892 0.0006176484394494529 0.00011055907066145207
8 0.011312 -10 0.00018986284308215745 0.00020296337925482632 0.0001980269453346902 0.00019555872837462217 0.00018986284308215745 2.316326685602321e-05
8 0.008 -10 6.913778954042037e-05 7.294036796514349e-05 7.121192322663298e-05 7.09353720684713e-05 6.913778954042037e-05 6.4298144272590944e-06
8 0.005656 -10 2.0887805248119556e-05 2.2182849173502967e-05 2.1806868679036815e-05 2.1723317458044338e-05 2.0887805248119556e-05 1.8590146670826404e-06
8 0.004 -10 7.268834930566526e-06 7.806728715428448e-06 7.639545512025418e-06 7.632276677094852e-06 7.268834930566526e-06 7.123458231955196e-07
8 0.002828 -10 2.6753789347195954e-06 2.766341818500062e-06 2.7556403027611834e-06 2.7021327240667916e-06 2.6753789347195954e-06 1.3644432567069936e-07
8 0.002 -10 1.0067386899874813e-06 1.0359341119971182e-06 1.0319071572371682e-06 1.0228465090272808e-06 1.0067386899874813e-06 3.825607021952428e-08
