4 0.362 -10 0.9302325581395349 0.9990697674418605 0.9469767441860465 0.9302325581395349 0.9302325581395349 0.9888372093023255
4 0.256 -10 0.8841732979664014 0.986737400530504 0.8947833775419982 0.8841732979664014 0.8841732979664014 0.9770114942528736
4 0.181 -10 0.7369196757553427 0.8224023581429624 0.7531319086219602 0.7369196757553427 0.7369196757553427 0.6477523949889462
4 0.128 -10 0.5296610169491526 0.6122881355932204 0.5397245762711864 0.5296610169491526 0.5296610169491526 0.5010593220338984
4 0.090496 -10 0.34118048447628796 0.4104401228249744 0.3497099965881952 0.34118048447628796 0.34118048447628796 0.35755714773114977
4 0.064 -10 0.229147571035747 0.27864344637946836 0.23258478460128323 0.229147571035747 0.229147571035747 0.24106324472960586
4 0.045249 -10 0.13347570742124934 0.16217298451681794 0.13521089161772556 0.13347570742124934 0.13347570742124934 0.12426588360918313
4 0.032 -10 0.06967670011148272 0.08270624303232998 0.07072185061315496 0.06967670011148272 0.06967670011148272 0.058040691192865104
4 0.022624 -10 0.038528221922558274 0.044307455210942016 0.04041610479676363 0.038528221922558274 0.038528221922558274 0.02839529955692545
4 0.016 -10 0.01947154234086882 0.022625932200089568 0.020581420254298342 0.01947154234086882 0.01947154234086882 0.012987518741359503
4 0.011312 -10 0.01056122341212006 0.012124284477113828 0.011036478465665463 0.01056122341212006 0.01056122341212006 0.006452907504805356
4 0.008 -10 0.005692880483667126 0.006529733914766194 0.005852281137209805 0.005692880483667126 0.005692880483667126 0.0030456910587619125
4 0.005656 -10 0.0031648173583902475 0.003503452815738004 0.0032312785229164425 0.0031648173583902475 0.0031648173583902475 0.0014273326286340015
4 0.004 -10 0.0016760497518608342 0.0018134858315134227 0.0017078946971461901 0.0016760497518608342 0.0016760497518608342 0.0005949976619105962
4 0.002828 -10 0.000973890008862399 0.001017715059261207 0.0009816811289332984 0.000973890008862399 0.000973890008862399 0.00027950643254350856
4 0.002 -10 0.0005422896444911777 0.0005780807610275955 0.0005471702512915984 0.0005422896444911777 0.0005422896444911777 0.0001290649353889003
