8 0.362 -10 0.9940357852882704 1.0 0.9970178926441352 0.9970178926441352 0.9940357852882704 1.0
8 0.256 -10 0.9970089730807578 1.0 1.0 0.9990029910269193 0.9970089730807578 1.0
8 0.181 -10 0.946969696969697 1.0 0.9744318181818182 0.9554924242424242 0.946969696969697 0.9990530303030303
8 0.128 -10 0.7446016381236039 0.913626209977662 0.8510796723752793 0.7803425167535368 0.7446016381236039 0.8935219657483247
8 0.090496 -10 0.4084967320261438 0.5870098039215687 0.5212418300653595 0.44362745098039214 0.4084967320261438 0.5445261437908496
8 0.064 -10 0.16241676140977748 0.2670131557576742 0.2366412213740458 0.18564235829137568 0.16241676140977748 0.23388013643007957
8 0.045249 -10 0.05500550055005501 0.09394939493949395 0.08212321232123213 0.06490649064906491 0.05500550055005501 0.0732123212321232
8 0.032 -10 0.015086369465188203 0.025028286942747228 0.0225088632420608 0.018013125141434713 0.015086369465188203 0.01654974730331146
8 0.022624 -10 0.004214021735924114 0.006266250321319157 0.005806921952103429 0.004871409126728276 0.004214021735924114 0.0033712173887392913
8 0.016 -10 0.0012104735009193547 0.0016365601732429675 0.001560300342685048 0.0013605722150333546 0.0012104735009193547 0.0006669708990065644
8 0.011312 -10 0.00036796740691896475 0.00044708039940654216 0.00043788121423356805 0.0004018204083555095 0.00036796740691896475 0.00012658078798012388
8 0.008 -10 0.00010645780496994004 0.00012668478791422866 0.00012370396937507033 0.00011401630912280579 0.00010645780496994004 3.023401661146297e-05
8 0.005656 -10 3.894881206902166e-05 4.6193291113859686e-05 4.5959598241445557e-05 4.1363638417301e-05 3.894881206902166e-05 9.892998265531501e-06
8 0.004 -10 1.1792964461276569e-05 1.4139764389070606e-05 1.4069006602302947e-05 1.2264683039727632e-05 1.1792964461276569e-05 2.9718270442416953e-06
8 0.002828 -10 4.011273749052091e-06 5.10234020879426e-06 5.086295113798051e-06 4.288051637736685e-06 4.011273749052091e-06 1.32372033718719e-06
8 0.002 -10 1.2990362459184785e-06 1.843332432958321e-06 1.8420333967124025e-06 1.4367340879858371e-06 1.2990362459184785e-06 6.170422168112773e-07
