4 0.362 -10 0.9328358208955224 0.9972014925373134 0.9449626865671642 0.9328358208955224 0.9328358208955224 0.9813432835820896
4 0.256 -10 0.8733624454148472 0.9930131004366812 0.885589519650655 0.8733624454148472 0.8733624454148472 0.9781659388646288
4 0.181 -10 0.7173601147776184 0.9641319942611191 0.7352941176470589 0.7173601147776184 0.7173601147776184 0.9569583931133429
4 0.128 -10 0.5425935973955507 0.764514378730331 0.5572436245252306 0.5425935973955507 0.5425935973955507 0.7037438958220293
4 0.090496 -10 0.3417634996582365 0.411825017088175 0.3653451811346548 0.3417634996582365 0.3417634996582365 0.35064935064935066
4 0.064 -10 0.21901007446342532 0.2669732807709155 0.23587385019710908 0.21901007446342532 0.21901007446342532 0.2275514673674989
4 0.045249 -10 0.12613521695257315 0.1612008072653885 0.14253279515640768 0.12613521695257315 0.12613521695257315 0.14316347124117054
4 0.032 -10 0.07331915829606277 0.09040252217904539 0.09003592638756507 0.08307060634943911 0.07331915829606277 0.08006452085930053
4 0.022624 -10 0.03753049352598987 0.04762619628448114 0.046350159504597484 0.04300994558078439 0.03753049352598987 0.044248451867142054
4 0.016 -10 0.0202122283981809 0.02585144012127337 0.02492167761495705 0.02318342597271349 0.0202122283981809 0.02362809499747347
4 0.011312 -10 0.010498357007128385 0.013689857537295413 0.013553378896202744 0.012052113844183386 0.010498357007128385 0.012545536623518419
4 0.008 -10 0.005293890321180326 0.006871469636892063 0.006770885720789637 0.0061567944435327185 0.005293890321180326 0.006103855540320916
4 0.005656 -10 0.002824045049166624 0.0035752410322449466 0.003541352491654947 0.0032420037164432847 0.002824045049166624 0.0030640888783457876
4 0.004 -10 0.001383541118150261 0.0017266593154515255 0.0017252757743333753 0.0016159760259995047 0.001383541118150261 0.0014084448582769656
4 0.002828 -10 0.0007415201608208925 0.0009016885155582053 0.0008935317937891755 0.000800100253525743 0.0007415201608208925 0.0007378125600167881
4 0.002 -10 0.00035620578150479844 0.0004338586418728445 0.0004335024360913397 0.00037508468792455275 0.00035620578150479844 0.0003380392866480537
