4 0.362 -10 0.9259259259259259 1.0 0.9462962962962963 0.9296296296296296 0.9259259259259259 0.9861111111111112
4 0.256 -10 0.8598452278589854 0.9853826311263972 0.8873602751504729 0.8701633705932932 0.8598452278589854 0.9742046431642304
4 0.181 -10 0.7158196134574087 0.8110236220472441 0.7394416607015032 0.7265569076592698 0.7158196134574087 0.6485325697924124
4 0.128 -10 0.5411255411255411 0.6304112554112554 0.560064935064935 0.5481601731601732 0.5411255411255411 0.5373376623376623
4 0.090496 -10 0.33852403520649965 0.4201083276912661 0.34698713608666215 0.3412322274881517 0.33852403520649965 0.36696005416384564
4 0.064 -10 0.22341376228775692 0.27211796246648795 0.23257372654155495 0.22430741733690795 0.22341376228775692 0.2406166219839142
4 0.045249 -10 0.12751849018107625 0.15289466972711044 0.13198163733741392 0.12790104565161947 0.12751849018107625 0.12152512114256567
4 0.032 -10 0.07161784716751414 0.08458067750483421 0.07398123612404212 0.07176108286184918 0.07161784716751414 0.05958604884337177
4 0.022624 -10 0.038150465435678314 0.04551350526476423 0.040820998016175794 0.03849381962459942 0.038150465435678314 0.030024416297878834
4 0.016 -10 0.020961723892172893 0.024399446610489248 0.022135580430134576 0.02108749423552593 0.020961723892172893 0.01427493397056974
4 0.011312 -10 0.010346290337599453 0.011815463565538576 0.010780834531778631 0.010387675498949851 0.010346290337599453 0.006269851944585269
4 0.008 -10 0.005920242493132518 0.006589229894856493 0.0060800890404470965 0.005938003220611917 0.005920242493132518 0.003037084398976982
4 0.005656 -10 0.0031598871288317583 0.003447436857555448 0.0032325645327948888 0.003166206903089422 0.0031598871288317583 0.0012355158673732175
4 0.004 -10 0.0017226677232362036 0.0018570358056486274 0.0017502304068079829 0.0017243903909594399 0.0017226677232362036 0.0005857070259003092
4 0.002828 -10 0.0009516522586514707 0.0010154129599811192 0.0009668786947898942 0.0009516522586514707 0.0009516522586514707 0.00028739898211274417
4 0.002 -10 0.0005654893179067847 0.0006016806342528189 0.0006011151449349122 0.0005654893179067847 0.0005654893179067847 0.00014137232947669618
