8 0.362 -10 0.7326007326007326 1.0 0.8769230769230769 0.7655677655677655 0.7326007326007326 1.0
8 0.256 -10 0.75642965204236 1.0 0.8736762481089259 0.7821482602118003 0.75642965204236 1.0
8 0.181 -10 0.6439150032195751 0.9922730199613651 0.7617514488087572 0.6580811332904056 0.6439150032195751 0.9916291049581455
8 0.128 -10 0.4079967360261118 0.9069767441860465 0.5104039167686658 0.4120767033863729 0.4079967360261118 0.8935128518971848
8 0.090496 -10 0.18311664530305805 0.6806445705914668 0.23567112250503572 0.18476469511078558 0.18311664530305805 0.6641640725141915
8 0.064 -10 0.05829544129649061 0.4161711554156465 0.08178850413897633 0.05905328203334499 0.05829544129649061 0.4080680890754343
8 0.045249 -10 0.018460402436773122 0.23487170020306442 0.024386191618977295 0.01862654605870408 0.018460402436773122 0.23154882776444527
8 0.032 -10 0.004696136488510902 0.12672054700597818 0.006898624501622515 0.004719617170953457 0.004696136488510902 0.12579071198125302
8 0.022624 -10 0.0012727990123079665 0.0660493591456973 0.0018379217737727036 0.0012740718113202745 0.0012727990123079665 0.06578970814718647
8 0.016 -10 0.00030914519498714886 0.03421959077832249 0.00045784403377596743 0.00031007263057211026 0.00030914519498714886 0.03416425378841979
8 0.011312 -10 7.550419055808017e-05 0.017466686418562916 0.00011318078164656217 7.557969474863825e-05 7.550419055808017e-05 0.017453850706168044
8 0.008 -10 1.8307292034242765e-05 0.008919111298870698 3.172653709534271e-05 1.8362213910345493e-05 1.8307292034242765e-05 0.00891566952796826
8 0.005656 -10 4.4870734771922596e-06 0.004544274689879506 9.113246232177479e-06 4.500534697623836e-06 4.4870734771922596e-06 0.004543458042506657
8 0.004 -10 1.2351362316356703e-06 0.0022936356307851234 2.6543077617850554e-06 1.236371367867306e-06 1.2351362316356703e-06 0.0022934207170808188
8 0.002828 -10 2.838095703569963e-07 0.001157485262219559 7.895582247331637e-07 2.840933799273533e-07 2.838095703569963e-07 0.001157432757449043
8 0.002 -10 7.157708759165305e-08 0.0005825236854267851 2.372064682787382e-07 7.172024176683635e-08 7.157708759165305e-08 0.0005825105868197558
