6 0.362 -10 0.9803921568627451 1.0 0.9892156862745098 0.9813725490196078 0.9803921568627451 1.0
6 0.256 -10 0.9699321047526673 1.0 0.9815712900096993 0.9718719689621726 0.9699321047526673 1.0
6 0.181 -10 0.8912655971479501 0.9857397504456328 0.9340463458110517 0.8975044563279857 0.8912655971479501 0.9750445632798574
6 0.128 -10 0.6618133686300464 0.8411647915287889 0.7405691594970218 0.6724023825281271 0.6618133686300464 0.8193249503639973
6 0.090496 -10 0.41305245766212306 0.5687732342007435 0.48079306071871125 0.42668318876497313 0.41305245766212306 0.5262288310615448
6 0.064 -10 0.21925016443762332 0.31506248629686473 0.2547686910765183 0.2264854198640649 0.21925016443762332 0.28327121245340936
6 0.045249 -10 0.09311853990129434 0.1499208492410839 0.11909861253375548 0.10112673433280567 0.09311853990129434 0.12831734798398362
6 0.032 -10 0.039102213185266285 0.061234065848127 0.05063736607491984 0.04203487917416126 0.039102213185266285 0.04739188238054274
6 0.022624 -10 0.01482777538885841 0.024258240536172357 0.020907163298290357 0.016799869515576576 0.01482777538885841 0.016562625109354842
6 0.016 -10 0.006847907964116962 0.009888379100184894 0.008792713825926179 0.007368348969389852 0.006847907964116962 0.005197562144764774
6 0.011312 -10 0.0029108014018419553 0.003920849488281113 0.003623947745293234 0.003169862726605889 0.0029108014018419553 0.0015601895513872878
6 0.008 -10 0.0011546037515385095 0.0014640375569508301 0.0013624324268154413 0.0012296529953885126 0.0011546037515385095 0.0004629961043669423
6 0.005656 -10 0.0005848702260698885 0.0006772797217889308 0.0006497908211636461 0.0006117742564691034 0.0005848702260698885 0.00012750170928323569
6 0.004 -10 0.00021856657483227746 0.0002476359292849704 0.00023736330026785334 0.00022687210467590402 0.00021856657483227746 4.283904866712639e-05
6 0.002828 -10 0.0001143836920882516 0.00012204739945816445 0.00011884465607969341 0.00011552752900913411 0.0001143836920882516 1.0065764903766141e-05
6 0.002 -10 7.545572997231378e-05 7.787031333142782e-05 7.7191211761677e-05 7.66630216518708e-05 7.545572997231378e-05 3.093684928864865e-06
