8 0.362 -10 0.9910802775024777 1.0 0.9990089197224975 0.9940535183349851 0.9910802775024777 1.0
8 0.256 -10 0.9940357852882704 1.0 1.0 0.9990059642147118 0.9940357852882704 1.0
8 0.181 -10 0.9765625 0.9990234375 0.9931640625 0.98046875 0.9765625 0.9990234375
8 0.128 -10 0.7496251874062968 0.9017991004497751 0.8253373313343328 0.7668665667166417 0.7496251874062968 0.876311844077961
8 0.090496 -10 0.376081233546446 0.519368183527642 0.44490409928544566 0.3922527265889432 0.376081233546446 0.4486649116209101
8 0.064 -10 0.12330456226880394 0.1810110974106042 0.1535141800246609 0.13045622688039457 0.12330456226880394 0.13501849568434032
8 0.045249 -10 0.03219575016097875 0.04616870573084353 0.040115904700579526 0.03438506117192531 0.03219575016097875 0.026980038634900193
8 0.032 -10 0.007803477229453445 0.010222555170584012 0.009052033586165995 0.00817804413646721 0.007803477229453445 0.004174860317757593
8 0.022624 -10 0.0019799823781568343 0.0023264792943342803 0.0021601607745691063 0.0020473017790141666 0.0019799823781568343 0.0005900347486907366
8 0.016 -10 0.0005627002861330955 0.0006161568133157396 0.0005902726001536172 0.0005767677932864229 0.0005627002861330955 0.00010072335121782409
8 0.011312 -10 0.0001576816011115922 0.00016619640757161818 0.00016146595953827044 0.0001595737803249313 0.0001576816011115922 1.6241204914494e-05
8 0.008 -10 5.219529223517779e-05 5.4022127463409014e-05 5.313480749541099e-05 5.2978221618705456e-05 5.219529223517779e-05 3.7580610409328007e-06
8 0.005656 -10 1.798814408618537e-05 1.838388325608145e-05 1.8168025527047225e-05 1.8132049238874854e-05 1.798814408618537e-05 8.994072043092686e-07
8 0.004 -10 6.247455879779357e-06 6.366157541495165e-06 6.303682982697371e-06 6.266198247418695e-06 6.247455879779357e-06 2.4989823519117426e-07
8 0.002828 -10 2.134673452864729e-06 2.1538855139405116e-06 2.1389427997704585e-06 2.136808126317594e-06 2.134673452864729e-06 4.482814251015931e-08
8 0.002 -10 7.120066623317802e-07 7.19126728955098e-07 7.141426823187756e-07 7.134306756564438e-07 7.120066623317802e-07 1.4240133246635604e-08
