8 0.362 -10 1.0 1.0 1.0 1.0 1.0 0.0
8 0.256 -10 1.0 1.0 1.0 1.0 1.0 0.0
8 0.181 -10 0.9991941982272361 0.9991941982272361 0.9991941982272361 0.9991941982272361 0.9991941982272361 0.0
8 0.128 -10 0.9185185185185185 0.9185185185185185 0.9185185185185185 0.9185185185185185 0.9185185185185185 0.0
8 0.090496 -10 0.5787150564001962 0.5787150564001962 0.5787150564001962 0.5787150564001962 0.5787150564001962 0.0
8 0.064 -10 0.22631377061756808 0.22631377061756808 0.22631377061756808 0.22631377061756808 0.22631377061756808 0.0
8 0.045249 -10 0.05866748290990715 0.05866748290990715 0.05866748290990715 0.05866748290990715 0.05866748290990715 0.0
8 0.032 -10 0.01399641893425466 0.01399641893425466 0.01399641893425466 0.01399641893425466 0.01399641893425466 0.0
8 0.022624 -10 0.003231520125358592 0.003231520125358592 0.003231520125358592 0.003231520125358592 0.003231520125358592 0.0
8 0.016 -10 0.0007738858781158945 0.0007738858781158945 0.0007738858781158945 0.0007738858781158945 0.0007738858781158945 0.0
8 0.011312 -10 0.00023507005753007013 0.00023507005753007013 0.00023507005753007013 0.00023507005753007013 0.00023507005753007013 0.0
8 0.008 -10 8.16325273276437e-05 8.16325273276437e-05 8.16325273276437e-05 8.16325273276437e-05 8.16325273276437e-05 0.0
8 0.005656 -10 2.7390117081520576e-05 2.7390117081520576e-05 2.7390117081520576e-05 2.7390117081520576e-05 2.7390117081520576e-05 0.0
8 0.004 -10 9.49493758887321e-06 9.49493758887321e-06 9.49493758887321e-06 9.49493758887321e-06 9.49493758887321e-06 0.0
8 0.002828 -10 3.4428607170384043e-06 3.4428607170384043e-06 3.4428607170384043e-06 3.4428607170384043e-06 3.4428607170384043e-06 0.0
8 0.002 -10 1.1566418122693261e-06 1.1566418122693261e-06 1.1566418122693261e-06 1.1566418122693261e-06 1.1566418122693261e-06 0.0
