4 0.362 -10 0.9285051067780873 1.0 0.9340761374187558 0.9285051067780873 0.9285051067780873 0.9860724233983287
4 0.256 -10 0.8764241893076249 0.9894829097283085 0.8843120070113936 0.8764241893076249 0.8764241893076249 0.9824715162138475
4 0.181 -10 0.7380073800738007 0.9549815498154982 0.7549815498154981 0.7380073800738007 0.7380073800738007 0.9461254612546125
4 0.128 -10 0.5434782608695652 0.7635869565217391 0.5592391304347826 0.5434782608695652 0.5434782608695652 0.7027173913043478
4 0.090496 -10 0.373134328358209 0.43470149253731344 0.3835820895522388 0.373134328358209 0.373134328358209 0.36977611940298505
4 0.064 -10 0.21824530772588388 0.2699694456569184 0.22784810126582278 0.21824530772588388 0.21824530772588388 0.23788738542121343
4 0.045249 -10 0.12615112905260503 0.1583196669610193 0.13245868550523526 0.12615112905260503 0.12615112905260503 0.14393843824902233
4 0.032 -10 0.07014098337658695 0.08711510135372098 0.08255593743424283 0.07014098337658695 0.07014098337658695 0.07238549484463772
4 0.022624 -10 0.03775151949865982 0.04567933859337838 0.043074483747970856 0.03775151949865982 0.03775151949865982 0.0336366038733059
4 0.016 -10 0.021021210401294906 0.023585798070252885 0.02314435265182569 0.021021210401294906 0.021021210401294906 0.012928044396796368
4 0.011312 -10 0.010461892556363445 0.011937019406810693 0.011560391274781609 0.010461892556363445 0.010461892556363445 0.006120207145472616
4 0.008 -10 0.005453841413199387 0.006168294638328507 0.0060210409201721235 0.005453841413199387 0.005453841413199387 0.0031032357641104513
4 0.005656 -10 0.0028006183765375394 0.0031422938184751193 0.0031086863979566687 0.0028006183765375394 0.0028006183765375394 0.0014703246476822083
4 0.004 -10 0.001352881570100235 0.001485463963970058 0.0014611120957082537 0.001352881570100235 0.001352881570100235 0.0005668573778719985
4 0.002828 -10 0.0007170535409537959 0.0007557744321653009 0.0007550573786243471 0.0007170535409537959 0.0007170535409537959 0.00016492231441937307
4 0.002 -10 0.0003366746043315881 0.0003578851044044782 0.00035014158850485167 0.0003366746043315881 0.0003366746043315881 9.05654685651972e-05
