8 0.362 -10 1.0 1.0 1.0 1.0 1.0 0.0
8 0.256 -10 1.0 1.0 1.0 1.0 1.0 0.0
8 0.181 -10 0.999000999000999 0.999000999000999 0.999000999000999 0.999000999000999 0.999000999000999 0.0
8 0.128 -10 0.8992805755395683 0.8992805755395683 0.8992805755395683 0.8992805755395683 0.8992805755395683 0.0
8 0.090496 -10 0.5649717514124294 0.5649717514124294 0.5649717514124294 0.5649717514124294 0.5649717514124294 0.0
8 0.064 -10 0.20449897750511248 0.20449897750511248 0.20449897750511248 0.20449897750511248 0.20449897750511248 0.0
8 0.045249 -10 0.05203184348821479 0.05203184348821479 0.05203184348821479 0.05203184348821479 0.05203184348821479 0.0
8 0.032 -10 0.011562431348063871 0.011562431348063871 0.011562431348063871 0.011562431348063871 0.011562431348063871 0.0
8 0.022624 -10 0.002852546182722698 0.002852546182722698 0.002852546182722698 0.002852546182722698 0.002852546182722698 0.0
8 0.016 -10 0.0007883544283839129 0.0007883544283839129 0.0007883544283839129 0.0007883544283839129 0.0007883544283839129 0.0
8 0.011312 -10 0.00022455615913756063 0.00022455615913756063 0.00022455615913756063 0.00022455615913756063 0.00022455615913756063 0.0
8 0.008 -10 8.18314065173969e-05 8.18314065173969e-05 8.18314065173969e-05 8.18314065173969e-05 8.18314065173969e-05 0.0
8 0.005656 -10 2.6327616809119697e-05 2.6327616809119697e-05 2.6327616809119697e-05 2.6327616809119697e-05 2.6327616809119697e-05 0.0
8 0.004 -10 9.50647641063894e-06 9.50647641063894e-06 9.50647641063894e-06 9.50647641063894e-06 9.50647641063894e-06 0.0
8 0.002828 -10 3.3198170302762667e-06 3.3198170302762667e-06 3.3198170302762667e-06 3.3198170302762667e-06 3.3198170302762667e-06 0.0
8 0.002 -10 1.2103416607147309e-06 1.2103416607147309e-06 1.2103416607147309e-06 1.2103416607147309e-06 1.2103416607147309e-06 0.0
