8 0.362 -10 0.9950248756218906 1.0 0.9990049751243781 0.9960199004975124 0.9950248756218906 1.0
8 0.256 -10 0.9970089730807578 1.0 1.0 0.9980059820538385 0.9970089730807578 1.0
8 0.181 -10 0.942507068803016 0.9971724787935909 0.9783223374175306 0.9500471253534402 0.942507068803016 0.9952874646559849
8 0.128 -10 0.7396449704142012 0.9068047337278107 0.8439349112426036 0.768491124260355 0.7396449704142012 0.8831360946745562
8 0.090496 -10 0.43497172683775553 0.6089604175728578 0.551544149630274 0.4684645498042627 0.43497172683775553 0.5619834710743802
8 0.064 -10 0.16572754391779915 0.28057673185283394 0.24726549552535632 0.19671859463042757 0.16572754391779915 0.24361948955916474
8 0.045249 -10 0.05914709883480215 0.10906725025137518 0.09392559294966582 0.07210031347962383 0.05914709883480215 0.0908499438102561
8 0.032 -10 0.017997588323164695 0.03491532134693951 0.031171822975721252 0.023792811763223728 0.017997588323164695 0.028184223314075912
8 0.022624 -10 0.005189952252439277 0.010405854266140751 0.0090512767282541 0.006778077641685696 0.005189952252439277 0.00783163794893087
8 0.016 -10 0.0017231486060589351 0.0030155100606031366 0.002682942379633762 0.002183229283876671 0.0017231486060589351 0.0020091912746647185
8 0.011312 -10 0.000461013261046454 0.000821525631184781 0.0007131875148388644 0.0005730394834807423 0.000461013261046454 0.0005089586401952852
8 0.008 -10 0.00014778942489814353 0.00022685676721865032 0.00021000877278026195 0.00017675615217817967 0.00014778942489814353 0.0001344883766573106
8 0.005656 -10 5.2699503059496e-05 8.395030837377712e-05 7.404280179859188e-05 6.545278279989403e-05 5.2699503059496e-05 4.1052912883347385e-05
8 0.004 -10 1.3451843174914787e-05 2.185924515923653e-05 2.0137409232847435e-05 1.5523427023851663e-05 1.3451843174914787e-05 1.0842185598981319e-05
8 0.002828 -10 5.5450421863759765e-06 8.578180262323636e-06 8.267657899886581e-06 6.404523725264253e-06 5.5450421863759765e-06 4.707740816233204e-06
8 0.002 -10 2.4097641116370744e-06 3.0290734883278025e-06 2.910995046857586e-06 2.5133839684374686e-06 2.4097641116370744e-06 9.0607130597554e-07
