6 0.362 -10 0.9900990099009901 1.0 0.996039603960396 0.9900990099009901 0.9900990099009901 1.0
6 0.256 -10 0.9587727708533078 1.0 0.9779482262703739 0.9606903163950143 0.9587727708533078 1.0
6 0.181 -10 0.8912655971479501 0.9848484848484849 0.9295900178253119 0.8975044563279857 0.8912655971479501 0.9759358288770054
6 0.128 -10 0.6711409395973155 0.8402684563758389 0.7523489932885906 0.6865771812080537 0.6711409395973155 0.8167785234899329
6 0.090496 -10 0.41356492969396197 0.5628618693134823 0.47684036393713813 0.42555831265508687 0.41356492969396197 0.5028949545078577
6 0.064 -10 0.21743857360295715 0.31137203739943464 0.2624483583387693 0.2298325722983257 0.21743857360295715 0.2576647097195042
6 0.045249 -10 0.09935419771485346 0.15479384003974167 0.13075012419274715 0.10889220069547939 0.09935419771485346 0.12290114257327373
6 0.032 -10 0.038300969014516066 0.06832892872189666 0.06124324945421119 0.051438201386495075 0.038300969014516066 0.05480868665977249
6 0.022624 -10 0.015971889474524836 0.028174413033061813 0.026257786296118833 0.022871745727519564 0.015971889474524836 0.020140552627375817
6 0.016 -10 0.007733294151309633 0.01078021204692563 0.01013834863236693 0.008676756037769408 0.007733294151309633 0.005506105435732459
6 0.011312 -10 0.004976609933313427 0.005743007863043694 0.00553399024584453 0.0052055339902458446 0.004976609933313427 0.0015128894197272817
6 0.008 -10 0.002243863034600368 0.002495175694475609 0.0024345913925413994 0.0023268859668805816 0.002243863034600368 0.0004532603329892743
6 0.005656 -10 0.0010521553402144293 0.0011342234567511547 0.0011121281946066517 0.001071094136338289 0.0010521553402144293 0.00012731079616594594
6 0.004 -10 0.0004932484156860888 0.0005169243396390211 0.0005129783523135324 0.0005026201355841245 0.0004932484156860888 3.9459873254887106e-05
6 0.002828 -10 0.00010681311741987361 0.0001133287175824859 0.00011140608146892817 0.0001084153141811717 0.00010681311741987361 9.50636745036875e-06
6 0.002 -10 0.00011485670305441876 0.00011807269073994249 0.0001174984072246704 0.00011623498349107178 0.00011485670305441876 4.823981528285588e-06
