4 0.362 -10 0.9259259259259259 0.9972222222222222 0.9333333333333333 0.9259259259259259 0.9259259259259259 0.987037037037037
4 0.256 -10 0.8880994671403197 0.9973357015985791 0.8960923623445826 0.8880994671403197 0.8880994671403197 0.9875666074600356
4 0.181 -10 0.724112961622013 0.9637943519188994 0.7443881245474294 0.724112961622013 0.724112961622013 0.9551049963794352
4 0.128 -10 0.5347593582887701 0.7572192513368984 0.5508021390374331 0.5347593582887701 0.5347593582887701 0.6893048128342246
4 0.090496 -10 0.3506311360448808 0.42426367461430575 0.3615007012622721 0.3506311360448808 0.3506311360448808 0.3432678821879383
4 0.064 -10 0.22099447513812154 0.2733701657458564 0.23248618784530387 0.22099447513812154 0.22099447513812154 0.2450828729281768
4 0.045249 -10 0.13253810470510272 0.16434724983432736 0.13863485752153745 0.13253810470510272 0.13253810470510272 0.14857521537442014
4 0.032 -10 0.07251105793633529 0.09100137771010079 0.08549053730693931 0.07251105793633529 0.07251105793633529 0.07628163294902472
4 0.022624 -10 0.039152734818527074 0.047022434517051015 0.045025645041306135 0.039152734818527074 0.039152734818527074 0.03476762851885204
4 0.016 -10 0.019953707398834702 0.02298667092345758 0.022627504190278553 0.019953707398834702 0.019953707398834702 0.01314949317583207
4 0.011312 -10 0.010464520044788145 0.011887694770879333 0.011636546289804418 0.010464520044788145 0.010464520044788145 0.006404286267410345
4 0.008 -10 0.005640094302376736 0.006299985335754814 0.006226664109823916 0.005640094302376736 0.005640094302376736 0.002949769320143033
4 0.005656 -10 0.0026083576997415116 0.0028926686890133366 0.0028926686890133366 0.0026083576997415116 0.0026083576997415116 0.0011450690301865237
4 0.004 -10 0.0013974560709684091 0.0015455864144910604 0.0015218296612845975 0.0013974560709684091 0.0013974560709684091 0.000577149357309953
4 0.002828 -10 0.0007068981239630688 0.0007422430301612222 0.0007422430301612222 0.0007068981239630688 0.0007068981239630688 0.00016965554975113651
4 0.002 -10 0.00035853474022365394 0.0003786126856761786 0.0003707249213912582 0.00035853474022365394 0.00035853474022365394 9.03507545363608e-05
