8 0.362 -10 1.0 1.0 1.0 1.0 1.0 0.0
8 0.256 -10 1.0 1.0 1.0 1.0 1.0 0.0
8 0.181 -10 0.999000999000999 0.999000999000999 0.999000999000999 0.999000999000999 0.999000999000999 0.0
8 0.128 -10 0.9285051067780873 0.9285051067780873 0.9285051067780873 0.9285051067780873 0.9285051067780873 0.0
8 0.090496 -10 0.6075334143377886 0.6075334143377886 0.6075334143377886 0.6075334143377886 0.6075334143377886 0.0
8 0.064 -10 0.2255299954894001 0.2255299954894001 0.2255299954894001 0.2255299954894001 0.2255299954894001 0.0
8 0.045249 -10 0.06137605106487449 0.06137605106487449 0.06137605106487449 0.06137605106487449 0.06137605106487449 0.0
8 0.032 -10 0.013246963133701599 0.013246963133701599 0.013246963133701599 0.013246963133701599 0.013246963133701599 0.0
8 0.022624 -10 0.002894221975248614 0.002894221975248614 0.002894221975248614 0.002894221975248614 0.002894221975248614 0.0
8 0.016 -10 0.000715073827797351 0.000715073827797351 0.000715073827797351 0.000715073827797351 0.000715073827797351 0.0
8 0.011312 -10 0.00020117303999621795 0.00020117303999621795 0.00020117303999621795 0.00020117303999621795 0.00020117303999621795 0.0
8 0.008 -10 6.143602028273349e-05 6.143602028273349e-05 6.143602028273349e-05 6.143602028273349e-05 6.143602028273349e-05 0.0
8 0.005656 -10 1.9242006932856615e-05 1.9242006932856615e-05 1.9242006932856615e-05 1.9242006932856615e-05 1.9242006932856615e-05 0.0
8 0.004 -10 6.13664338640994e-06 6.13664338640994e-06 6.13664338640994e-06 6.13664338640994e-06 6.13664338640994e-06 0.0
8 0.002828 -10 2.2533789011013813e-06 2.2533789011013813e-06 2.2533789011013813e-06 2.2533789011013813e-06 2.2533789011013813e-06 0.0
8 0.002 -10 7.509398759732982e-07 7.509398759732982e-07 7.509398759732982e-07 7.509398759732982e-07 7.509398759732982e-07 0.0
