8 0.362 -10 0.9963880931622867 1.0 0.9993772574417735 0.9968862872088678 0.9963880931622867 1.0
8 0.256 -10 0.9937888198757764 1.0 0.9980124223602485 0.9946583850931677 0.9937888198757764 1.0
8 0.181 -10 0.9506833036244801 0.9982174688057041 0.9808674985145573 0.9599524658348187 0.9506833036244801 0.9976232917409388
8 0.128 -10 0.7406721599851865 0.9009350986019813 0.8398296454032034 0.7693732061846126 0.7406721599851865 0.877048421442459
8 0.090496 -10 0.403368123834014 0.582614833862754 0.5158069883527454 0.43689809912771643 0.403368123834014 0.5394040235970352
8 0.064 -10 0.16891535229408164 0.27256603534553747 0.23918413884841958 0.19087434809231224 0.16891535229408164 0.2320685796330314
8 0.045249 -10 0.054233978943657675 0.0927604417357585 0.08175094401019599 0.06421981031665865 0.054233978943657675 0.07126344833196618
8 0.032 -10 0.016529540354806582 0.02699273939939915 0.024248835700501258 0.01963089536387717 0.016529540354806582 0.017606026670413364
8 0.022624 -10 0.004978245069048259 0.007349756563816124 0.006828907673466949 0.005777875683264135 0.004978245069048259 0.0038214253711281697
8 0.016 -10 0.0016114921954425792 0.0020973570923685167 0.0020046962911305687 0.0017899649560878448 0.0016114921954425792 0.0007882211200958515
8 0.011312 -10 0.0005325585671298728 0.0006421990621377354 0.0006249574785269057 0.0005792240115746279 0.0005325585671298728 0.00017048531130245054
8 0.008 -10 0.00018240564406840103 0.00020728121377822922 0.0002043627234731348 0.00019266596154724857 0.00018240564406840103 4.172529108064673e-05
8 0.005656 -10 6.533904425982734e-05 7.407814142957925e-05 7.331857504005876e-05 6.922671739328707e-05 6.533904425982734e-05 1.2324577223509932e-05
8 0.004 -10 4.867711542042583e-05 5.1701181215919785e-05 5.150647275423808e-05 4.9991397536777324e-05 4.867711542042583e-05 4.064539137605556e-06
8 0.002828 -10 2.167304014788729e-05 2.2767528675355596e-05 2.272689172507831e-05 2.226904875195419e-05 2.167304014788729e-05 1.4168749996681315e-06
8 0.002 -10 9.980884310941156e-06 1.0300272608891273e-05 1.0282806061347126e-05 1.0099407312133582e-05 9.980884310941156e-06 4.4040652022027853e-07
