8 0.362 -10 0.9950248756218906 1.0 0.9990049751243781 0.9970149253731343 0.9950248756218906 1.0
8 0.256 -10 0.9960159362549801 1.0 1.0 0.9970119521912351 0.9960159362549801 1.0
8 0.181 -10 0.9514747859181731 0.9990485252140818 0.9828734538534729 0.9600380589914367 0.9514747859181731 0.9990485252140818
8 0.128 -10 0.746268656716418 0.9067164179104478 0.8432835820895522 0.7738805970149254 0.746268656716418 0.8798507462686567
8 0.090496 -10 0.407000407000407 0.592999592999593 0.5238095238095238 0.4379324379324379 0.407000407000407 0.5466015466015466
8 0.064 -10 0.1657550140891762 0.2595723520636499 0.2290734294712415 0.18630863583623405 0.1657550140891762 0.22128294380905023
8 0.045249 -10 0.05465078150617554 0.09126680511531315 0.0813203628811892 0.06563558858891683 0.05465078150617554 0.06940649251284293
8 0.032 -10 0.01622086327434346 0.02596960210222388 0.023504030884523675 0.018945968304433163 0.01622086327434346 0.01630196759071518
8 0.022624 -10 0.005166303303334332 0.00696417685289468 0.006602535621661277 0.005734596666701109 0.005166303303334332 0.003048118948967256
8 0.016 -10 0.0016063095840461333 0.001974154478792698 0.001919539952935129 0.0017573026849464696 0.0016063095840461333 0.0006505553815386839
8 0.011312 -10 0.0005341021555828897 0.0006099446616756601 0.0006046036401198312 0.0005645459784511145 0.0005341021555828897 0.00013352553889572243
8 0.008 -10 0.00017944191411407552 0.00020294880486301944 0.00020061605997953645 0.0001862607068504104 0.00017944191411407552 3.822112770629809e-05
8 0.005656 -10 6.433835592853501e-05 7.353874082631552e-05 7.308837233481577e-05 6.665453674196228e-05 6.433835592853501e-05 1.2932009541635537e-05
8 0.004 -10 3.7889266270190856e-05 4.179186069602052e-05 4.171608216348013e-05 3.951850471980907e-05 3.7889266270190856e-05 5.380275810367102e-06
8 0.002828 -10 2.196193763411469e-05 2.349927326850272e-05 2.3345539705063915e-05 2.2357252511528756e-05 2.196193763411469e-05 2.0644221376067808e-06
8 0.002 -10 1.0241415983089702e-05 1.0733003950278007e-05 1.0671555454379469e-05 1.032334731095442e-05 1.0241415983089702e-05 6.452092069346512e-07
