8 0.362 -10 0.998003992015968 1.0 0.999001996007984 0.999001996007984 0.998003992015968 1.0
8 0.256 -10 0.9940357852882704 1.0 0.9990059642147118 0.9970178926441352 0.9940357852882704 1.0
8 0.181 -10 0.940733772342427 1.0 0.9840075258701787 0.9539040451552211 0.940733772342427 1.0
8 0.128 -10 0.7552870090634441 0.9441087613293051 0.8761329305135952 0.7960725075528701 0.7552870090634441 0.9380664652567976
8 0.090496 -10 0.4171881518564873 0.6737588652482269 0.57363370880267 0.4714226115978306 0.4171881518564873 0.657488527325824
8 0.064 -10 0.16809547823163556 0.34678097159186416 0.28290468986384265 0.20860648848545973 0.16809547823163556 0.33249285594217515
8 0.045249 -10 0.055778670236501564 0.1350401606425703 0.10536590807675145 0.07189870593485051 0.055778670236501564 0.1280120481927711
8 0.032 -10 0.016248537631613155 0.04206746392824646 0.03228584427401534 0.02224424801767841 0.016248537631613155 0.03849278564929157
8 0.022624 -10 0.004504849470454945 0.011239599428785087 0.008847524359973512 0.006171643774523275 0.004504849470454945 0.009892649437119058
8 0.016 -10 0.0011286133968667436 0.0027617169821329214 0.0021996675104932833 0.0015687726216447734 0.0011286133968667436 0.002279799061670822
8 0.011312 -10 0.0003172643186145956 0.0007116238666525378 0.0005720275664621158 0.0004219615437574121 0.0003172643186145956 0.0005469636852915628
8 0.008 -10 8.63670180249694e-05 0.00017938429643786144 0.00014181464359699976 0.00010795877253121174 8.63670180249694e-05 0.0001253185431542306
8 0.005656 -10 2.4348922593046303e-05 4.689602491420718e-05 3.813041278071051e-05 3.070399138983139e-05 2.4348922593046303e-05 3.0241361860563507e-05
8 0.004 -10 7.823959043765114e-06 1.3425913719100937e-05 1.1102197883102697e-05 8.934961227979761e-06 7.823959043765114e-06 7.878726757071471e-06
8 0.002828 -10 2.8063149922557212e-06 4.711802871997356e-06 3.7772999795762008e-06 3.2048117211560335e-06 2.8063149922557212e-06 2.486395083138569e-06
8 0.002 -10 8.977522363196735e-07 1.3645833992059036e-06 1.176953181815092e-06 9.920162211332392e-07 8.977522363196735e-07 6.499726190954436e-07
