6 0.362 -10 0.9970089730807578 0.9970089730807578 0.9970089730807578 0.9970089730807578 0.9970089730807578 0.0
6 0.256 -10 0.9881422924901185 0.9881422924901185 0.9881422924901185 0.9881422924901185 0.9881422924901185 0.0
6 0.181 -10 0.9569377990430622 0.9569377990430622 0.9569377990430622 0.9569377990430622 0.9569377990430622 0.0
6 0.128 -10 0.7293946024799417 0.7293946024799417 0.7293946024799417 0.7293946024799417 0.7293946024799417 0.0
6 0.090496 -10 0.43821209465381245 0.43821209465381245 0.43821209465381245 0.43821209465381245 0.43821209465381245 0.0
6 0.064 -10 0.23299161230195714 0.23299161230195714 0.23299161230195714 0.23299161230195714 0.23299161230195714 0.0
6 0.045249 -10 0.08981498113885396 0.08981498113885396 0.08981498113885396 0.08981498113885396 0.08981498113885396 0.0
6 0.032 -10 0.03439144340887987 0.03439144340887987 0.03439144340887987 0.03439144340887987 0.03439144340887987 0.0
6 0.022624 -10 0.01232027794547045 0.01232027794547045 0.01232027794547045 0.01232027794547045 0.01232027794547045 0.0
6 0.016 -10 0.004131958217638503 0.004131958217638503 0.004131958217638503 0.004131958217638503 0.004131958217638503 0.0
6 0.011312 -10 0.0012612249016244576 0.0012612249016244576 0.0012612249016244576 0.0012612249016244576 0.0012612249016244576 0.0
6 0.008 -10 0.0004717637595797528 0.0004717637595797528 0.0004717637595797528 0.0004717637595797528 0.0004717637595797528 0.0
6 0.005656 -10 0.0001579942815549734 0.0001579942815549734 0.0001579942815549734 0.0001579942815549734 0.0001579942815549734 0.0
6 0.004 -10 5.431605414723985e-05 5.431605414723985e-05 5.431605414723985e-05 5.431605414723985e-05 5.431605414723985e-05 0.0
6 0.002828 -10 2.0151144465106308e-05 2.0151144465106308e-05 2.0151144465106308e-05 2.0151144465106308e-05 2.0151144465106308e-05 0.0
6 0.002 -10 7.00226462340865e-06 7.00226462340865e-06 7.00226462340865e-06 7.00226462340865e-06 7.00226462340865e-06 0.0
