6 0.362 -10 0.9512485136741974 1.0 0.9785969084423306 0.9560047562425684 0.9512485136741974 1.0
6 0.256 -10 0.8898776418242491 1.0 0.9543937708565072 0.896551724137931 0.8898776418242491 0.9988876529477196
6 0.181 -10 0.7366482504604052 0.9705340699815838 0.8333333333333334 0.7541436464088398 0.7366482504604052 0.9677716390423573
6 0.128 -10 0.5365526492287056 0.7706237424547284 0.6492287055667337 0.5560026827632462 0.5365526492287056 0.7364185110663984
6 0.090496 -10 0.300187617260788 0.5305816135084428 0.4056285178236398 0.32833020637898686 0.300187617260788 0.5073170731707317
6 0.064 -10 0.14508523757707653 0.32861806311207836 0.21563293434893 0.16068190061661225 0.14508523757707653 0.319006166122597
6 0.045249 -10 0.06539687729910897 0.1843374478868634 0.10684214828741928 0.07438894792773645 0.06539687729910897 0.1791056977029347
6 0.032 -10 0.02445062501910205 0.08667746569271677 0.05207983129068737 0.033925242214004094 0.02445062501910205 0.08411015006571106
6 0.022624 -10 0.010105220609597433 0.04217666451930729 0.02814303939772885 0.01602940619197393 0.010105220609597433 0.0405471976960097
6 0.016 -10 0.0036885737207565266 0.019111422590669752 0.012956115194157299 0.006814639949097682 0.0036885737207565266 0.018161614857574948
6 0.011312 -10 0.001514629426977822 0.008224437788489573 0.0056836469247342775 0.0029705669636602536 0.001514629426977822 0.007745436232207838
6 0.008 -10 0.0005180988105098934 0.0028754483983299086 0.0020244711020674087 0.0009500636937725171 0.0005180988105098934 0.0026707993681785005
6 0.005656 -10 0.0002175511571546049 0.0010676323037362237 0.0007035060544487036 0.0003918640218247321 0.0002175511571546049 0.0009629358093555699
6 0.004 -10 6.623184905827831e-05 0.00033198714340462005 0.00023901418528906186 0.0001156573664180185 6.623184905827831e-05 0.00029771216151696105
6 0.002828 -10 2.455253767356726e-05 9.931501488957957e-05 6.475731811403365e-05 3.7289166591730274e-05 2.455253767356726e-05 8.55655937923819e-05
6 0.002 -10 1.2174364103668301e-05 6.607636117265971e-05 3.7177464381577076e-05 3.3555591060735755e-05 1.2174364103668301e-05 5.753908834496231e-05
