8 0.362 -10 1.0 1.0 1.0 1.0 1.0 0.0
8 0.256 -10 1.0 1.0 1.0 1.0 1.0 0.0
8 0.181 -10 0.998389694041868 0.998389694041868 0.998389694041868 0.998389694041868 0.998389694041868 0.0
8 0.128 -10 0.9200603318250377 0.9200603318250377 0.9200603318250377 0.9200603318250377 0.9200603318250377 0.0
8 0.090496 -10 0.6603245663122552 0.6603245663122552 0.6603245663122552 0.6603245663122552 0.6603245663122552 0.0
8 0.064 -10 0.3049095607235142 0.3049095607235142 0.3049095607235142 0.3049095607235142 0.3049095607235142 0.0
8 0.045249 -10 0.11444196880696779 0.11444196880696779 0.11444196880696779 0.11444196880696779 0.11444196880696779 0.0
8 0.032 -10 0.03315259488768397 0.03315259488768397 0.03315259488768397 0.03315259488768397 0.03315259488768397 0.0
8 0.022624 -10 0.008991280154717878 0.008991280154717878 0.008991280154717878 0.008991280154717878 0.008991280154717878 0.0
8 0.016 -10 0.0025097846083907307 0.0025097846083907307 0.0025097846083907307 0.0025097846083907307 0.0025097846083907307 0.0
8 0.011312 -10 0.000798935155106477 0.000798935155106477 0.000798935155106477 0.000798935155106477 0.000798935155106477 0.0
8 0.008 -10 0.00027583221205349987 0.00027583221205349987 0.00027583221205349987 0.00027583221205349987 0.00027583221205349987 0.0
8 0.005656 -10 0.00010935983486664935 0.00010935983486664935 0.00010935983486664935 0.00010935983486664935 0.00010935983486664935 0.0
8 0.004 -10 4.355912744272508e-05 4.355912744272508e-05 4.355912744272508e-05 4.355912744272508e-05 4.355912744272508e-05 0.0
8 0.002828 -10 1.8537322916198212e-05 1.8537322916198212e-05 1.8537322916198212e-05 1.8537322916198212e-05 1.8537322916198212e-05 0.0
8 0.002 -10 7.743270323761619e-06 7.743270323761619e-06 7.743270323761619e-06 7.743270323761619e-06 7.743270323761619e-06 0.0
