4 0.362 -10 0.9267840593141798 0.9981464318813716 0.9369786839666358 0.927710843373494 0.9267840593141798 0.9814643188137164
4 0.256 -10 0.8920606601248885 0.9937555753791257 0.8965209634255129 0.8920606601248885 0.8920606601248885 0.9812667261373773
4 0.181 -10 0.7530120481927711 0.9615963855421686 0.7658132530120482 0.7552710843373494 0.7530120481927711 0.9555722891566265
4 0.128 -10 0.5530973451327433 0.8871681415929203 0.5779867256637168 0.5530973451327433 0.5530973451327433 0.8832964601769911
4 0.090496 -10 0.36114120621162876 0.6074395088479595 0.39653304442036835 0.36114120621162876 0.36114120621162876 0.568075117370892
4 0.064 -10 0.23185717597959657 0.2849524692789242 0.27405518200788315 0.23185717597959657 0.23185717597959657 0.24553674936239275
4 0.045249 -10 0.1208313194780087 0.15623489608506524 0.14668922184630256 0.1208313194780087 0.1208313194780087 0.1404059932334461
4 0.032 -10 0.07083156254426973 0.08917693724323558 0.08641450630400907 0.07083156254426973 0.07083156254426973 0.08145629692591018
4 0.022624 -10 0.03930508607813851 0.05019259492178288 0.04987815423315777 0.04064145900479522 0.03930508607813851 0.046537221916516
4 0.016 -10 0.020406497428781326 0.026140723206268875 0.025385682801403967 0.02079422087992817 0.020406497428781326 0.024406170924822463
4 0.011312 -10 0.010717539252987515 0.01405069396066663 0.013482664380258292 0.01099619527356519 0.010717539252987515 0.013128985584909705
4 0.008 -10 0.0057281642379250295 0.007154477133168362 0.006965447713316837 0.005854183851159381 0.0057281642379250295 0.00683369993584456
4 0.005656 -10 0.0028750420474899447 0.0037548049140218678 0.0036570534844072096 0.0029382929725347232 0.0028750420474899447 0.0036311781059798
4 0.004 -10 0.001409101669503658 0.0018078774419731933 0.00176419529021858 0.0014443292112412494 0.001409101669503658 0.0017050130200994263
4 0.002828 -10 0.0007378407533058954 0.0009230387823856753 0.0008950008337600512 0.0007717814279579667 0.0007378407533058954 0.0008647493628745096
4 0.002 -10 0.000372202571994213 0.00047381387414863316 0.0004611589867008299 0.00037369138228218984 0.000372202571994213 0.000422822121785426
