8 0.362 -10 0.998003992015968 1.0 0.999001996007984 0.998003992015968 0.998003992015968 1.0
8 0.256 -10 0.9970089730807578 1.0 0.9990029910269193 0.9980059820538385 0.9970089730807578 1.0
8 0.181 -10 0.9633911368015414 1.0 0.9903660886319846 0.9749518304431599 0.9633911368015414 1.0
8 0.128 -10 0.7347538574577517 0.8978692138133725 0.8332108743570904 0.7575312270389419 0.7347538574577517 0.8684790595150624
8 0.090496 -10 0.40192926045016075 0.5779742765273312 0.5068327974276527 0.4344855305466238 0.40192926045016075 0.5337620578778135
8 0.064 -10 0.1656451880072884 0.2708298823919165 0.23604439291038595 0.1894980950803379 0.1656451880072884 0.23074374689415272
8 0.045249 -10 0.05550621669626998 0.09363898756660746 0.08370337477797514 0.06677397868561279 0.05550621669626998 0.0708259325044405
8 0.032 -10 0.016577699678392625 0.02564570140247339 0.02335797884685521 0.019246709326613837 0.016577699678392625 0.015682503895759425
8 0.022624 -10 0.005036311808136665 0.007010546036926238 0.006622750027699715 0.005736359149467662 0.005036311808136665 0.0034498735885736156
8 0.016 -10 0.00152723751750596 0.001873920433979813 0.0018281033084546342 0.001679961269256556 0.00152723751750596 0.0006246401446599377
8 0.011312 -10 0.0004999145146180003 0.0005858998111322964 0.0005769013498691724 0.0005334087870974063 0.0004999145146180003 0.0001364766624907141
8 0.008 -10 0.00018001677036232695 0.00020467906790196574 0.0002023388498872555 0.00018721744117682003 0.00018001677036232695 3.708345469463935e-05
8 0.005656 -10 6.689907404991607e-05 7.419107312135693e-05 7.36558805289576e-05 6.957503701191272e-05 6.689907404991607e-05 1.177423703278523e-05
8 0.004 -10 4.920279418731966e-05 5.2351773015308123e-05 5.2351773015308123e-05 5.0383661247815335e-05 4.920279418731966e-05 4.133034711734851e-06
8 0.002828 -10 2.131570416599238e-05 2.21043852201341e-05 2.2083069515968104e-05 2.159280832015028e-05 2.131570416599238e-05 1.3002579541255352e-06
8 0.002 -10 1.0520470394638835e-05 1.0962330151213667e-05 1.0962330151213667e-05 1.0794002624899445e-05 1.0520470394638835e-05 6.627896348622466e-07
