4 0.362 -10 0.9354536950420954 0.9971936389148737 0.9391955098222639 0.9354536950420954 0.9354536950420954 0.9794200187090739
4 0.256 -10 0.8726003490401396 0.9921465968586387 0.8804537521815009 0.8726003490401396 0.8726003490401396 0.987783595113438
4 0.181 -10 0.7183908045977011 0.951867816091954 0.7298850574712644 0.7183908045977011 0.7183908045977011 0.9418103448275862
4 0.128 -10 0.5341880341880342 0.7553418803418803 0.5454059829059829 0.5341880341880342 0.5341880341880342 0.6805555555555556
4 0.090496 -10 0.3779289493575208 0.4482237339380197 0.390400604686319 0.3779289493575208 0.3779289493575208 0.3673469387755102
4 0.064 -10 0.22016732716864817 0.46411272567151035 0.2294143549097314 0.22016732716864817 0.22016732716864817 0.4482606781153677
4 0.045249 -10 0.13655605626109518 0.34466748600300423 0.33565478628977197 0.13655605626109518 0.13655605626109518 0.3364741226273385
4 0.032 -10 0.07926442612555486 0.2442136968928345 0.2382688649334179 0.07926442612555486 0.07926442612555486 0.20022194039315155
4 0.022624 -10 0.03831270832535152 0.04823569978161756 0.045592122907168305 0.03831270832535152 0.03831270832535152 0.04563043561549366
4 0.016 -10 0.01999000499750125 0.026426786606696652 0.021189405297351326 0.01999000499750125 0.01999000499750125 0.025387306346826587
4 0.011312 -10 0.010296010296010296 0.013765765765765766 0.011016731016731016 0.010296010296010296 0.010296010296010296 0.013415701415701416
4 0.008 -10 0.0053190074732055 0.00691470971516715 0.005627509906651419 0.0053190074732055 0.0053190074732055 0.006787053535810218
4 0.005656 -10 0.0026283419367726063 0.00308567343377104 0.0028491226594615053 0.0026283419367726063 0.0026283419367726063 0.00166374044597706
4 0.004 -10 0.0016184581919879847 0.0018320946733303984 0.0017090918507393117 0.0016184581919879847 0.0016184581919879847 0.0008755858818654997
4 0.002828 -10 0.0007861493070486933 0.0008883487169650234 0.0008278152203222741 0.0007861493070486933 0.0007861493070486933 0.0004017222959018823
4 0.002 -10 0.00040739337496893625 0.0004570953667151465 0.00042694825696744517 0.00040739337496893625 0.00040739337496893625 0.00021388152185869154
