6 0.362 -10 0.9937888198757764 1.0 0.9975155279503105 0.9950310559006211 0.9937888198757764 1.0
6 0.256 -10 0.9925558312655087 1.0 1.0 0.9937965260545906 0.9925558312655087 1.0
6 0.181 -10 0.9422850412249706 0.9858657243816255 0.9599528857479388 0.944640753828033 0.9422850412249706 0.9729093050647821
6 0.128 -10 0.746268656716418 0.8414179104477612 0.7798507462686567 0.75 0.746268656716418 0.7360074626865671
6 0.090496 -10 0.4317323259579061 0.5326497571505666 0.47922288181327577 0.44036697247706424 0.4317323259579061 0.3696708041014571
6 0.064 -10 0.20909566126502874 0.26136957658128596 0.23836905384213278 0.2158912702561422 0.20909566126502874 0.17015159435441715
6 0.045249 -10 0.07948335817188276 0.10094386487829111 0.09100844510680577 0.08266269249875807 0.07948335817188276 0.052260307998012914
6 0.032 -10 0.029143897996357013 0.03843351548269581 0.0345719489981785 0.03056466302367942 0.029143897996357013 0.018579234972677595
6 0.022624 -10 0.01030728596276493 0.013064484957804549 0.011930683501900406 0.010848418475810088 0.01030728596276493 0.004960381369580622
6 0.016 -10 0.0036191398209430574 0.004469637678864676 0.004080580148113297 0.0037231900907951703 0.0036191398209430574 0.0014295602292725077
6 0.011312 -10 0.0012850538598198997 0.0015179698719122565 0.0014071339765027902 0.001333243379563146 0.0012850538598198997 0.0004047919658432684
6 0.008 -10 0.0004137013758673508 0.0004892018769631423 0.0004530030065747491 0.0004230096568243662 0.0004137013758673508 0.00011428500508335566
6 0.005656 -10 0.0001461435725417418 0.0001717186977365466 0.00015947917353617574 0.00014979716185528535 0.0001461435725417418 3.5074457410018035e-05
6 0.004 -10 5.7145551147411234e-05 6.328869789575794e-05 6.107430778879576e-05 5.828846217035946e-05 5.7145551147411234e-05 1.0143335328665494e-05
6 0.002828 -10 1.942930308061315e-05 2.1930825852242093e-05 2.0910787440509904e-05 1.976931588452388e-05 1.942930308061315e-05 3.5215611833611335e-06
6 0.002 -10 6.46030247895292e-06 7.259764910723344e-06 6.9205990305783155e-06 6.5652823942359045e-06 6.46030247895292e-06 1.0497991528298496e-06
