8 0.362 -10 0.9960159362549801 1.0 1.0 0.99800796812749 0.9960159362549801 1.0
8 0.256 -10 0.9970089730807578 1.0 1.0 0.9980059820538385 0.9970089730807578 1.0
8 0.181 -10 0.9765625 0.9990234375 0.9873046875 0.9794921875 0.9765625 0.9990234375
8 0.128 -10 0.7457121551081283 0.8844146159582401 0.8150633855331841 0.7658463832960477 0.7457121551081283 0.8635346756152126
8 0.090496 -10 0.3861003861003861 0.525096525096525 0.4548262548262548 0.4046332046332046 0.3861003861003861 0.4548262548262548
8 0.064 -10 0.12168410805548795 0.17644195668045753 0.15113166220491603 0.12971525918715016 0.12168410805548795 0.13154052080798248
8 0.045249 -10 0.03269897325223988 0.045516970767117915 0.04002354326074161 0.03495520240664443 0.03269897325223988 0.027303642665620298
8 0.032 -10 0.008226864001711187 0.01039052923416123 0.009584296561993534 0.008745156433818993 0.008226864001711187 0.004393145376913774
8 0.022624 -10 0.001991329750267336 0.002294011872307971 0.002176523417042198 0.002084922248529901 0.001991329750267336 0.0005894336060791314
8 0.016 -10 0.0006167037922349592 0.0006783741714584551 0.000651239204600117 0.0006395218325476527 0.0006167037922349592 0.00011655701673240729
8 0.011312 -10 0.0001991533989012707 0.00021289498342545838 0.00020632292126171643 0.0002033356202781974 0.0001991533989012707 2.4695021463757566e-05
8 0.008 -10 6.530790095638849e-05 6.883452760803347e-05 6.687529057934182e-05 6.64181352726471e-05 6.530790095638849e-05 6.661405897551627e-06
8 0.005656 -10 2.195378837316391e-05 2.2788032331344137e-05 2.2546540659239334e-05 2.2502633082493007e-05 2.195378837316391e-05 1.4709038210019818e-06
8 0.004 -10 7.276987830023769e-06 7.5535133675646725e-06 7.524405416244577e-06 7.502574452754506e-06 7.276987830023769e-06 4.3661926980142615e-07
8 0.002828 -10 2.479901846278493e-06 2.571658214590797e-06 2.5691783127445187e-06 2.5443792942817335e-06 2.479901846278493e-06 1.2895489600648163e-07
8 0.002 -10 9.65127694409356e-07 9.940815252416366e-07 9.902210144639992e-07 9.853953759919524e-07 9.65127694409356e-07 3.957023547078359e-08
