6 0.362 -10 0.9900990099009901 1.0 0.997029702970297 0.9930693069306931 0.9900990099009901 1.0
6 0.256 -10 0.970873786407767 1.0 0.9883495145631068 0.9757281553398058 0.970873786407767 1.0
6 0.181 -10 0.8718395815170009 0.981691368788143 0.9285091543156059 0.8840453356582388 0.8718395815170009 0.972972972972973
6 0.128 -10 0.6430868167202572 0.8340836012861736 0.7305466237942122 0.6668810289389068 0.6430868167202572 0.8160771704180064
6 0.090496 -10 0.4035512510088781 0.5621468926553672 0.4838579499596449 0.423728813559322 0.4035512510088781 0.516545601291364
6 0.064 -10 0.21026072329688814 0.31139613120269133 0.25504625735912534 0.2230866274179983 0.21026072329688814 0.28280067283431454
6 0.045249 -10 0.087527352297593 0.1438074398249453 0.11588621444201314 0.0975054704595186 0.087527352297593 0.1261269146608315
6 0.032 -10 0.03753190211679928 0.06016363909322924 0.05096832307461342 0.0418480708602312 0.03753190211679928 0.046727218135415104
6 0.022624 -10 0.0152494815176284 0.024155178723923386 0.02089178967915091 0.017125167744296694 0.0152494815176284 0.017216664633402465
6 0.016 -10 0.007113741614677072 0.009973465743777254 0.00896331443449311 0.007732637135153977 0.007113741614677072 0.005257055053246356
6 0.011312 -10 0.0029320354189878613 0.0038409663988740986 0.003533102679880373 0.0031226177212220724 0.0029320354189878613 0.0014777458511698821
6 0.008 -10 0.0012446805465143344 0.0015446485582242889 0.0014400953923170848 0.0012982018100144508 0.0012446805465143344 0.0004592871216637894
6 0.005656 -10 0.0006277657002632222 0.0007062364127961249 0.0006773591905840167 0.000641576545669013 0.0006277657002632222 0.00013183079705527664
6 0.004 -10 0.0002198596108440916 0.0002462427641453826 0.00023832781815499531 0.0002284341356670112 0.0002198596108440916 3.803571267602785e-05
6 0.002828 -10 0.00012368267132801918 0.00013209309297832449 0.00012986680489442015 0.0001256615940692675 0.00012368267132801918 1.954186206982703e-05
6 0.002 -10 8.373932951593643e-05 8.583281275383484e-05 8.541411610625516e-05 8.457672281109579e-05 8.373932951593643e-05 4.186966475796821e-06
