6 0.362 -10 0.9881422924901185 1.0 0.9960474308300395 0.991106719367589 0.9881422924901185 1.0
6 0.256 -10 0.970873786407767 1.0 0.9864077669902913 0.974757281553398 0.970873786407767 1.0
6 0.181 -10 0.8756567425569177 0.9842381786339754 0.9273204903677759 0.8896672504378283 0.8756567425569177 0.9728546409807356
6 0.128 -10 0.6468305304010349 0.8260025873221216 0.7399741267787839 0.6720569210866753 0.6468305304010349 0.7981888745148771
6 0.090496 -10 0.42122999157540014 0.5720303285593934 0.4928390901432182 0.43934288121314236 0.42122999157540014 0.531592249368155
6 0.064 -10 0.20716801325875284 0.3078516677025067 0.25108763206960844 0.21980526206753678 0.20716801325875284 0.27263310544851876
6 0.045249 -10 0.09095043201455207 0.14633924511141427 0.11978171896316507 0.10086402910413825 0.09095043201455207 0.12778535698044566
6 0.032 -10 0.040186465198521135 0.06285163157048707 0.05296576113165086 0.04344156887960135 0.040186465198521135 0.05051438675454107
6 0.022624 -10 0.015731927947769998 0.02534413592385747 0.021537009360497128 0.017242193030755918 0.015731927947769998 0.01936600330370487
6 0.016 -10 0.00638949056591718 0.009622572792271272 0.008613033282856357 0.007092334528168069 0.00638949056591718 0.00614030043384641
6 0.011312 -10 0.0021468902295025656 0.0033448549775649972 0.0030034994310740894 0.0024581893127804373 0.0021468902295025656 0.0018720882801262371
6 0.008 -10 0.0007935147625486424 0.001187098084772769 0.0010760060180159592 0.0008760402978537013 0.0007935147625486424 0.0005864074095234468
6 0.005656 -10 0.00026504803598080095 0.00039412642950345105 0.0003525138878544653 0.0002939382719027083 0.00026504803598080095 0.0001868588653664647
6 0.004 -10 0.00011181633674697427 0.00015285293233311385 0.0001413358496481755 0.00012232707240118987 0.00011181633674697427 5.5237270353005296e-05
6 0.002828 -10 3.5061627296374426e-05 4.659690267688161e-05 4.354654110209704e-05 3.856779002601187e-05 3.5061627296374426e-05 1.5392054383108373e-05
6 0.002 -10 1.2748687044592995e-05 1.5872115370518277e-05 1.4992455964441363e-05 1.3590100389536133e-05 1.2748687044592995e-05 4.347302282206211e-06
