4 0.362 -10 0.9324009324009324 0.9988344988344988 0.9463869463869464 0.9324009324009324 0.9324009324009324 0.9836829836829837
4 0.256 -10 0.8676789587852495 0.9859002169197397 0.8926247288503254 0.8676789587852495 0.8676789587852495 0.96529284164859
4 0.181 -10 0.718132854578097 0.8052064631956912 0.7342908438061041 0.718132854578097 0.718132854578097 0.6490125673249552
4 0.128 -10 0.5218525766470972 0.6027397260273972 0.5309849967384214 0.5218525766470972 0.5218525766470972 0.49706457925636005
4 0.090496 -10 0.35762181493071077 0.4304872597228431 0.3620920876173447 0.35762181493071077 0.35762181493071077 0.3723737147966026
4 0.064 -10 0.21586616297895306 0.26848354020507287 0.2199136535348084 0.21586616297895306 0.21586616297895306 0.23097679438747976
4 0.045249 -10 0.13852813852813853 0.16380952380952382 0.13956709956709956 0.13852813852813853 0.13852813852813853 0.12744588744588745
4 0.032 -10 0.07183908045977011 0.08432112068965517 0.07282686781609195 0.07183908045977011 0.07183908045977011 0.05387931034482758
4 0.022624 -10 0.040666937779585195 0.04691947946319642 0.0434119560797072 0.040666937779585195 0.040666937779585195 0.029331028873525823
4 0.016 -10 0.02125624402168137 0.02404612604952705 0.022531618662982252 0.02125624402168137 0.02125624402168137 0.011717504516951855
4 0.011312 -10 0.010496070533593986 0.011676878468623308 0.010929033443104738 0.010496070533593986 0.010496070533593986 0.004946273238956166
4 0.008 -10 0.005758875867430678 0.00626997610066515 0.005924443548619309 0.005758875867430678 0.005758875867430678 0.002094791096777909
4 0.005656 -10 0.002840384588073225 0.0029895047789470696 0.002893641799099598 0.002840384588073225 0.002840384588073225 0.0006319855708462926
4 0.004 -10 0.0013609284253717885 0.0014204690439818045 0.0013864458333475097 0.0013609284253717885 0.0013609284253717885 0.00026708220347921354
4 0.002828 -10 0.0007298537555537309 0.0007590479057758802 0.0007408015618870369 0.0007298537555537309 0.0007298537555537309 0.0001258997728330186
4 0.002 -10 0.0003549212718071393 0.00037577289652580874 0.0003633506520125589 0.0003549212718071393 0.0003549212718071393 7.852633138732958e-05
