8 0.362 -10 0.9378663540445487 1.0 0.9835873388042204 0.9472450175849941 0.9378663540445487 1.0
8 0.256 -10 0.9269988412514485 1.0 0.9779837775202781 0.9316338354577057 0.9269988412514485 1.0
8 0.181 -10 0.8048289738430584 0.9859154929577465 0.89738430583501 0.8259557344064387 0.8048289738430584 0.9859154929577465
8 0.128 -10 0.5513439007580979 0.8215024121295658 0.6974500344589938 0.5837353549276361 0.5513439007580979 0.8104755341144039
8 0.090496 -10 0.2936857562408223 0.5521292217327459 0.4390602055800294 0.32709251101321585 0.2936857562408223 0.5400146842878121
8 0.064 -10 0.1245136186770428 0.29198443579766536 0.2219455252918288 0.15315175097276265 0.1245136186770428 0.28544747081712063
8 0.045249 -10 0.044961501714157255 0.12802787613106278 0.09795987185972012 0.06109144045411117 0.044961501714157255 0.12409374473107401
8 0.032 -10 0.013908689453736222 0.0470287562154456 0.03499773983796377 0.020445773496992246 0.013908689453736222 0.04548141451371745
8 0.022624 -10 0.00436700292589196 0.015721210533211058 0.011900082973055592 0.007352941176470588 0.00436700292589196 0.015033407572383074
8 0.016 -10 0.0013606668628294728 0.005005553221633922 0.004013967245346944 0.002287621163132051 0.0013606668628294728 0.004685796508868996
8 0.011312 -10 0.00042514611740622607 0.0015507204632392096 0.0012339866057715712 0.0007881146151417916 0.00042514611740622607 0.0014311481177187084
8 0.008 -10 0.00011361143044601718 0.0004584221218496793 0.0003618524059705647 0.0002189860321846981 0.00011361143044601718 0.00042235049268306887
8 0.005656 -10 3.8549789679575595e-05 0.00014123679193854508 0.000116083054172622 7.700320488495225e-05 3.8549789679575595e-05 0.00012764799107649468
8 0.004 -10 1.252788276056532e-05 4.2829699187682685e-05 3.672235634190709e-05 2.3771657538172694e-05 1.252788276056532e-05 3.681631546261133e-05
8 0.002828 -10 4.196727123598482e-06 1.4798709019589147e-05 1.2647886368744926e-05 8.094437439640572e-06 4.196727123598482e-06 1.2674115913267416e-05
8 0.002 -10 1.2957239606259548e-06 4.458910079504067e-06 3.961676009613857e-06 2.6513751544308603e-06 1.2957239606259548e-06 3.822385683846567e-06
