4 0.362 -10 0.9398496240601504 0.9990601503759399 0.9539473684210527 0.9398496240601504 0.9398496240601504 0.9783834586466166
4 0.256 -10 0.8741258741258742 0.9921328671328671 0.8933566433566433 0.8741258741258742 0.8741258741258742 0.9825174825174825
4 0.181 -10 0.746268656716418 0.8194029850746268 0.7634328358208955 0.746268656716418 0.746268656716418 0.6522388059701493
4 0.128 -10 0.5467468562055768 0.640787315472936 0.5598687807545106 0.5467468562055768 0.5467468562055768 0.5287042099507928
4 0.090496 -10 0.3505082369435682 0.416403785488959 0.357167893445496 0.3505082369435682 0.3505082369435682 0.36102348405187523
4 0.064 -10 0.23674242424242425 0.2864583333333333 0.23958333333333334 0.23674242424242425 0.23674242424242425 0.24786931818181818
4 0.045249 -10 0.13417415805715818 0.16288742788139005 0.13658929290218705 0.13417415805715818 0.13417415805715818 0.1280021467865289
4 0.032 -10 0.07020992768377449 0.08221582531769993 0.07070139717756091 0.07020992768377449 0.07020992768377449 0.05630836200238714
4 0.022624 -10 0.040094623311013995 0.046670141534020285 0.04229982759311976 0.040094623311013995 0.040094623311013995 0.02934926426366224
4 0.016 -10 0.01916002452483139 0.022742949110974863 0.02040542611894543 0.01916002452483139 0.01916002452483139 0.014005977927651748
4 0.011312 -10 0.01040820999604488 0.012083931805408106 0.010918212285851079 0.01040820999604488 0.01040820999604488 0.006744520077437082
4 0.008 -10 0.005781650198599685 0.006556391325212042 0.005995571255947873 0.005781650198599685 0.005781650198599685 0.0031741259590312267
4 0.005656 -10 0.0031458313016506177 0.0035327685517536436 0.003215039590286931 0.0031458313016506177 0.0031458313016506177 0.0015162906873955977
4 0.004 -10 0.0016882367042918354 0.0018671897949467699 0.0017253779117862558 0.0016882367042918354 0.0016882367042918354 0.0006989299955768198
4 0.002828 -10 0.0009649156663707592 0.0010478984136786445 0.0009832490640318036 0.0009649156663707592 0.0009649156663707592 0.0003222818325678336
4 0.002 -10 0.0005568958181579223 0.0005953216296108189 0.0005641354637939752 0.0005568958181579223 0.0005568958181579223 0.0001347687879942172
