7 0.181 -10 1.0 1.0 1.0 1.0 1.0 0.0 nan 0.0
7 0.128 -10 1.0 1.0 1.0 1.0 1.0 0.0 nan 0.0
7 0.090496 -10 1.0 1.0 1.0 1.0 1.0 0.0 nan 0.0
7 0.064 -10 0.9718172983479106 0.9718172983479106 0.9718172983479106 0.9718172983479106 0.9718172983479106 0.0 nan 0.001
7 0.045249 -10 0.7507507507507507 0.7507507507507507 0.7507507507507507 0.7507507507507507 0.7507507507507507 0.0 nan 0.006
7 0.032 -10 0.3875968992248062 0.3875968992248062 0.3875968992248062 0.3875968992248062 0.3875968992248062 0.0 10.238601399999999 0.006999999999999999
7 0.022624 -10 0.1694628029147602 0.1694628029147602 0.1694628029147602 0.1694628029147602 0.1694628029147602 0.0 7.5857365 0.009000000000000001
7 0.016 -10 0.06782880010852609 0.06782880010852609 0.06782880010852609 0.06782880010852609 0.06782880010852609 0.0 5.397887600000002 0.009999999999999998
7 0.011312 -10 0.027099536597924176 0.027099536597924176 0.027099536597924176 0.027099536597924176 0.027099536597924176 0.0 4.217439399999999 0.009
7 0.008 -10 0.011163081457005392 0.011163081457005392 0.011163081457005392 0.011163081457005392 0.011163081457005392 0.0 3.521021099999999 0.009
7 0.005656 -10 0.004452815738031944 0.004452815738031944 0.004452815738031944 0.004452815738031944 0.004452815738031944 0.0 3.1056943000000006 0.004
7 0.004 -10 0.0015441821393717033 0.0015441821393717033 0.0015441821393717033 0.0015441821393717033 0.0015441821393717033 0.0 2.8352577999999995 0.014000000000000004
