3 0.181 -10 0.7390983000739099 1.0 0.9896526237989652 0.9127864005912787 0.7390983000739099 1.0 nan 0.0
3 0.128 -10 0.6535947712418301 0.9816993464052287 0.8516339869281045 0.7137254901960784 0.6535947712418301 0.9666666666666667 nan 0.023000000000000007
3 0.090496 -10 0.5053057099545225 0.8499242041435068 0.6220313289540171 0.5189489641232946 0.5053057099545225 0.7660434562910561 nan 0.16599999999999984
3 0.064 -10 0.3163555836760519 0.5868396077190763 0.39101550142360014 0.32173362859854476 0.3163555836760519 0.48623853211009177 3.3098305 0.318
3 0.045249 -10 0.1865671641791045 0.35615671641791047 0.23115671641791044 0.18955223880597014 0.1865671641791045 0.2701492537313433 2.8403126999999997 0.46099999999999997
3 0.032 -10 0.10369141435089174 0.20313148071339693 0.13023641642472003 0.1043135628369971 0.10369141435089174 0.14091663210286187 2.7634579999999995 0.6000000000000001
3 0.022624 -10 0.05178395733001916 0.09533426544456527 0.06421210708922376 0.05183574128734918 0.05178395733001916 0.05861943969758169 2.5528075999999986 0.7090000000000002
3 0.016 -10 0.025564986194907456 0.04399734124143573 0.0308569383372533 0.025641681153492177 0.025564986194907456 0.023315267409755598 2.4308300000000007 0.8089999999999999
3 0.011312 -10 0.012710841076354023 0.021265237120740278 0.014858973218257852 0.012710841076354023 0.012710841076354023 0.010448311364763006 2.3174975000000004 0.8510000000000002
3 0.008 -10 0.006723909549968734 0.010052244777203257 0.007456815690915326 0.006723909549968734 0.006723909549968734 0.004000726182231396 2.2615743 0.9000000000000002
3 0.005656 -10 0.0032380064242047454 0.004876437674852347 0.003655709252927158 0.0032380064242047454 0.0032380064242047454 0.0019492798673712568 2.2371762 0.904
3 0.004 -10 0.0016603242281152664 0.002405809806539021 0.0018280169751549082 0.0016619845523433816 0.0016603242281152664 0.000866689247076169 2.2079031999999996 0.9270000000000006
