5 0.181 -10 0.7501875468867217 1.0 1.0 0.9902475618904726 0.7501875468867217 1.0 nan 0.0
5 0.128 -10 0.7230657989877078 1.0 0.9992769342010123 0.9595083152566883 0.7230657989877078 1.0 nan 0.0
5 0.090496 -10 0.6501950585175552 0.9934980494148244 0.9733420026007802 0.8485045513654096 0.6501950585175552 0.9934980494148244 nan 0.0
5 0.064 -10 0.4355400696864111 0.9207317073170732 0.8427700348432056 0.5936411149825784 0.4355400696864111 0.9176829268292683 nan 0.006999999999999999
5 0.045249 -10 0.209819555182543 0.6884179605539237 0.5608476710029374 0.29605539236256817 0.209819555182543 0.6840117498950902 6.303231399999999 0.021000000000000005
5 0.032 -10 0.09582215408202377 0.40647757761594483 0.3138175546186278 0.12849750862399387 0.09582215408202377 0.4013031812955155 5.7423356000000005 0.05400000000000001
5 0.022624 -10 0.04049894702737729 0.19718937307630002 0.15089907662400778 0.05390409849343917 0.04049894702737729 0.19139802365138506 5.511760899999998 0.1429999999999999
5 0.016 -10 0.015226262257141117 0.08643949083379013 0.06483342469090687 0.020677264145197636 0.015226262257141117 0.08310493939947622 4.682002100000002 0.21900000000000003
5 0.011312 -10 0.006662047646964771 0.035581996482438843 0.025449022011405427 0.008494110749880083 0.006662047646964771 0.03330357618717689 4.066434799999999 0.34199999999999986
5 0.008 -10 0.0028886539450346926 0.014212177409570688 0.009919637647249135 0.0037379182048748925 0.0028886539450346926 0.012857398709349417 3.690124200000001 0.469
5 0.005656 -10 0.0014429473064502631 0.006066150476316906 0.0042999829732217835 0.0017618386611757712 0.0014429473064502631 0.0052667576685434606 3.425545699999999 0.5540000000000002
5 0.004 -10 0.000801916259092728 0.002902936857915675 0.0020825765248638148 0.0009863569986840555 0.000801916259092728 0.002379285540728124 3.2444984000000003 0.6530000000000002
