7 0.181 -10 1.0 1.0 1.0 1.0 1.0 0.0 nan 0.0
7 0.128 -10 1.0 1.0 1.0 1.0 1.0 0.0 nan 0.0
7 0.090496 -10 1.0 1.0 1.0 1.0 1.0 0.0 nan 0.0
7 0.064 -10 0.9940357852882704 0.9940357852882704 0.9940357852882704 0.9940357852882704 0.9940357852882704 0.0 nan 0.001
7 0.045249 -10 0.8795074758135444 0.8795074758135444 0.8795074758135444 0.8795074758135444 0.8795074758135444 0.0 nan 0.0
7 0.032 -10 0.5991611743559018 0.5991611743559018 0.5991611743559018 0.5991611743559018 0.5991611743559018 0.0 41.60249400000001 0.0030000000000000005
7 0.022624 -10 0.31338138514572234 0.31338138514572234 0.31338138514572234 0.31338138514572234 0.31338138514572234 0.0 35.20950400000002 0.002
7 0.016 -10 0.16396130513198884 0.16396130513198884 0.16396130513198884 0.16396130513198884 0.16396130513198884 0.0 28.952060000000007 0.006
7 0.011312 -10 0.08036001285760205 0.08036001285760205 0.08036001285760205 0.08036001285760205 0.08036001285760205 0.0 27.634372000000006 0.002
7 0.008 -10 0.04104079454978248 0.04104079454978248 0.04104079454978248 0.04104079454978248 0.04104079454978248 0.0 21.179164 0.002
7 0.005656 -10 0.02050020500205002 0.02050020500205002 0.02050020500205002 0.02050020500205002 0.02050020500205002 0.0 17.566122 0.0
7 0.004 -10 0.011121491169536011 0.011121491169536011 0.011121491169536011 0.011121491169536011 0.011121491169536011 0.0 16.198866999999996 0.0
