5 0.181 -10 1.0 1.0 1.0 1.0 1.0 0.0 nan 0.0
5 0.128 -10 1.0 1.0 1.0 1.0 1.0 0.0 nan 0.0
5 0.090496 -10 1.0 1.0 1.0 1.0 1.0 0.0 nan 0.0
5 0.064 -10 0.975609756097561 0.975609756097561 0.975609756097561 0.975609756097561 0.975609756097561 0.0 nan 0.001
5 0.045249 -10 0.7880220646178093 0.7880220646178093 0.7880220646178093 0.7880220646178093 0.7880220646178093 0.0 nan 0.008
5 0.032 -10 0.42105263157894735 0.42105263157894735 0.42105263157894735 0.42105263157894735 0.42105263157894735 0.0 5.908385699999999 0.021000000000000005
5 0.022624 -10 0.17571604287471446 0.17571604287471446 0.17571604287471446 0.17571604287471446 0.17571604287471446 0.0 4.845383600000002 0.021000000000000005
5 0.016 -10 0.06780580417683754 0.06780580417683754 0.06780580417683754 0.06780580417683754 0.06780580417683754 0.0 3.9070497999999994 0.02600000000000001
5 0.011312 -10 0.02474573754670758 0.02474573754670758 0.02474573754670758 0.02474573754670758 0.02474573754670758 0.0 3.2025508 0.02500000000000001
5 0.008 -10 0.009264406151565685 0.009264406151565685 0.009264406151565685 0.009264406151565685 0.009264406151565685 0.0 2.7350849999999984 0.02500000000000001
5 0.005656 -10 0.00409180370799252 0.00409180370799252 0.00409180370799252 0.00409180370799252 0.00409180370799252 0.0 2.469722700000002 0.021000000000000008
5 0.004 -10 0.0017557227783961823 0.0017557227783961823 0.0017557227783961823 0.0017557227783961823 0.0017557227783961823 0.0 2.3126853000000005 0.021000000000000005
