5 0.181 -10 1.0 1.0 1.0 1.0 1.0 0.0 nan 0.0
5 0.128 -10 1.0 1.0 1.0 1.0 1.0 0.0 nan 0.0
5 0.090496 -10 0.999000999000999 0.999000999000999 0.999000999000999 0.999000999000999 0.999000999000999 0.0 nan 0.0
5 0.064 -10 0.9852216748768473 0.9852216748768473 0.9852216748768473 0.9852216748768473 0.9852216748768473 0.0 nan 0.002
5 0.045249 -10 0.819000819000819 0.819000819000819 0.819000819000819 0.819000819000819 0.819000819000819 0.0 nan 0.01
5 0.032 -10 0.5685048322910745 0.5685048322910745 0.5685048322910745 0.5685048322910745 0.5685048322910745 0.0 12.545732399999999 0.014000000000000002
5 0.022624 -10 0.31725888324873097 0.31725888324873097 0.31725888324873097 0.31725888324873097 0.31725888324873097 0.0 8.786258999999998 0.021000000000000005
5 0.016 -10 0.1820498816675769 0.1820498816675769 0.1820498816675769 0.1820498816675769 0.1820498816675769 0.0 6.413541000000001 0.013000000000000001
5 0.011312 -10 0.09530162965786715 0.09530162965786715 0.09530162965786715 0.09530162965786715 0.09530162965786715 0.0 4.9221389 0.0030000000000000005
5 0.008 -10 0.04887585532746823 0.04887585532746823 0.04887585532746823 0.04887585532746823 0.04887585532746823 0.0 3.984824099999999 0.005
5 0.005656 -10 0.024846572415335305 0.024846572415335305 0.024846572415335305 0.024846572415335305 0.024846572415335305 0.0 3.3841753 0.006999999999999999
5 0.004 -10 0.012558711978499485 0.012558711978499485 0.012558711978499485 0.012558711978499485 0.012558711978499485 0.0 3.0405435 0.002
