7 0.181 -10 1.0 1.0 1.0 1.0 1.0 0.0 nan 0.0
7 0.128 -10 1.0 1.0 1.0 1.0 1.0 0.0 nan 0.0
7 0.090496 -10 1.0 1.0 1.0 1.0 1.0 0.0 nan 0.0
7 0.064 -10 0.9900990099009901 0.9900990099009901 0.9900990099009901 0.9900990099009901 0.9900990099009901 0.0 nan 0.001
7 0.045249 -10 0.9267840593141798 0.9267840593141798 0.9267840593141798 0.9267840593141798 0.9267840593141798 0.0 nan 0.001
7 0.032 -10 0.8 0.8 0.8 0.8 0.8 0.0 nan 0.0
7 0.022624 -10 0.6097560975609756 0.6097560975609756 0.6097560975609756 0.6097560975609756 0.6097560975609756 0.0 nan 0.001
7 0.016 -10 0.4086636697997548 0.4086636697997548 0.4086636697997548 0.4086636697997548 0.4086636697997548 0.0 28.567784000000007 0.0
7 0.011312 -10 0.26246719160104987 0.26246719160104987 0.26246719160104987 0.26246719160104987 0.26246719160104987 0.0 23.025875000000006 0.0
7 0.008 -10 0.15617679212868968 0.15617679212868968 0.15617679212868968 0.15617679212868968 0.15617679212868968 0.0 21.008504 0.0
7 0.005656 -10 0.09919650828290844 0.09919650828290844 0.09919650828290844 0.09919650828290844 0.09919650828290844 0.0 14.358205000000003 0.0
7 0.004 -10 0.07198387561186294 0.07198387561186294 0.07198387561186294 0.07198387561186294 0.07198387561186294 0.0 15.643286000000003 0.0
