3 0.181 -10 1.0 1.0 1.0 1.0 1.0 0.0 nan 0.0
3 0.128 -10 0.9970089730807578 0.9970089730807578 0.9970089730807578 0.9970089730807578 0.9970089730807578 0.0 nan 0.002
3 0.090496 -10 0.8833922261484098 0.8833922261484098 0.8833922261484098 0.8833922261484098 0.8833922261484098 0.0 nan 0.049
3 0.064 -10 0.6715916722632639 0.6715916722632639 0.6715916722632639 0.6715916722632639 0.6715916722632639 0.0 nan 0.1329999999999999
3 0.045249 -10 0.4166666666666667 0.4166666666666667 0.4166666666666667 0.4166666666666667 0.4166666666666667 0.0 9.025217800000002 0.19000000000000003
3 0.032 -10 0.2353494939985879 0.2353494939985879 0.2353494939985879 0.2353494939985879 0.2353494939985879 0.0 7.641336100000002 0.26700000000000007
3 0.022624 -10 0.13598041881968997 0.13598041881968997 0.13598041881968997 0.13598041881968997 0.13598041881968997 0.0 7.116394399999999 0.319
3 0.016 -10 0.06764984440535787 0.06764984440535787 0.06764984440535787 0.06764984440535787 0.06764984440535787 0.0 6.0025802 0.3390000000000001
3 0.011312 -10 0.033859280828875196 0.033859280828875196 0.033859280828875196 0.033859280828875196 0.033859280828875196 0.0 5.3923165000000015 0.3269999999999999
3 0.008 -10 0.01640070195004346 0.01640070195004346 0.01640070195004346 0.01640070195004346 0.01640070195004346 0.0 5.001352299999999 0.33099999999999985
3 0.005656 -10 0.00815082282556424 0.00815082282556424 0.00815082282556424 0.00815082282556424 0.00815082282556424 0.0 4.737585000000001 0.36099999999999993
3 0.004 -10 0.0038431532303624476 0.0038431532303624476 0.0038431532303624476 0.0038431532303624476 0.0038431532303624476 0.0 4.6196089 0.3510000000000001
