5 0.181 -10 1.0 1.0 1.0 1.0 1.0 0.0 nan 0.0
5 0.128 -10 1.0 1.0 1.0 1.0 1.0 0.0 nan 0.0
5 0.090496 -10 1.0 1.0 1.0 1.0 1.0 0.0 nan 0.0
5 0.064 -10 0.9784735812133072 0.9784735812133072 0.9784735812133072 0.9784735812133072 0.9784735812133072 0.0 nan 0.004
5 0.045249 -10 0.8169934640522876 0.8169934640522876 0.8169934640522876 0.8169934640522876 0.8169934640522876 0.0 nan 0.006999999999999999
5 0.032 -10 0.5078720162519045 0.5078720162519045 0.5078720162519045 0.5078720162519045 0.5078720162519045 0.0 3.998884 0.009999999999999998
5 0.022624 -10 0.2800336040324839 0.2800336040324839 0.2800336040324839 0.2800336040324839 0.2800336040324839 0.0 3.3170564000000007 0.015000000000000005
5 0.016 -10 0.12740476493820868 0.12740476493820868 0.12740476493820868 0.12740476493820868 0.12740476493820868 0.0 2.5212026 0.012
5 0.011312 -10 0.06391818472355384 0.06391818472355384 0.06391818472355384 0.06391818472355384 0.06391818472355384 0.0 2.0834707000000003 0.009
5 0.008 -10 0.03276754702142998 0.03276754702142998 0.03276754702142998 0.03276754702142998 0.03276754702142998 0.0 1.7383314999999993 0.006999999999999999
5 0.005656 -10 0.015265078080874383 0.015265078080874383 0.015265078080874383 0.015265078080874383 0.015265078080874383 0.0 1.5389476 0.0030000000000000005
5 0.004 -10 0.007127024965968455 0.007127024965968455 0.007127024965968455 0.007127024965968455 0.007127024965968455 0.0 1.4027171999999997 0.002
