5 0.181 -10 1.0 1.0 1.0 1.0 1.0 0.0 nan 0.0
5 0.128 -10 1.0 1.0 1.0 1.0 1.0 0.0 nan 0.0
5 0.090496 -10 0.9960159362549801 0.9960159362549801 0.9960159362549801 0.9960159362549801 0.9960159362549801 0.0 nan 0.002
5 0.064 -10 0.8703220191470844 0.8703220191470844 0.8703220191470844 0.8703220191470844 0.8703220191470844 0.0 nan 0.006
5 0.045249 -10 0.5955926146515783 0.5955926146515783 0.5955926146515783 0.5955926146515783 0.5955926146515783 0.0 4.878870899999998 0.021000000000000005
5 0.032 -10 0.31857279388340237 0.31857279388340237 0.31857279388340237 0.31857279388340237 0.31857279388340237 0.0 3.8458787000000028 0.03400000000000001
5 0.022624 -10 0.15179113539769276 0.15179113539769276 0.15179113539769276 0.15179113539769276 0.15179113539769276 0.0 3.0983113 0.041000000000000016
5 0.016 -10 0.06551362683438156 0.06551362683438156 0.06551362683438156 0.06551362683438156 0.06551362683438156 0.0 2.357655 0.026000000000000013
5 0.011312 -10 0.030563281273877564 0.030563281273877564 0.030563281273877564 0.030563281273877564 0.030563281273877564 0.0 1.9305427999999984 0.03500000000000002
5 0.008 -10 0.013888695990333468 0.013888695990333468 0.013888695990333468 0.013888695990333468 0.013888695990333468 0.0 1.6868644999999995 0.033000000000000015
5 0.005656 -10 0.005426848791712117 0.005426848791712117 0.005426848791712117 0.005426848791712117 0.005426848791712117 0.0 1.5156853 0.02400000000000001
5 0.004 -10 0.002537884267401638 0.002537884267401638 0.002537884267401638 0.002537884267401638 0.002537884267401638 0.0 1.4091200000000002 0.022000000000000006
