6 0.181 -10 1.0 1.0 1.0 1.0 1.0 0.0 nan 0.0
6 0.128 -10 1.0 1.0 1.0 1.0 1.0 0.0 nan 0.0
6 0.090496 -10 0.998003992015968 0.998003992015968 0.998003992015968 0.998003992015968 0.998003992015968 0.0 nan 0.0
6 0.064 -10 0.9302325581395349 0.9302325581395349 0.9302325581395349 0.9302325581395349 0.9302325581395349 0.0 nan 0.0030000000000000005
6 0.045249 -10 0.6887052341597796 0.6887052341597796 0.6887052341597796 0.6887052341597796 0.6887052341597796 0.0 nan 0.0030000000000000005
6 0.032 -10 0.34989503149055284 0.34989503149055284 0.34989503149055284 0.34989503149055284 0.34989503149055284 0.0 8.209301500000002 0.005
6 0.022624 -10 0.16126431220770843 0.16126431220770843 0.16126431220770843 0.16126431220770843 0.16126431220770843 0.0 6.0602791 0.006
6 0.016 -10 0.06509569066527796 0.06509569066527796 0.06509569066527796 0.06509569066527796 0.06509569066527796 0.0 5.104088099999999 0.016000000000000004
6 0.011312 -10 0.02857061226822091 0.02857061226822091 0.02857061226822091 0.02857061226822091 0.02857061226822091 0.0 4.1974661 0.021000000000000005
6 0.008 -10 0.010735027320644531 0.010735027320644531 0.010735027320644531 0.010735027320644531 0.010735027320644531 0.0 3.6331872999999972 0.024000000000000004
6 0.005656 -10 0.004433940931038917 0.004433940931038917 0.004433940931038917 0.004433940931038917 0.004433940931038917 0.0 3.2397224 0.03500000000000001
6 0.004 -10 0.0017723049002458186 0.0017723049002458186 0.0017723049002458186 0.0017723049002458186 0.0017723049002458186 0.0 3.0044298000000005 0.04500000000000001
