4 0.181 -10 1.0 1.0 1.0 1.0 1.0 0.0 nan 0.0
4 0.128 -10 1.0 1.0 1.0 1.0 1.0 0.0 nan 0.0
4 0.090496 -10 0.9930486593843099 0.9930486593843099 0.9930486593843099 0.9930486593843099 0.9930486593843099 0.0 nan 0.004
4 0.064 -10 0.8703220191470844 0.8703220191470844 0.8703220191470844 0.8703220191470844 0.8703220191470844 0.0 nan 0.017000000000000005
4 0.045249 -10 0.5998800239952009 0.5998800239952009 0.5998800239952009 0.5998800239952009 0.5998800239952009 0.0 11.033353699999997 0.039000000000000014
4 0.032 -10 0.3552397868561279 0.3552397868561279 0.3552397868561279 0.3552397868561279 0.3552397868561279 0.0 8.131939299999997 0.07499999999999996
4 0.022624 -10 0.19825535289452814 0.19825535289452814 0.19825535289452814 0.19825535289452814 0.19825535289452814 0.0 6.070536699999998 0.09899999999999995
4 0.016 -10 0.09831874938550782 0.09831874938550782 0.09831874938550782 0.09831874938550782 0.09831874938550782 0.0 4.6630412 0.07199999999999995
4 0.011312 -10 0.05746135723725795 0.05746135723725795 0.05746135723725795 0.05746135723725795 0.05746135723725795 0.0 3.6881862 0.07499999999999996
4 0.008 -10 0.02841635645477537 0.02841635645477537 0.02841635645477537 0.02841635645477537 0.02841635645477537 0.0 3.2767368999999986 0.08399999999999996
4 0.005656 -10 0.014479323526004865 0.014479323526004865 0.014479323526004865 0.014479323526004865 0.014479323526004865 0.0 2.937981700000001 0.09599999999999995
4 0.004 -10 0.007466308283869041 0.007466308283869041 0.007466308283869041 0.007466308283869041 0.007466308283869041 0.0 2.780258300000001 0.09799999999999993
