3 0.181 -10 1.0 1.0 1.0 1.0 1.0 0.0 nan 0.0
3 0.128 -10 0.983284169124877 0.983284169124877 0.983284169124877 0.983284169124877 0.983284169124877 0.0 nan 0.015000000000000003
3 0.090496 -10 0.8591065292096219 0.8591065292096219 0.8591065292096219 0.8591065292096219 0.8591065292096219 0.0 nan 0.07399999999999995
3 0.064 -10 0.5920663114268798 0.5920663114268798 0.5920663114268798 0.5920663114268798 0.5920663114268798 0.0 3.8968640000000003 0.15399999999999986
3 0.045249 -10 0.34928396786587496 0.34928396786587496 0.34928396786587496 0.34928396786587496 0.34928396786587496 0.0 3.0857206000000015 0.249
3 0.032 -10 0.19051247856734616 0.19051247856734616 0.19051247856734616 0.19051247856734616 0.19051247856734616 0.0 2.985353 0.31200000000000006
3 0.022624 -10 0.0925154963456379 0.0925154963456379 0.0925154963456379 0.0925154963456379 0.0925154963456379 0.0 2.6755185999999997 0.41499999999999987
3 0.016 -10 0.04326007959854646 0.04326007959854646 0.04326007959854646 0.04326007959854646 0.04326007959854646 0.0 2.4216651000000002 0.49300000000000005
3 0.011312 -10 0.021634251346732147 0.021634251346732147 0.021634251346732147 0.021634251346732147 0.021634251346732147 0.0 2.2905142000000005 0.5420000000000001
3 0.008 -10 0.01069438651651748 0.01069438651651748 0.01069438651651748 0.01069438651651748 0.01069438651651748 0.0 2.2081335999999996 0.5980000000000003
3 0.005656 -10 0.005176170979279787 0.005176170979279787 0.005176170979279787 0.005176170979279787 0.005176170979279787 0.0 2.147411100000001 0.6
3 0.004 -10 0.0024315163422213362 0.0024315163422213362 0.0024315163422213362 0.0024315163422213362 0.0024315163422213362 0.0 2.1129118 0.6360000000000002
