4 0.181 -10 0.7429420505200595 1.0 0.9992570579494799 0.9777117384843982 0.7429420505200595 1.0 nan 0.0
4 0.128 -10 0.7299270072992701 1.0 0.9875912408759124 0.8839416058394161 0.7299270072992701 1.0 nan 0.0
4 0.090496 -10 0.6105006105006106 0.9926739926739927 0.8443223443223443 0.6642246642246642 0.6105006105006106 0.9902319902319903 nan 0.004
4 0.064 -10 0.3832886163280951 0.8777309313913377 0.5174396320429283 0.3963204292832503 0.3832886163280951 0.8562667688769644 nan 0.05599999999999998
4 0.045249 -10 0.1794365691727974 0.596088282792033 0.24618697290507804 0.18374304683294457 0.1794365691727974 0.5652251928943118 4.815258800000002 0.172
4 0.032 -10 0.07987220447284345 0.3310702875399361 0.10686900958466454 0.08083067092651758 0.07987220447284345 0.305591054313099 4.139480099999999 0.3189999999999999
4 0.022624 -10 0.037837224261228194 0.16179197094101178 0.048393809830110865 0.038366945400885394 0.037837224261228194 0.14578682507851223 3.4107623 0.42299999999999977
4 0.016 -10 0.01684352366515075 0.075307394306889 0.021947111335691428 0.016927741283476502 0.01684352366515075 0.06718881590028634 2.9116763 0.4819999999999999
4 0.011312 -10 0.007656381594058648 0.032746344077788835 0.00985376311155348 0.007687007120434883 0.007656381594058648 0.028688461832937752 2.6464874000000003 0.53
4 0.008 -10 0.0038583372881290535 0.014696406730483565 0.00473032151524622 0.0038660539627053117 0.0038583372881290535 0.012466287777944972 2.470875700000001 0.5780000000000001
4 0.005656 -10 0.0017144659781371298 0.006832146922876463 0.0021122220850649438 0.001717894910093404 0.0017144659781371298 0.0058171830638192815 2.3740337 0.5920000000000002
4 0.004 -10 0.0009088116560547759 0.0031844760428159347 0.0010560391443356495 0.0009088116560547759 0.0009088116560547759 0.0026782679503934244 2.2949197999999993 0.5570000000000003
