5 0.181 -10 1.0 1.0 1.0 1.0 1.0 0.0 nan 0.0
5 0.128 -10 1.0 1.0 1.0 1.0 1.0 0.0 nan 0.0
5 0.090496 -10 0.9960159362549801 0.9960159362549801 0.9960159362549801 0.9960159362549801 0.9960159362549801 0.0 nan 0.0
5 0.064 -10 0.9140767824497258 0.9140767824497258 0.9140767824497258 0.9140767824497258 0.9140767824497258 0.0 nan 0.006999999999999999
5 0.045249 -10 0.7320644216691069 0.7320644216691069 0.7320644216691069 0.7320644216691069 0.7320644216691069 0.0 nan 0.005
5 0.032 -10 0.5482456140350878 0.5482456140350878 0.5482456140350878 0.5482456140350878 0.5482456140350878 0.0 22.410994300000006 0.009
5 0.022624 -10 0.3907776475185619 0.3907776475185619 0.3907776475185619 0.3907776475185619 0.3907776475185619 0.0 17.927729899999996 0.004
5 0.016 -10 0.24384296513045597 0.24384296513045597 0.24384296513045597 0.24384296513045597 0.24384296513045597 0.0 16.084824299999994 0.005
5 0.011312 -10 0.12542330364981813 0.12542330364981813 0.12542330364981813 0.12542330364981813 0.12542330364981813 0.0 12.788034200000002 0.005
5 0.008 -10 0.080147471347279 0.080147471347279 0.080147471347279 0.080147471347279 0.080147471347279 0.0 12.3708968 0.004
5 0.005656 -10 0.05124788602470148 0.05124788602470148 0.05124788602470148 0.05124788602470148 0.05124788602470148 0.0 10.455973000000004 0.008
5 0.004 -10 0.02724944138645158 0.02724944138645158 0.02724944138645158 0.02724944138645158 0.02724944138645158 0.0 8.714466199999999 0.001
