4 0.181 -10 1.0 1.0 1.0 1.0 1.0 0.0 nan 0.0
4 0.128 -10 1.0 1.0 1.0 1.0 1.0 0.0 nan 0.0
4 0.090496 -10 0.9930486593843099 0.9930486593843099 0.9930486593843099 0.9930486593843099 0.9930486593843099 0.0 nan 0.001
4 0.064 -10 0.8650519031141869 0.8650519031141869 0.8650519031141869 0.8650519031141869 0.8650519031141869 0.0 nan 0.019000000000000006
4 0.045249 -10 0.6086427267194157 0.6086427267194157 0.6086427267194157 0.6086427267194157 0.6086427267194157 0.0 nan 0.04100000000000001
4 0.032 -10 0.3463803255975061 0.3463803255975061 0.3463803255975061 0.3463803255975061 0.3463803255975061 0.0 2.7966225 0.058999999999999976
4 0.022624 -10 0.17692852087756547 0.17692852087756547 0.17692852087756547 0.17692852087756547 0.17692852087756547 0.0 2.2546508 0.05299999999999998
4 0.016 -10 0.08994423457456377 0.08994423457456377 0.08994423457456377 0.08994423457456377 0.08994423457456377 0.0 1.9710657000000011 0.053999999999999986
4 0.011312 -10 0.04572891896835559 0.04572891896835559 0.04572891896835559 0.04572891896835559 0.04572891896835559 0.0 1.6203551000000003 0.06499999999999996
4 0.008 -10 0.022516436999009275 0.022516436999009275 0.022516436999009275 0.022516436999009275 0.022516436999009275 0.0 1.4657484999999995 0.03900000000000002
4 0.005656 -10 0.010952662592276183 0.010952662592276183 0.010952662592276183 0.010952662592276183 0.010952662592276183 0.0 1.3635871000000004 0.031000000000000014
4 0.004 -10 0.0052038071052782214 0.0052038071052782214 0.0052038071052782214 0.0052038071052782214 0.0052038071052782214 0.0 1.2965255999999992 0.055
