3 0.181 -10 1.0 1.0 1.0 1.0 1.0 0.0 nan 0.0
3 0.128 -10 0.9852216748768473 0.9852216748768473 0.9852216748768473 0.9852216748768473 0.9852216748768473 0.0 nan 0.011000000000000001
3 0.090496 -10 0.8424599831508003 0.8424599831508003 0.8424599831508003 0.8424599831508003 0.8424599831508003 0.0 nan 0.08499999999999998
3 0.064 -10 0.5878894767783657 0.5878894767783657 0.5878894767783657 0.5878894767783657 0.5878894767783657 0.0 2.4963803 0.16599999999999995
3 0.045249 -10 0.35486160397445 0.35486160397445 0.35486160397445 0.35486160397445 0.35486160397445 0.0 2.0219124000000006 0.26700000000000007
3 0.032 -10 0.20304568527918782 0.20304568527918782 0.20304568527918782 0.20304568527918782 0.20304568527918782 0.0 1.815948 0.35900000000000015
3 0.022624 -10 0.1034233116144379 0.1034233116144379 0.1034233116144379 0.1034233116144379 0.1034233116144379 0.0 1.621508899999999 0.43099999999999994
3 0.016 -10 0.05264820469621986 0.05264820469621986 0.05264820469621986 0.05264820469621986 0.05264820469621986 0.0 1.4867972000000003 0.49999999999999983
3 0.011312 -10 0.02420545590976206 0.02420545590976206 0.02420545590976206 0.02420545590976206 0.02420545590976206 0.0 1.3531284 0.5650000000000002
3 0.008 -10 0.013965505202150688 0.013965505202150688 0.013965505202150688 0.013965505202150688 0.013965505202150688 0.0 1.2954639999999997 0.5720000000000001
3 0.005656 -10 0.006367844930240259 0.006367844930240259 0.006367844930240259 0.006367844930240259 0.006367844930240259 0.0 1.2536572999999998 0.5860000000000004
3 0.004 -10 0.0032381951595458753 0.0032381951595458753 0.0032381951595458753 0.0032381951595458753 0.0032381951595458753 0.0 1.2334270000000005 0.6340000000000003
