7 0.181 -10 1.0 1.0 1.0 1.0 1.0 0.0 nan 0.0
7 0.128 -10 1.0 1.0 1.0 1.0 1.0 0.0 nan 0.0
7 0.090496 -10 1.0 1.0 1.0 1.0 1.0 0.0 nan 0.0
7 0.064 -10 0.9699321047526673 0.9699321047526673 0.9699321047526673 0.9699321047526673 0.9699321047526673 0.0 nan 0.002
7 0.045249 -10 0.7132667617689016 0.7132667617689016 0.7132667617689016 0.7132667617689016 0.7132667617689016 0.0 nan 0.004
7 0.032 -10 0.32372936225315635 0.32372936225315635 0.32372936225315635 0.32372936225315635 0.32372936225315635 0.0 12.9199428 0.016
7 0.022624 -10 0.11164452383610583 0.11164452383610583 0.11164452383610583 0.11164452383610583 0.11164452383610583 0.0 8.558459 0.026000000000000006
7 0.016 -10 0.03400550889244058 0.03400550889244058 0.03400550889244058 0.03400550889244058 0.03400550889244058 0.0 6.1473615 0.04699999999999999
7 0.011312 -10 0.01222135314822057 0.01222135314822057 0.01222135314822057 0.01222135314822057 0.01222135314822057 0.0 4.6340742 0.04500000000000001
7 0.008 -10 0.004281518397684555 0.004281518397684555 0.004281518397684555 0.004281518397684555 0.004281518397684555 0.0 3.7521291999999975 0.06499999999999997
7 0.005656 -10 0.0016592718451434773 0.0016592718451434773 0.0016592718451434773 0.0016592718451434773 0.0016592718451434773 0.0 3.240836999999999 0.06699999999999999
7 0.004 -10 0.0006979380119375317 0.0006979380119375317 0.0006979380119375317 0.0006979380119375317 0.0006979380119375317 0.0 2.9107073 0.075
