5 0.181 -10 1.0 1.0 1.0 1.0 1.0 0.0 nan 0.0
5 0.128 -10 0.999000999000999 0.999000999000999 0.999000999000999 0.999000999000999 0.999000999000999 0.0 nan 0.0
5 0.090496 -10 0.9950248756218906 0.9950248756218906 0.9950248756218906 0.9950248756218906 0.9950248756218906 0.0 nan 0.0
5 0.064 -10 0.9250693802035153 0.9250693802035153 0.9250693802035153 0.9250693802035153 0.9250693802035153 0.0 nan 0.001
5 0.045249 -10 0.7374631268436578 0.7374631268436578 0.7374631268436578 0.7374631268436578 0.7374631268436578 0.0 nan 0.006999999999999999
5 0.032 -10 0.48123195380173245 0.48123195380173245 0.48123195380173245 0.48123195380173245 0.48123195380173245 0.0 17.782751000000005 0.016000000000000004
5 0.022624 -10 0.3035822707953855 0.3035822707953855 0.3035822707953855 0.3035822707953855 0.3035822707953855 0.0 17.142894000000002 0.02700000000000001
5 0.016 -10 0.16420361247947454 0.16420361247947454 0.16420361247947454 0.16420361247947454 0.16420361247947454 0.0 10.654470899999996 0.030000000000000013
5 0.011312 -10 0.0970026190707149 0.0970026190707149 0.0970026190707149 0.0970026190707149 0.0970026190707149 0.0 11.500805800000002 0.033000000000000015
5 0.008 -10 0.06405329233922624 0.06405329233922624 0.06405329233922624 0.06405329233922624 0.06405329233922624 0.0 12.662964399999998 0.05699999999999996
5 0.005656 -10 0.028948587308939323 0.028948587308939323 0.028948587308939323 0.028948587308939323 0.028948587308939323 0.0 9.876990100000002 0.06599999999999998
5 0.004 -10 0.01583807155640729 0.01583807155640729 0.01583807155640729 0.01583807155640729 0.01583807155640729 0.0 9.405015000000002 0.042000000000000016
