7 0.181 -10 0.7320644216691069 1.0 1.0 0.9751098096632503 0.7320644216691069 1.0 nan 0.0
7 0.128 -10 0.7407407407407407 1.0 1.0 0.9444444444444444 0.7407407407407407 1.0 nan 0.0
7 0.090496 -10 0.7412898443291327 1.0 0.9992587101556709 0.9125277983691623 0.7412898443291327 1.0 nan 0.0
7 0.064 -10 0.5007511266900351 0.9704556835252879 0.928392588883325 0.642463695543315 0.5007511266900351 0.9684526790185278 nan 0.004
7 0.045249 -10 0.18968133535660092 0.7340667678300455 0.6394157814871017 0.23729135053110773 0.18968133535660092 0.7306525037936267 16.68695 0.018000000000000006
7 0.032 -10 0.05460601758313766 0.38082236662480207 0.319718232949271 0.06530879702943264 0.05460601758313766 0.3769999453939824 12.228413199999995 0.06999999999999998
7 0.022624 -10 0.014588956160186739 0.17001969509081624 0.1413669851922095 0.017331679918301847 0.014588956160186739 0.16767087314902618 8.739198000000002 0.16099999999999992
7 0.016 -10 0.004464385365744771 0.07266680059822764 0.059220071876604385 0.005196544565726913 0.004464385365744771 0.07146141654947655 6.378937700000002 0.26999999999999996
7 0.011312 -10 0.0013056023396393927 0.032915540584648725 0.025703393260480722 0.0015379995560952046 0.0013056023396393927 0.03237502121603802 4.917475400000001 0.4139999999999997
7 0.008 -10 0.0004483888715262754 0.014331853500594339 0.010853701024165021 0.0005151988133836904 0.0004483888715262754 0.01409465578755694 4.122054900000001 0.529
7 0.005656 -10 0.00017035142476821134 0.006702476807505275 0.004887382376599983 0.00019726694988158873 0.00017035142476821134 0.006594814707051765 3.5669545 0.6320000000000001
7 0.004 -10 6.569724253562713e-05 0.0032655471374758815 0.0022429695574088457 7.745704894950438e-05 6.569724253562713e-05 0.0032153544441786627 3.2223475 0.7640000000000003
