5 0.181 -10 0.7501875468867217 1.0 1.0 0.9932483120780196 0.7501875468867217 1.0 nan 0.0
5 0.128 -10 0.7468259895444361 1.0 0.9992531740104555 0.9432412247946228 0.7468259895444361 1.0 nan 0.0
5 0.090496 -10 0.6184291898577613 0.9925788497217068 0.948051948051948 0.7786023500309215 0.6184291898577613 0.9919604205318491 nan 0.001
5 0.064 -10 0.37425149700598803 0.876122754491018 0.7043413173652695 0.4550898203592814 0.37425149700598803 0.8667664670658682 nan 0.02500000000000001
5 0.045249 -10 0.15351550506601166 0.5882714154129567 0.39361375498925394 0.18053423395762971 0.15351550506601166 0.5750690819772797 7.777171000000001 0.08599999999999991
5 0.032 -10 0.05402485143165856 0.29405726634251755 0.17920043219881146 0.06239870340356564 0.05402485143165856 0.282117774176121 5.739002200000001 0.221
5 0.022624 -10 0.019204916458613407 0.1403687343960054 0.07818321490301518 0.021970424428653736 0.019204916458613407 0.13489533320530056 4.554381199999999 0.2850000000000001
5 0.016 -10 0.006730335641838459 0.060983571250698275 0.031746993222552006 0.007645661289128489 0.006730335641838459 0.058311628000888405 3.766702899999999 0.397
5 0.011312 -10 0.002392212868669906 0.02710137958916136 0.01341074534176349 0.0026960239029909837 0.002392212868669906 0.026017707159653895 3.2741760000000006 0.45299999999999996
5 0.008 -10 0.0008567203716110283 0.01252953543481129 0.005734029447192613 0.0009475327310017974 0.0008567203716110283 0.012100318528634165 2.9604087999999997 0.5010000000000001
5 0.005656 -10 0.00035253385470740216 0.005605288289847694 0.00252273226428617 0.000383909367776361 0.00035253385470740216 0.0054029338572456455 2.8262608000000013 0.5740000000000003
5 0.004 -10 0.00013177317409160185 0.0024136892298358714 0.0011929425450512717 0.00014600467689349485 0.00013177317409160185 0.0023281684398504215 2.7626051000000005 0.6490000000000002
