7 0.181 -10 0.7530120481927711 1.0 1.0 0.9751506024096386 0.7530120481927711 1.0 nan 0.0
7 0.128 -10 0.7501875468867217 1.0 1.0 0.9354838709677419 0.7501875468867217 1.0 nan 0.0
7 0.090496 -10 0.7183908045977011 1.0 0.9978448275862069 0.8936781609195402 0.7183908045977011 1.0 nan 0.0
7 0.064 -10 0.42589437819420783 0.975298126064736 0.8824531516183987 0.5391822827938672 0.42589437819420783 0.9744463373083475 nan 0.002
7 0.045249 -10 0.15128593040847202 0.7928895612708018 0.5738275340393344 0.18078668683812404 0.15128593040847202 0.7901664145234493 12.406806000000001 0.018000000000000002
7 0.032 -10 0.03440327519179826 0.45742594695014965 0.2925998555062442 0.042040802284377475 0.03440327519179826 0.4547080882099976 9.485635199999999 0.07899999999999999
7 0.022624 -10 0.008396940155007516 0.21946242789127643 0.13409913427547002 0.010193885348179124 0.008396940155007516 0.21828685626957536 7.018164200000001 0.1399999999999999
7 0.016 -10 0.001994646369145214 0.09984401865393285 0.05994111803918283 0.0024254899848805806 0.001994646369145214 0.09927354979235731 5.397779500000002 0.28600000000000003
7 0.011312 -10 0.0005288629605008121 0.04761300347092761 0.028656439514736502 0.0006658384672705224 0.0005288629605008121 0.04741891076442381 4.3753989 0.3669999999999999
7 0.008 -10 0.00013910751954043327 0.02252345491886971 0.012391280518103174 0.00019906286046236001 0.00013910751954043327 0.02246127385763514 3.758535000000001 0.44699999999999995
7 0.005656 -10 4.1294593773725034e-05 0.010553494152375812 0.005540826003370878 7.305013638571959e-05 4.1294593773725034e-05 0.010531649312269511 3.4489422999999992 0.5289999999999999
7 0.004 -10 1.229532873042948e-05 0.004741127939768529 0.0026472580476338495 2.173814119539932e-05 1.229532873042948e-05 0.004733873695817576 3.200890700000001 0.5900000000000004
