7 0.181 -10 1.0 1.0 1.0 1.0 1.0 0.0 nan 0.0
7 0.128 -10 1.0 1.0 1.0 1.0 1.0 0.0 nan 0.0
7 0.090496 -10 1.0 1.0 1.0 1.0 1.0 0.0 nan 0.0
7 0.064 -10 0.983284169124877 0.983284169124877 0.983284169124877 0.983284169124877 0.983284169124877 0.0 nan 0.001
7 0.045249 -10 0.8203445447087777 0.8203445447087777 0.8203445447087777 0.8203445447087777 0.8203445447087777 0.0 nan 0.001
7 0.032 -10 0.47573739295908657 0.47573739295908657 0.47573739295908657 0.47573739295908657 0.47573739295908657 0.0 6.350046999999998 0.005
7 0.022624 -10 0.23212627669452182 0.23212627669452182 0.23212627669452182 0.23212627669452182 0.23212627669452182 0.0 4.708308600000001 0.004
7 0.016 -10 0.10555203715431707 0.10555203715431707 0.10555203715431707 0.10555203715431707 0.10555203715431707 0.0 3.5116722000000005 0.001
7 0.011312 -10 0.050955414012738856 0.050955414012738856 0.050955414012738856 0.050955414012738856 0.050955414012738856 0.0 2.6686683000000007 0.002
7 0.008 -10 0.022123893805309734 0.022123893805309734 0.022123893805309734 0.022123893805309734 0.022123893805309734 0.0 2.1429443000000004 0.001
7 0.005656 -10 0.01011398460651543 0.01011398460651543 0.01011398460651543 0.01011398460651543 0.01011398460651543 0.0 1.8173215999999994 0.0
7 0.004 -10 0.004637767193362428 0.004637767193362428 0.004637767193362428 0.004637767193362428 0.004637767193362428 0.0 1.5897141000000001 0.002
