7 0.181 -10 1.0 1.0 1.0 1.0 1.0 0.0 nan 0.0
7 0.128 -10 1.0 1.0 1.0 1.0 1.0 0.0 nan 0.0
7 0.090496 -10 1.0 1.0 1.0 1.0 1.0 0.0 nan 0.0
7 0.064 -10 0.9652509652509652 0.9652509652509652 0.9652509652509652 0.9652509652509652 0.9652509652509652 0.0 nan 0.002
7 0.045249 -10 0.7479431563201197 0.7479431563201197 0.7479431563201197 0.7479431563201197 0.7479431563201197 0.0 nan 0.004
7 0.032 -10 0.39184952978056425 0.39184952978056425 0.39184952978056425 0.39184952978056425 0.39184952978056425 0.0 7.875209400000001 0.005
7 0.022624 -10 0.1684352366515075 0.1684352366515075 0.1684352366515075 0.1684352366515075 0.1684352366515075 0.0 5.4823143 0.013000000000000001
7 0.016 -10 0.06595870984763538 0.06595870984763538 0.06595870984763538 0.06595870984763538 0.06595870984763538 0.0 3.6968398000000007 0.008
7 0.011312 -10 0.02841474156792544 0.02841474156792544 0.02841474156792544 0.02841474156792544 0.02841474156792544 0.0 2.670165999999999 0.012
7 0.008 -10 0.013879635798356651 0.013879635798356651 0.013879635798356651 0.013879635798356651 0.013879635798356651 0.0 2.1209917000000003 0.009999999999999998
7 0.005656 -10 0.006146885987558703 0.006146885987558703 0.006146885987558703 0.006146885987558703 0.006146885987558703 0.0 1.7876714000000005 0.009
7 0.004 -10 0.002978850163836759 0.002978850163836759 0.002978850163836759 0.002978850163836759 0.002978850163836759 0.0 1.5666901999999994 0.0030000000000000005
