5 0.181 -10 1.0 1.0 1.0 1.0 1.0 0.0 nan 0.0
5 0.128 -10 1.0 1.0 1.0 1.0 1.0 0.0 nan 0.0
5 0.090496 -10 0.9940357852882704 0.9940357852882704 0.9940357852882704 0.9940357852882704 0.9940357852882704 0.0 nan 0.0
5 0.064 -10 0.9319664492078286 0.9319664492078286 0.9319664492078286 0.9319664492078286 0.9319664492078286 0.0 nan 0.0030000000000000005
5 0.045249 -10 0.7017543859649122 0.7017543859649122 0.7017543859649122 0.7017543859649122 0.7017543859649122 0.0 nan 0.005
5 0.032 -10 0.45724737082761774 0.45724737082761774 0.45724737082761774 0.45724737082761774 0.45724737082761774 0.0 nan 0.006999999999999999
5 0.022624 -10 0.2359046945034206 0.2359046945034206 0.2359046945034206 0.2359046945034206 0.2359046945034206 0.0 2.8409329 0.012
5 0.016 -10 0.11705489874751258 0.11705489874751258 0.11705489874751258 0.11705489874751258 0.11705489874751258 0.0 2.3656822000000006 0.012000000000000002
5 0.011312 -10 0.05157829585310501 0.05157829585310501 0.05157829585310501 0.05157829585310501 0.05157829585310501 0.0 2.0551180999999996 0.02800000000000001
5 0.008 -10 0.022250406069910775 0.022250406069910775 0.022250406069910775 0.022250406069910775 0.022250406069910775 0.0 1.7810895999999996 0.028000000000000008
5 0.005656 -10 0.010036432249064102 0.010036432249064102 0.010036432249064102 0.010036432249064102 0.010036432249064102 0.0 1.5951925999999992 0.041000000000000016
5 0.004 -10 0.004456824512534819 0.004456824512534819 0.004456824512534819 0.004456824512534819 0.004456824512534819 0.0 1.4494245 0.07499999999999997
