6 0.181 -10 0.7518796992481203 1.0 1.0 0.9947368421052631 0.7518796992481203 1.0 nan 0.0
6 0.128 -10 0.7616146230007617 1.0 1.0 0.9695354150799695 0.7616146230007617 1.0 nan 0.0
6 0.090496 -10 0.6968641114982579 0.9958188153310105 0.98397212543554 0.8905923344947735 0.6968641114982579 0.9944250871080139 nan 0.002
6 0.064 -10 0.4666355576294914 0.9314045730284648 0.8646756882874475 0.6248250116658889 0.4666355576294914 0.9304713019132058 nan 0.002
6 0.045249 -10 0.23730422401518747 0.6917418130042715 0.5870906502135738 0.3122923588039867 0.23730422401518747 0.6900806834361651 8.4089837 0.006999999999999999
6 0.032 -10 0.09882399446585631 0.39302302599071054 0.320486214052772 0.1260005929439668 0.09882399446585631 0.39065125012352997 7.193456200000002 0.024000000000000004
6 0.022624 -10 0.03736362277686445 0.18693020475265282 0.14695112838140786 0.047900164399940215 0.03736362277686445 0.18461366014048722 6.070580300000001 0.06199999999999999
6 0.016 -10 0.013456052532429087 0.08353517412131976 0.06279939716884654 0.016779697507939072 0.013456052532429087 0.08245868991872544 5.059090599999999 0.07999999999999995
6 0.011312 -10 0.005043194964874147 0.03459631745903665 0.024878080761724167 0.006369555240636047 0.005043194964874147 0.03410208435247898 4.2066395 0.09799999999999998
6 0.008 -10 0.002241323277262896 0.014965315522284356 0.010516288816917508 0.0029047549673327133 0.002241323277262896 0.0146425649703585 3.688210499999998 0.14399999999999988
6 0.005656 -10 0.0009295926524996747 0.006476472009965233 0.004508524364623422 0.0012103296335545764 0.0009295926524996747 0.006250580995407812 3.4033056999999998 0.24299999999999997
6 0.004 -10 0.00033919714748766847 0.0027196827285561258 0.0019351197264171488 0.00046096892343574147 0.00033919714748766847 0.0026209763586372142 3.1655763000000006 0.29100000000000004
