5 0.181 -10 1.0 1.0 1.0 1.0 1.0 0.0 nan 0.0
5 0.128 -10 1.0 1.0 1.0 1.0 1.0 0.0 nan 0.0
5 0.090496 -10 0.9950248756218906 0.9950248756218906 0.9950248756218906 0.9950248756218906 0.9950248756218906 0.0 nan 0.0
5 0.064 -10 0.8795074758135444 0.8795074758135444 0.8795074758135444 0.8795074758135444 0.8795074758135444 0.0 nan 0.014000000000000002
5 0.045249 -10 0.5701254275940707 0.5701254275940707 0.5701254275940707 0.5701254275940707 0.5701254275940707 0.0 8.4622662 0.029000000000000012
5 0.032 -10 0.27948574622694244 0.27948574622694244 0.27948574622694244 0.27948574622694244 0.27948574622694244 0.0 6.327351199999997 0.04500000000000001
5 0.022624 -10 0.12195121951219512 0.12195121951219512 0.12195121951219512 0.12195121951219512 0.12195121951219512 0.0 4.9045321 0.03700000000000002
5 0.016 -10 0.05101260011222772 0.05101260011222772 0.05101260011222772 0.05101260011222772 0.05101260011222772 0.0 3.8516930000000014 0.05399999999999999
5 0.011312 -10 0.01968155248085969 0.01968155248085969 0.01968155248085969 0.01968155248085969 0.01968155248085969 0.0 3.2449698999999983 0.055999999999999994
5 0.008 -10 0.00874003635855125 0.00874003635855125 0.00874003635855125 0.00874003635855125 0.00874003635855125 0.0 2.877647199999999 0.051
5 0.005656 -10 0.003472571890919572 0.003472571890919572 0.003472571890919572 0.003472571890919572 0.003472571890919572 0.0 2.678161099999999 0.06299999999999997
5 0.004 -10 0.00138934814563703 0.00138934814563703 0.00138934814563703 0.00138934814563703 0.00138934814563703 0.0 2.5447205999999998 0.06899999999999998
