3 0.181 -10 1.0 1.0 1.0 1.0 1.0 0.0 nan 0.0
3 0.128 -10 0.9920634920634921 0.9920634920634921 0.9920634920634921 0.9920634920634921 0.9920634920634921 0.0 nan 0.0030000000000000005
3 0.090496 -10 0.8787346221441125 0.8787346221441125 0.8787346221441125 0.8787346221441125 0.8787346221441125 0.0 nan 0.048000000000000015
3 0.064 -10 0.6381620931716656 0.6381620931716656 0.6381620931716656 0.6381620931716656 0.6381620931716656 0.0 nan 0.11599999999999991
3 0.045249 -10 0.3872966692486445 0.3872966692486445 0.3872966692486445 0.3872966692486445 0.3872966692486445 0.0 2.4058074999999994 0.17699999999999994
3 0.032 -10 0.22168033695411218 0.22168033695411218 0.22168033695411218 0.22168033695411218 0.22168033695411218 0.0 1.932368000000001 0.18599999999999997
3 0.022624 -10 0.11429877700308606 0.11429877700308606 0.11429877700308606 0.11429877700308606 0.11429877700308606 0.0 1.7040765999999994 0.25900000000000006
3 0.016 -10 0.06015037593984962 0.06015037593984962 0.06015037593984962 0.06015037593984962 0.06015037593984962 0.0 1.5491092 0.248
3 0.011312 -10 0.029314337642540968 0.029314337642540968 0.029314337642540968 0.029314337642540968 0.029314337642540968 0.0 1.4499029999999993 0.29
3 0.008 -10 0.013296281030195855 0.013296281030195855 0.013296281030195855 0.013296281030195855 0.013296281030195855 0.0 1.3650981999999996 0.30500000000000005
3 0.005656 -10 0.007081300410007293 0.007081300410007293 0.007081300410007293 0.007081300410007293 0.007081300410007293 0.0 1.3253387 0.364
3 0.004 -10 0.0035390462978036677 0.0035390462978036677 0.0035390462978036677 0.0035390462978036677 0.0035390462978036677 0.0 1.2834809999999999 0.3560000000000001
