6 0.181 -10 0.9523809523809523 0.9976190476190476 0.9857142857142858 0.9726190476190476 0.9523809523809523 0.9964285714285714
6 0.128 -10 0.7117437722419929 0.9065836298932385 0.853202846975089 0.7660142348754448 0.7117437722419929 0.8816725978647687
6 0.090496 -10 0.3695150115473441 0.5759815242494226 0.5127020785219399 0.4341801385681293 0.3695150115473441 0.5371824480369515
6 0.064 -10 0.15804030027657054 0.276175424733307 0.23310944290794153 0.18885815883050178 0.15804030027657054 0.23824575266693007
6 0.045249 -10 0.05458887751620607 0.09614466052541795 0.08229273285568066 0.06598430569771409 0.05458887751620607 0.07396792903445923
6 0.032 -10 0.016813080576688663 0.027195157832793915 0.023706443613131015 0.019734353326888318 0.016813080576688663 0.016876129628851246
6 0.022624 -10 0.0051794350531215805 0.00756844947137391 0.006875700033018899 0.005923978842007808 0.0051794350531215805 0.0036644503000835184
6 0.016 -10 0.001912347550043745 0.002438243126305775 0.0022756935845520566 0.0020725066573599087 0.001912347550043745 0.0008199190120812556
6 0.011312 -10 0.0005997235274538438 0.000735410975540276 0.0006889324021626031 0.0006499503728781032 0.0005997235274538438 0.0001874136023293262
6 0.008 -10 0.00021993852718165272 0.00025512869153071716 0.00024303207253572627 0.0002306605303817583 0.00021993852718165272 4.783662966200947e-05
6 0.005656 -10 7.86046263931933e-05 8.764415842841054e-05 8.449997337268281e-05 8.214183458088701e-05 7.86046263931933e-05 1.1790693958978996e-05
6 0.004 -10 2.75260264601499e-05 2.9934553775413016e-05 2.9039957915458145e-05 2.78012867247514e-05 2.75260264601499e-05 3.0622704436916764e-06
6 0.002828 -10 9.962882285756187e-06 1.0747459265759487e-05 1.0461026400043996e-05 1.0199500740042896e-05 9.962882285756187e-06 9.58927420004033e-07
6 0.002 -10 3.468982818613757e-06 3.690130473300384e-06 3.60340590283504e-06 3.534026246462765e-06 3.468982818613757e-06 2.298201117331614e-07
