8 0.181 -10 0.9876543209876543 1.0 0.9987654320987654 0.991358024691358 0.9876543209876543 1.0
8 0.128 -10 0.8298755186721992 0.9678423236514523 0.9408713692946058 0.8858921161825726 0.8298755186721992 0.9605809128630706
8 0.090496 -10 0.4244031830238727 0.5989389920424403 0.5681697612732095 0.4970822281167109 0.4244031830238727 0.5697612732095491
8 0.064 -10 0.11632979496873637 0.19136251272357133 0.17798458630216665 0.14686636614802967 0.11632979496873637 0.16736949251126945
8 0.045249 -10 0.02484009190834006 0.039061044525864744 0.03629758430106191 0.030925914425883376 0.02484009190834006 0.029218158107184998
8 0.032 -10 0.0043945178389958525 0.0059600648191381255 0.0056799143069021394 0.005158065313521382 0.0043945178389958525 0.0030377104562058833
8 0.022624 -10 0.00099333965759582 0.0011609657248151147 0.0011137820910793132 0.0010678401319155065 0.00099333965759582 0.0003340104598665945
8 0.016 -10 0.00026602899516525556 0.0002869787785345194 0.0002793304449235183 0.00027500747375208294 0.00026602899516525556 3.9904349274788334e-05
8 0.011312 -10 6.778091142110899e-05 7.006851718157142e-05 6.930598192808394e-05 6.820454211749093e-05 6.778091142110899e-05 4.659937660201243e-06
8 0.008 -10 1.9755489272596464e-05 2.0298765227592868e-05 2.007651597327616e-05 1.98295723573687e-05 1.9755489272596464e-05 9.136913788575864e-07
8 0.005656 -10 5.482288801299884e-06 5.591934577325881e-06 5.550817411316132e-06 5.502847384304758e-06 5.482288801299884e-06 1.644686640389965e-07
8 0.004 -10 1.5637872932066986e-06 1.5794251661387657e-06 1.5794251661387657e-06 1.5716062296727322e-06 1.5637872932066986e-06 3.323047998064235e-08
8 0.002828 -10 5.066539278331823e-07 5.123537845213055e-07 5.104538322919311e-07 5.072872452429737e-07 5.066539278331823e-07 8.233126327289212e-09
8 0.002 -10 1.9840440075880894e-07 1.998924337645e-07 1.996444282635515e-07 1.9865240625975744e-07 1.9840440075880894e-07 1.4880330056910671e-09
