4 0.181 -10 0.7992007992007992 0.951048951048951 0.8381618381618382 0.8011988011988012 0.7992007992007992 0.9250749250749251
4 0.128 -10 0.5847953216374269 0.7814327485380117 0.6147660818713451 0.5847953216374269 0.5847953216374269 0.7032163742690059
4 0.090496 -10 0.34904013961605584 0.45157068062827227 0.3730366492146597 0.34904013961605584 0.34904013961605584 0.36910994764397903
4 0.064 -10 0.20085362791865427 0.2513181019332162 0.2124027115239769 0.20085362791865427 0.20085362791865427 0.17800652774290734
4 0.045249 -10 0.10893246187363835 0.1380718954248366 0.11601307189542484 0.1090686274509804 0.10893246187363835 0.0855119825708061
4 0.032 -10 0.05281922619833619 0.06384523966723887 0.055460187508253 0.05281922619833619 0.05281922619833619 0.03254984814472468
4 0.022624 -10 0.02533088468114749 0.029637135076942562 0.026185802039136216 0.02539421189285036 0.02533088468114749 0.012792096763979481
4 0.016 -10 0.012327986069375742 0.014053904119088346 0.012744055599217173 0.0123742160171359 0.012327986069375742 0.004484304932735426
4 0.011312 -10 0.006218663764623576 0.0067472501846165805 0.0063041703913871506 0.006241983753740915 0.006218663764623576 0.0015002526332154379
4 0.008 -10 0.0030758465306373536 0.0032680869388021887 0.0031296738449235074 0.003083536146963947 0.0030758465306373536 0.0005190491020450534
4 0.005656 -10 0.0015370013871437518 0.0016023239460973614 0.001542765142345541 0.0015370013871437518 0.0015370013871437518 0.00016714890085188302
4 0.004 -10 0.0007331122999748909 0.0007450253748494829 0.0007367778614747653 0.0007340286903498595 0.0007331122999748909 4.3986737998493454e-05
4 0.002828 -10 0.00037905027059451194 0.00038094552194748447 0.00037952408343275507 0.00037905027059451194 0.00037905027059451194 1.5162010823780477e-05
4 0.002 -10 0.00018994714245893225 0.00019184661388352156 0.0001901845763870059 0.00018994714245893225 0.00018994714245893225 6.410716057988963e-06
