4 0.181 -10 0.7714561234329798 0.9758919961427194 0.8418514946962391 0.7868852459016393 0.7714561234329798 0.973963355834137
4 0.128 -10 0.5567153792623522 0.8218510786360473 0.6743215031315241 0.5782881002087683 0.5567153792623522 0.802366040361865
4 0.090496 -10 0.3389830508474576 0.5919491525423729 0.43940677966101693 0.363135593220339 0.3389830508474576 0.5771186440677966
4 0.064 -10 0.15212017493820118 0.3095645559992394 0.225708309564556 0.17151549724282183 0.15212017493820118 0.2966343411294923
4 0.045249 -10 0.06397952655150352 0.1529910428662828 0.1044465770953295 0.07509596928982726 0.06397952655150352 0.14395393474088292
4 0.032 -10 0.026021337496747333 0.06183320322664585 0.0456999739786625 0.03151834504293521 0.026021337496747333 0.05649882903981265
4 0.022624 -10 0.009705086678555398 0.024384030279870437 0.017748177263408185 0.012094964273149664 0.009705086678555398 0.02138758476786646
4 0.016 -10 0.003634794066198687 0.009005202299007246 0.006910652218360253 0.0046525364047343195 0.003634794066198687 0.007328653535973103
4 0.011312 -10 0.001409969897142696 0.0030049983432853707 0.0024216232983425806 0.0017800869951426538 0.001409969897142696 0.002190740727685464
4 0.008 -10 0.0005524133211710334 0.00109446889257011 0.0009101009466292775 0.0007057080177959951 0.0005524133211710334 0.0006939692347211107
4 0.005656 -10 0.00021618151031969462 0.00040263806297043125 0.0003442690551841137 0.0002672543921327225 0.00021618151031969462 0.00024212329155805798
4 0.004 -10 8.933848980206722e-05 0.00015343885623505046 0.00013601785072364734 0.00010966299623203752 8.933848980206722e-05 8.330814174042769e-05
4 0.002828 -10 6.511319603564818e-05 8.456576335129807e-05 7.943809916349077e-05 7.154312414416843e-05 6.511319603564818e-05 2.4498840008412626e-05
4 0.002 -10 1.4615211354864621e-05 2.1539167734231735e-05 1.9913225471003048e-05 1.6825762072287896e-05 1.4615211354864621e-05 8.549898642595803e-06
