6 0.181 -10 0.9433962264150944 0.9988207547169812 0.9823113207547169 0.9551886792452831 0.9433962264150944 0.9964622641509434
6 0.128 -10 0.6968641114982579 0.8850174216027874 0.7970383275261324 0.7160278745644599 0.6968641114982579 0.872822299651568
6 0.090496 -10 0.30372057706909644 0.49316628701594534 0.40129081245254367 0.32422171602126043 0.30372057706909644 0.4540622627182992
6 0.064 -10 0.08989774131924935 0.1788965052253062 0.1369816833352062 0.10057309810091021 0.08989774131924935 0.15732104730868637
6 0.045249 -10 0.019511719226360334 0.044901343869661714 0.03295041584351601 0.022657983951610935 0.019511719226360334 0.03626740811199727
6 0.032 -10 0.0045446798841106625 0.009878997898085554 0.0073851048116798275 0.005288871215133784 0.0045446798841106625 0.007243083565301369
6 0.022624 -10 0.0009080930386722772 0.002051155151101006 0.001497218397510917 0.0010851711812133711 0.0009080930386722772 0.0014154900240304121
6 0.016 -10 0.00020111002679288332 0.00045224617275049637 0.00031172054152896916 0.00023605289394814679 0.00020111002679288332 0.0002878387258473142
6 0.011312 -10 4.601027904141494e-05 0.00011289772219787193 7.200608669981439e-05 5.153151252638474e-05 4.601027904141494e-05 7.229365094382324e-05
6 0.008 -10 1.2514912104408909e-05 2.5452202492341616e-05 1.792761158956576e-05 1.3750759674719288e-05 1.2514912104408909e-05 1.4032345197068488e-05
6 0.005656 -10 2.7305254470943595e-06 6.3860163893919336e-06 3.877346134873991e-06 2.952380639670776e-06 2.7305254470943595e-06 3.8124961555054996e-06
6 0.004 -10 6.717202791783001e-07 2.6658898579888785e-06 1.4761053134943145e-06 7.229389504656455e-07 6.717202791783001e-07 2.0269159424205206e-06
6 0.002828 -10 1.8115942111032345e-07 5.794836982766472e-07 2.7490942153491585e-07 1.9474637769359773e-07 1.8115942111032345e-07 4.07155798945452e-07
6 0.002 -10 4.782302011562419e-08 2.4049001240644516e-07 7.496258403124093e-08 5.087173764799523e-08 4.782302011562419e-08 1.9457991309544594e-07
