3 0.001 -10 0.0023949125670642045 0.0023949125670642045 0.0023949125670642045 0.0023949125670642045 0.0023949125670642045 0.0
3 0.001414 -10 0.004896405657415906 0.004896405657415906 0.004896405657415906 0.004896405657415906 0.004896405657415906 0.0
3 0.002 -10 0.00992392758179246 0.00992392758179246 0.00992392758179246 0.00992392758179246 0.00992392758179246 0.0
3 0.002828 -10 0.019458239375260793 0.019458239375260793 0.019458239375260793 0.019458239375260793 0.019458239375260793 0.0
3 0.004 -10 0.04264553975038144 0.04264553975038144 0.04264553975038144 0.04264553975038144 0.04264553975038144 0.0
3 0.005656 -10 0.08111835167509396 0.08111835167509396 0.08111835167509396 0.08111835167509396 0.08111835167509396 0.0
3 0.008 -10 0.14557924363495195 0.14557924363495195 0.14557924363495195 0.14557924363495195 0.14557924363495195 0.0
3 0.011312 -10 0.2705709046087244 0.2705709046087244 0.2705709046087244 0.2705709046087244 0.2705709046087244 0.0
3 0.001 -10 0.0023949125670642045 0.0023949125670642045 0.0023949125670642045 0.0023949125670642045 0.0023949125670642045 0.0
3 0.001414 -10 0.004896405657415906 0.004896405657415906 0.004896405657415906 0.004896405657415906 0.004896405657415906 0.0
3 0.002 -10 0.00992392758179246 0.00992392758179246 0.00992392758179246 0.00992392758179246 0.00992392758179246 0.0
3 0.002828 -10 0.019458239375260793 0.019458239375260793 0.019458239375260793 0.019458239375260793 0.019458239375260793 0.0
3 0.004 -10 0.04264553975038144 0.04264553975038144 0.04264553975038144 0.04264553975038144 0.04264553975038144 0.0
3 0.005656 -10 0.08111835167509396 0.08111835167509396 0.08111835167509396 0.08111835167509396 0.08111835167509396 0.0
3 0.008 -10 0.14557924363495195 0.14557924363495195 0.14557924363495195 0.14557924363495195 0.14557924363495195 0.0
3 0.011312 -10 0.2705709046087244 0.2705709046087244 0.2705709046087244 0.2705709046087244 0.2705709046087244 0.0
3 0.001 -10 0.0023949125670642045 0.0023949125670642045 0.0023949125670642045 0.0023949125670642045 0.0023949125670642045 0.0
3 0.001414 -10 0.004896405657415906 0.004896405657415906 0.004896405657415906 0.004896405657415906 0.004896405657415906 0.0
3 0.002 -10 0.00992392758179246 0.00992392758179246 0.00992392758179246 0.00992392758179246 0.00992392758179246 0.0
3 0.002828 -10 0.019458239375260793 0.019458239375260793 0.019458239375260793 0.019458239375260793 0.019458239375260793 0.0
3 0.004 -10 0.04264553975038144 0.04264553975038144 0.04264553975038144 0.04264553975038144 0.04264553975038144 0.0
3 0.005656 -10 0.08111835167509396 0.08111835167509396 0.08111835167509396 0.08111835167509396 0.08111835167509396 0.0
3 0.008 -10 0.14557924363495195 0.14557924363495195 0.14557924363495195 0.14557924363495195 0.14557924363495195 0.0
3 0.011312 -10 0.2705709046087244 0.2705709046087244 0.2705709046087244 0.2705709046087244 0.2705709046087244 0.0
3 0.001 -10 0.0023949125670642045 0.0023949125670642045 0.0023949125670642045 0.0023949125670642045 0.0023949125670642045 0.0
3 0.001414 -10 0.004896405657415906 0.004896405657415906 0.004896405657415906 0.004896405657415906 0.004896405657415906 0.0
3 0.002 -10 0.00992392758179246 0.00992392758179246 0.00992392758179246 0.00992392758179246 0.00992392758179246 0.0
3 0.002828 -10 0.019458239375260793 0.019458239375260793 0.019458239375260793 0.019458239375260793 0.019458239375260793 0.0
3 0.004 -10 0.04264553975038144 0.04264553975038144 0.04264553975038144 0.04264553975038144 0.04264553975038144 0.0
3 0.005656 -10 0.08111835167509396 0.08111835167509396 0.08111835167509396 0.08111835167509396 0.08111835167509396 0.0
3 0.008 -10 0.14557924363495195 0.14557924363495195 0.14557924363495195 0.14557924363495195 0.14557924363495195 0.0
3 0.011312 -10 0.2705709046087244 0.2705709046087244 0.2705709046087244 0.2705709046087244 0.2705709046087244 0.0
3 0.001 -10 0.0023949125670642045 0.0023949125670642045 0.0023949125670642045 0.0023949125670642045 0.0023949125670642045 0.0
3 0.001414 -10 0.004896405657415906 0.004896405657415906 0.004896405657415906 0.004896405657415906 0.004896405657415906 0.0
3 0.002 -10 0.00992392758179246 0.00992392758179246 0.00992392758179246 0.00992392758179246 0.00992392758179246 0.0
3 0.002828 -10 0.019458239375260793 0.019458239375260793 0.019458239375260793 0.019458239375260793 0.019458239375260793 0.0
3 0.004 -10 0.04264553975038144 0.04264553975038144 0.04264553975038144 0.04264553975038144 0.04264553975038144 0.0
3 0.005656 -10 0.08111835167509396 0.08111835167509396 0.08111835167509396 0.08111835167509396 0.08111835167509396 0.0
3 0.008 -10 0.14557924363495195 0.14557924363495195 0.14557924363495195 0.14557924363495195 0.14557924363495195 0.0
3 0.011312 -10 0.2705709046087244 0.2705709046087244 0.2705709046087244 0.2705709046087244 0.2705709046087244 0.0
3 0.001 -10 0.0023949125670642045 0.0023949125670642045 0.0023949125670642045 0.0023949125670642045 0.0023949125670642045 0.0
3 0.001414 -10 0.004896405657415906 0.004896405657415906 0.004896405657415906 0.004896405657415906 0.004896405657415906 0.0
3 0.002 -10 0.00992392758179246 0.00992392758179246 0.00992392758179246 0.00992392758179246 0.00992392758179246 0.0
3 0.002828 -10 0.019458239375260793 0.019458239375260793 0.019458239375260793 0.019458239375260793 0.019458239375260793 0.0
3 0.004 -10 0.04264553975038144 0.04264553975038144 0.04264553975038144 0.04264553975038144 0.04264553975038144 0.0
3 0.005656 -10 0.08111835167509396 0.08111835167509396 0.08111835167509396 0.08111835167509396 0.08111835167509396 0.0
3 0.008 -10 0.14557924363495195 0.14557924363495195 0.14557924363495195 0.14557924363495195 0.14557924363495195 0.0
3 0.011312 -10 0.2705709046087244 0.2705709046087244 0.2705709046087244 0.2705709046087244 0.2705709046087244 0.0
3 0.001 -10 0.0023949125670642045 0.0023949125670642045 0.0023949125670642045 0.0023949125670642045 0.0023949125670642045 0.0
3 0.001414 -10 0.004896405657415906 0.004896405657415906 0.004896405657415906 0.004896405657415906 0.004896405657415906 0.0
3 0.002 -10 0.00992392758179246 0.00992392758179246 0.00992392758179246 0.00992392758179246 0.00992392758179246 0.0
3 0.002828 -10 0.019458239375260793 0.019458239375260793 0.019458239375260793 0.019458239375260793 0.019458239375260793 0.0
3 0.004 -10 0.04264553975038144 0.04264553975038144 0.04264553975038144 0.04264553975038144 0.04264553975038144 0.0
3 0.005656 -10 0.08111835167509396 0.08111835167509396 0.08111835167509396 0.08111835167509396 0.08111835167509396 0.0
3 0.008 -10 0.14557924363495195 0.14557924363495195 0.14557924363495195 0.14557924363495195 0.14557924363495195 0.0
3 0.011312 -10 0.2705709046087244 0.2705709046087244 0.2705709046087244 0.2705709046087244 0.2705709046087244 0.0
3 0.001 -10 0.0023949125670642045 0.0023949125670642045 0.0023949125670642045 0.0023949125670642045 0.0023949125670642045 0.0
3 0.001414 -10 0.004896405657415906 0.004896405657415906 0.004896405657415906 0.004896405657415906 0.004896405657415906 0.0
3 0.002 -10 0.00992392758179246 0.00992392758179246 0.00992392758179246 0.00992392758179246 0.00992392758179246 0.0
3 0.002828 -10 0.019458239375260793 0.019458239375260793 0.019458239375260793 0.019458239375260793 0.019458239375260793 0.0
3 0.004 -10 0.04264553975038144 0.04264553975038144 0.04264553975038144 0.04264553975038144 0.04264553975038144 0.0
3 0.005656 -10 0.08111835167509396 0.08111835167509396 0.08111835167509396 0.08111835167509396 0.08111835167509396 0.0
3 0.008 -10 0.14557924363495195 0.14557924363495195 0.14557924363495195 0.14557924363495195 0.14557924363495195 0.0
3 0.011312 -10 0.2705709046087244 0.2705709046087244 0.2705709046087244 0.2705709046087244 0.2705709046087244 0.0
3 0.001 -10 0.0023949125670642045 0.0023949125670642045 0.0023949125670642045 0.0023949125670642045 0.0023949125670642045 0.0
3 0.001414 -10 0.004896405657415906 0.004896405657415906 0.004896405657415906 0.004896405657415906 0.004896405657415906 0.0
3 0.002 -10 0.00992392758179246 0.00992392758179246 0.00992392758179246 0.00992392758179246 0.00992392758179246 0.0
3 0.002828 -10 0.019458239375260793 0.019458239375260793 0.019458239375260793 0.019458239375260793 0.019458239375260793 0.0
3 0.004 -10 0.04264553975038144 0.04264553975038144 0.04264553975038144 0.04264553975038144 0.04264553975038144 0.0
3 0.005656 -10 0.08111835167509396 0.08111835167509396 0.08111835167509396 0.08111835167509396 0.08111835167509396 0.0
3 0.008 -10 0.14557924363495195 0.14557924363495195 0.14557924363495195 0.14557924363495195 0.14557924363495195 0.0
3 0.011312 -10 0.2705709046087244 0.2705709046087244 0.2705709046087244 0.2705709046087244 0.2705709046087244 0.0
