7 0.128 -10 1.0 1.0 1.0 1.0 1.0 0.0 nan 0.0
7 0.090496 -10 1.0 1.0 1.0 1.0 1.0 0.0 nan 0.0
7 0.064 -10 0.9970089730807578 0.9970089730807578 0.9970089730807578 0.9970089730807578 0.9970089730807578 0.0 nan 0.0
7 0.045249 -10 0.9505703422053232 0.9505703422053232 0.9505703422053232 0.9505703422053232 0.9505703422053232 0.0 nan 0.001
7 0.032 -10 0.7178750897343862 0.7178750897343862 0.7178750897343862 0.7178750897343862 0.7178750897343862 0.0 nan 0.0030000000000000005
7 0.022624 -10 0.44424700133274103 0.44424700133274103 0.44424700133274103 0.44424700133274103 0.44424700133274103 0.0 5.441177100000001 0.0
7 0.016 -10 0.2222716159146477 0.2222716159146477 0.2222716159146477 0.2222716159146477 0.2222716159146477 0.0 4.313661299999999 0.002
7 0.011312 -10 0.10058338362502514 0.10058338362502514 0.10058338362502514 0.10058338362502514 0.10058338362502514 0.0 3.5676427999999993 0.002
7 0.008 -10 0.04323576462449739 0.04323576462449739 0.04323576462449739 0.04323576462449739 0.04323576462449739 0.0 3.1220667000000004 0.0
7 0.005656 -10 0.021663778162911613 0.021663778162911613 0.021663778162911613 0.021663778162911613 0.021663778162911613 0.0 2.8293933999999994 0.0
7 0.004 -10 0.010116133209242099 0.010116133209242099 0.010116133209242099 0.010116133209242099 0.010116133209242099 0.0 2.6044533000000003 0.0
