5 0.005 -10 0.011300328839569232 0.2630716553851717 0.0791136022058242 0.012486863367724001 0.011300328839569232 0.2618625201993378
5 0.00558 -10 0.014252120002850425 0.31923323594384667 0.09838238437967647 0.015962374403192474 0.014252120002850425 0.31787928454357584
5 0.00623 -10 0.019704821769887092 0.3822341326922698 0.12727344381170072 0.02236497270882185 0.019704821769887092 0.38065774695067883
5 0.00695 -10 0.027048958615093318 0.45404381931295645 0.16932648093048416 0.03113335136597241 0.027048958615093318 0.4522315390857452
5 0.00776 -10 0.03631345776744862 0.5291233931294937 0.2150482968988307 0.042813566707821916 0.03631345776744862 0.5273077202411214
5 0.00866 -10 0.049370525796099726 0.6203900271537892 0.28269563070846704 0.06200938039990126 0.049370525796099726 0.6180202419155764
5 0.00967 -10 0.06774608766343744 0.6943973985502337 0.3521441636745478 0.08441162522864304 0.06774608766343744 0.6921617776573403
5 0.01079 -10 0.08919015340706386 0.7824652158401713 0.44800214056368176 0.11719586157688192 0.08919015340706386 0.7808597930788441
5 0.01204 -10 0.10664391596459422 0.8510184493974619 0.5374853364615548 0.15196758024954676 0.10664391596459422 0.849952010237816
5 0.01344 -10 0.14259232853272494 0.9023242549550834 0.6390988164836732 0.21203479252816199 0.14259232853272494 0.9007557393412234
5 0.015 -10 0.18925056775170326 0.9504163512490538 0.7549205147615443 0.2838758516275549 0.18925056775170326 0.9498485995457986
