5 0.001 -10 0.01092833803049492 0.01092833803049492 0.01092833803049492 0.01092833803049492 0.01092833803049492 0.0
5 0.001414 -10 0.021628844226660674 0.021628844226660674 0.021628844226660674 0.021628844226660674 0.021628844226660674 0.0
5 0.002 -10 0.04394788757153739 0.04394788757153739 0.04394788757153739 0.04394788757153739 0.04394788757153739 0.0
5 0.002828 -10 0.09111340581910952 0.09111340581910952 0.09111340581910952 0.09111340581910952 0.09111340581910952 0.0
5 0.004 -10 0.17713745866792632 0.17713745866792632 0.17713745866792632 0.17713745866792632 0.17713745866792632 0.0
5 0.005656 -10 0.32924821657216025 0.32924821657216025 0.32924821657216025 0.32924821657216025 0.32924821657216025 0.0
5 0.008 -10 0.5534714962179448 0.5534714962179448 0.5534714962179448 0.5534714962179448 0.5534714962179448 0.0
5 0.011312 -10 0.8083348302496857 0.8083348302496857 0.8083348302496857 0.8083348302496857 0.8083348302496857 0.0
5 0.001 -10 0.01092833803049492 0.01092833803049492 0.01092833803049492 0.01092833803049492 0.01092833803049492 0.0
5 0.001414 -10 0.021628844226660674 0.021628844226660674 0.021628844226660674 0.021628844226660674 0.021628844226660674 0.0
5 0.002 -10 0.04394788757153739 0.04394788757153739 0.04394788757153739 0.04394788757153739 0.04394788757153739 0.0
5 0.002828 -10 0.09111340581910952 0.09111340581910952 0.09111340581910952 0.09111340581910952 0.09111340581910952 0.0
5 0.004 -10 0.17713745866792632 0.17713745866792632 0.17713745866792632 0.17713745866792632 0.17713745866792632 0.0
5 0.005656 -10 0.32924821657216025 0.32924821657216025 0.32924821657216025 0.32924821657216025 0.32924821657216025 0.0
5 0.008 -10 0.5534714962179448 0.5534714962179448 0.5534714962179448 0.5534714962179448 0.5534714962179448 0.0
5 0.011312 -10 0.8083348302496857 0.8083348302496857 0.8083348302496857 0.8083348302496857 0.8083348302496857 0.0
5 0.001 -10 0.01092833803049492 0.01092833803049492 0.01092833803049492 0.01092833803049492 0.01092833803049492 0.0
5 0.001414 -10 0.021628844226660674 0.021628844226660674 0.021628844226660674 0.021628844226660674 0.021628844226660674 0.0
5 0.002 -10 0.04394788757153739 0.04394788757153739 0.04394788757153739 0.04394788757153739 0.04394788757153739 0.0
5 0.002828 -10 0.09111340581910952 0.09111340581910952 0.09111340581910952 0.09111340581910952 0.09111340581910952 0.0
5 0.004 -10 0.17713745866792632 0.17713745866792632 0.17713745866792632 0.17713745866792632 0.17713745866792632 0.0
5 0.005656 -10 0.32924821657216025 0.32924821657216025 0.32924821657216025 0.32924821657216025 0.32924821657216025 0.0
5 0.008 -10 0.5534714962179448 0.5534714962179448 0.5534714962179448 0.5534714962179448 0.5534714962179448 0.0
5 0.011312 -10 0.8083348302496857 0.8083348302496857 0.8083348302496857 0.8083348302496857 0.8083348302496857 0.0
5 0.001 -10 0.01092833803049492 0.01092833803049492 0.01092833803049492 0.01092833803049492 0.01092833803049492 0.0
5 0.001414 -10 0.021628844226660674 0.021628844226660674 0.021628844226660674 0.021628844226660674 0.021628844226660674 0.0
5 0.002 -10 0.04394788757153739 0.04394788757153739 0.04394788757153739 0.04394788757153739 0.04394788757153739 0.0
5 0.002828 -10 0.09111340581910952 0.09111340581910952 0.09111340581910952 0.09111340581910952 0.09111340581910952 0.0
5 0.004 -10 0.17713745866792632 0.17713745866792632 0.17713745866792632 0.17713745866792632 0.17713745866792632 0.0
5 0.005656 -10 0.32924821657216025 0.32924821657216025 0.32924821657216025 0.32924821657216025 0.32924821657216025 0.0
5 0.008 -10 0.5534714962179448 0.5534714962179448 0.5534714962179448 0.5534714962179448 0.5534714962179448 0.0
5 0.011312 -10 0.8083348302496857 0.8083348302496857 0.8083348302496857 0.8083348302496857 0.8083348302496857 0.0
5 0.001 -10 0.01092833803049492 0.01092833803049492 0.01092833803049492 0.01092833803049492 0.01092833803049492 0.0
5 0.001414 -10 0.021628844226660674 0.021628844226660674 0.021628844226660674 0.021628844226660674 0.021628844226660674 0.0
5 0.002 -10 0.04394788757153739 0.04394788757153739 0.04394788757153739 0.04394788757153739 0.04394788757153739 0.0
5 0.002828 -10 0.09111340581910952 0.09111340581910952 0.09111340581910952 0.09111340581910952 0.09111340581910952 0.0
5 0.004 -10 0.17713745866792632 0.17713745866792632 0.17713745866792632 0.17713745866792632 0.17713745866792632 0.0
5 0.005656 -10 0.32924821657216025 0.32924821657216025 0.32924821657216025 0.32924821657216025 0.32924821657216025 0.0
5 0.008 -10 0.5534714962179448 0.5534714962179448 0.5534714962179448 0.5534714962179448 0.5534714962179448 0.0
5 0.011312 -10 0.8083348302496857 0.8083348302496857 0.8083348302496857 0.8083348302496857 0.8083348302496857 0.0
5 0.001 -10 0.01092833803049492 0.01092833803049492 0.01092833803049492 0.01092833803049492 0.01092833803049492 0.0
5 0.001414 -10 0.021628844226660674 0.021628844226660674 0.021628844226660674 0.021628844226660674 0.021628844226660674 0.0
5 0.002 -10 0.04394788757153739 0.04394788757153739 0.04394788757153739 0.04394788757153739 0.04394788757153739 0.0
5 0.002828 -10 0.09111340581910952 0.09111340581910952 0.09111340581910952 0.09111340581910952 0.09111340581910952 0.0
5 0.004 -10 0.17713745866792632 0.17713745866792632 0.17713745866792632 0.17713745866792632 0.17713745866792632 0.0
5 0.005656 -10 0.32924821657216025 0.32924821657216025 0.32924821657216025 0.32924821657216025 0.32924821657216025 0.0
5 0.008 -10 0.5534714962179448 0.5534714962179448 0.5534714962179448 0.5534714962179448 0.5534714962179448 0.0
5 0.011312 -10 0.8083348302496857 0.8083348302496857 0.8083348302496857 0.8083348302496857 0.8083348302496857 0.0
5 0.001 -10 0.01092833803049492 0.01092833803049492 0.01092833803049492 0.01092833803049492 0.01092833803049492 0.0
5 0.001414 -10 0.021628844226660674 0.021628844226660674 0.021628844226660674 0.021628844226660674 0.021628844226660674 0.0
5 0.002 -10 0.04394788757153739 0.04394788757153739 0.04394788757153739 0.04394788757153739 0.04394788757153739 0.0
5 0.002828 -10 0.09111340581910952 0.09111340581910952 0.09111340581910952 0.09111340581910952 0.09111340581910952 0.0
5 0.004 -10 0.17713745866792632 0.17713745866792632 0.17713745866792632 0.17713745866792632 0.17713745866792632 0.0
5 0.005656 -10 0.32924821657216025 0.32924821657216025 0.32924821657216025 0.32924821657216025 0.32924821657216025 0.0
5 0.008 -10 0.5534714962179448 0.5534714962179448 0.5534714962179448 0.5534714962179448 0.5534714962179448 0.0
5 0.011312 -10 0.8083348302496857 0.8083348302496857 0.8083348302496857 0.8083348302496857 0.8083348302496857 0.0
5 0.001 -10 0.01092833803049492 0.01092833803049492 0.01092833803049492 0.01092833803049492 0.01092833803049492 0.0
5 0.001414 -10 0.021628844226660674 0.021628844226660674 0.021628844226660674 0.021628844226660674 0.021628844226660674 0.0
5 0.002 -10 0.04394788757153739 0.04394788757153739 0.04394788757153739 0.04394788757153739 0.04394788757153739 0.0
5 0.002828 -10 0.09111340581910952 0.09111340581910952 0.09111340581910952 0.09111340581910952 0.09111340581910952 0.0
5 0.004 -10 0.17713745866792632 0.17713745866792632 0.17713745866792632 0.17713745866792632 0.17713745866792632 0.0
5 0.005656 -10 0.32924821657216025 0.32924821657216025 0.32924821657216025 0.32924821657216025 0.32924821657216025 0.0
5 0.008 -10 0.5534714962179448 0.5534714962179448 0.5534714962179448 0.5534714962179448 0.5534714962179448 0.0
5 0.011312 -10 0.8083348302496857 0.8083348302496857 0.8083348302496857 0.8083348302496857 0.8083348302496857 0.0
5 0.001 -10 0.01092833803049492 0.01092833803049492 0.01092833803049492 0.01092833803049492 0.01092833803049492 0.0
5 0.001414 -10 0.021628844226660674 0.021628844226660674 0.021628844226660674 0.021628844226660674 0.021628844226660674 0.0
5 0.002 -10 0.04394788757153739 0.04394788757153739 0.04394788757153739 0.04394788757153739 0.04394788757153739 0.0
5 0.002828 -10 0.09111340581910952 0.09111340581910952 0.09111340581910952 0.09111340581910952 0.09111340581910952 0.0
5 0.004 -10 0.17713745866792632 0.17713745866792632 0.17713745866792632 0.17713745866792632 0.17713745866792632 0.0
5 0.005656 -10 0.32924821657216025 0.32924821657216025 0.32924821657216025 0.32924821657216025 0.32924821657216025 0.0
5 0.008 -10 0.5534714962179448 0.5534714962179448 0.5534714962179448 0.5534714962179448 0.5534714962179448 0.0
5 0.011312 -10 0.8083348302496857 0.8083348302496857 0.8083348302496857 0.8083348302496857 0.8083348302496857 0.0
