5 0.128 -10 1.0 1.0 1.0 1.0 1.0 0.0 nan 0.0
5 0.090496 -10 1.0 1.0 1.0 1.0 1.0 0.0 nan 0.001
5 0.064 -10 0.9337068160597572 0.9337068160597572 0.9337068160597572 0.9337068160597572 0.9337068160597572 0.0 nan 0.006
5 0.045249 -10 0.7052186177715092 0.7052186177715092 0.7052186177715092 0.7052186177715092 0.7052186177715092 0.0 nan 0.016000000000000004
5 0.032 -10 0.42408821034775235 0.42408821034775235 0.42408821034775235 0.42408821034775235 0.42408821034775235 0.0 3.748079600000001 0.022000000000000006
5 0.022624 -10 0.2034587995930824 0.2034587995930824 0.2034587995930824 0.2034587995930824 0.2034587995930824 0.0 3.503874299999999 0.020000000000000004
5 0.016 -10 0.1019367991845056 0.1019367991845056 0.1019367991845056 0.1019367991845056 0.1019367991845056 0.0 3.135201199999999 0.02800000000000001
5 0.011312 -10 0.04373114094546727 0.04373114094546727 0.04373114094546727 0.04373114094546727 0.04373114094546727 0.0 2.831616099999999 0.019000000000000003
5 0.008 -10 0.019916351324437365 0.019916351324437365 0.019916351324437365 0.019916351324437365 0.019916351324437365 0.0 2.6309919999999996 0.024000000000000007
5 0.005656 -10 0.00892530412973822 0.00892530412973822 0.00892530412973822 0.00892530412973822 0.00892530412973822 0.0 2.4864448000000006 0.011
5 0.004 -10 0.004312780061155221 0.004312780061155221 0.004312780061155221 0.004312780061155221 0.004312780061155221 0.0 2.3928927 0.015
