3 0.005 -10 0.015242275976648833 0.06613623546267929 0.027146493514411573 0.01568430197997165 0.015242275976648833 0.05927721127318731
3 0.00558 -10 0.018399602568584517 0.07917348985261918 0.032990487405472044 0.018730795414819038 0.018399602568584517 0.07065447386336456
3 0.00623 -10 0.022533180107708602 0.09308456702494423 0.040875188715383405 0.02334437459158611 0.022533180107708602 0.08319250095766015
3 0.00695 -10 0.028922631959508314 0.11681851048445409 0.05151120751988431 0.029992769342010124 0.028922631959508314 0.10493130874909616
3 0.00776 -10 0.03596863534997482 0.14078123875980145 0.06675778720955326 0.03769512984677361 0.03596863534997482 0.1268613768793612
3 0.00866 -10 0.04505113303599585 0.17488849844573592 0.0836149029148083 0.04703338288957967 0.04505113303599585 0.15839978375456143
3 0.00967 -10 0.05104124132298898 0.21559820334830543 0.10473662719477338 0.054614128215598204 0.05104124132298898 0.19747856267864433
3 0.01079 -10 0.06578947368421052 0.2573026315789474 0.14157894736842105 0.07296052631578948 0.06578947368421052 0.23638157894736841
3 0.01204 -10 0.08065166545689169 0.3150254052746189 0.1725139124122913 0.08799096701346883 0.08065166545689169 0.2919590289539479
3 0.01344 -10 0.09003331232556046 0.35986314936526514 0.2042855856666967 0.10056720986765103 0.09003331232556046 0.3376249212208517
3 0.015 -10 0.11372682815876266 0.43625611281701354 0.2682815876265211 0.13055839872625952 0.11372682815876266 0.4113499374502445
