3 0.128 -10 0.9157509157509157 0.9157509157509157 0.9157509157509157 0.9157509157509157 0.9157509157509157 0.0 nan 0.03600000000000001
3 0.090496 -10 0.7142857142857143 0.7142857142857143 0.7142857142857143 0.7142857142857143 0.7142857142857143 0.0 nan 0.07899999999999999
3 0.064 -10 0.449034575662326 0.449034575662326 0.449034575662326 0.449034575662326 0.449034575662326 0.0 2.8667964 0.15199999999999989
3 0.045249 -10 0.24354603019970775 0.24354603019970775 0.24354603019970775 0.24354603019970775 0.24354603019970775 0.0 2.6891168000000016 0.24399999999999994
3 0.032 -10 0.1224889759921607 0.1224889759921607 0.1224889759921607 0.1224889759921607 0.1224889759921607 0.0 2.548608700000001 0.29699999999999993
3 0.022624 -10 0.06110975311659741 0.06110975311659741 0.06110975311659741 0.06110975311659741 0.06110975311659741 0.0 2.474104799999999 0.34999999999999987
3 0.016 -10 0.03111290874583865 0.03111290874583865 0.03111290874583865 0.03111290874583865 0.03111290874583865 0.0 2.4047771000000004 0.39199999999999996
3 0.011312 -10 0.015517107611141284 0.015517107611141284 0.015517107611141284 0.015517107611141284 0.015517107611141284 0.0 2.3565227000000006 0.4439999999999999
3 0.008 -10 0.007747253598599297 0.007747253598599297 0.007747253598599297 0.007747253598599297 0.007747253598599297 0.0 2.325296599999999 0.4449999999999998
3 0.005656 -10 0.00381334441745444 0.00381334441745444 0.00381334441745444 0.00381334441745444 0.00381334441745444 0.0 2.3173919000000005 0.44499999999999995
3 0.004 -10 0.0019513223135657878 0.0019513223135657878 0.0019513223135657878 0.0019513223135657878 0.0019513223135657878 0.0 2.3132674000000004 0.4849999999999999
