5 0.128 -10 0.4970178926441352 1.0 0.955765407554672 0.7231610337972167 0.4970178926441352 1.0 nan 0.0
5 0.090496 -10 0.41254125412541254 0.9971122112211221 0.7396864686468647 0.4665841584158416 0.41254125412541254 0.9966996699669967 nan 0.001
5 0.064 -10 0.24366471734892786 0.9344541910331384 0.4203216374269006 0.25633528265107214 0.24366471734892786 0.9293372319688109 nan 0.021000000000000005
5 0.045249 -10 0.1059658789869662 0.6967256543393028 0.1733601780226767 0.10829712832467946 0.1059658789869662 0.6844336123768147 4.063506899999999 0.1159999999999999
5 0.032 -10 0.0436700292589196 0.41041093497532644 0.07349665924276169 0.044325079697803395 0.0436700292589196 0.4018079392113193 3.5753794000000005 0.1970000000000001
5 0.022624 -10 0.016260162601626018 0.20502439024390243 0.03065040650406504 0.01648780487804878 0.016260162601626018 0.19998373983739837 3.2113317 0.3099999999999998
5 0.016 -10 0.00579616062320319 0.0971958174904943 0.013110915329685616 0.005987433923768896 0.00579616062320319 0.09486576091996661 2.905271300000001 0.402
5 0.011312 -10 0.002146272782685588 0.0452133824400546 0.0055073359603712195 0.0022278311484276404 0.002146272782685588 0.04423682832393266 2.6943007999999997 0.45499999999999985
5 0.008 -10 0.0007604406601537459 0.02072124754852942 0.0022037570331255554 0.0007908582865598957 0.0007604406601537459 0.020353954709675163 2.5433248000000015 0.483
5 0.005656 -10 0.0002650459987330801 0.009478309960693678 0.0009981632312287797 0.0002865147246304596 0.0002650459987330801 0.009352148065296733 2.440479 0.47599999999999987
5 0.004 -10 9.427739955780128e-05 0.004531254654946603 0.00044131250733006784 9.983976613171156e-05 9.427739955780128e-05 0.004483644568169913 2.366156 0.5049999999999998
