3 0.128 -10 0.39824771007566706 0.9048187972919156 0.6240541616885703 0.43886897650338513 0.39824771007566706 0.8705694942254082 nan 0.08599999999999992
3 0.090496 -10 0.3222687721559781 0.7328391878826942 0.426361585562359 0.3354817918143732 0.3222687721559781 0.6600064453754432 2.932933899999999 0.22599999999999998
3 0.064 -10 0.20999580008399832 0.4651406971860563 0.23393532129357414 0.21041579168416633 0.20999580008399832 0.37883242335153294 2.8058312 0.4109999999999999
3 0.045249 -10 0.11273957158962795 0.24171364148816235 0.12029312288613303 0.11273957158962795 0.11273957158962795 0.18556933483652763 2.671563499999999 0.498
3 0.032 -10 0.05892751915144372 0.12174425456688273 0.06081319976428992 0.05892751915144372 0.05892751915144372 0.08432527990571596 2.5530534000000014 0.6350000000000002
3 0.022624 -10 0.032643468042044786 0.059770189984984005 0.03326369393484364 0.032643468042044786 0.032643468042044786 0.03633217993079585 2.4561109000000005 0.7179999999999996
3 0.016 -10 0.016703972204590252 0.028947983830554906 0.017071459593091236 0.016703972204590252 0.016703972204590252 0.016820900010022382 2.3981873999999994 0.7260000000000001
3 0.011312 -10 0.009104483047452566 0.014758367019920608 0.009432244437160857 0.009104483047452566 0.009104483047452566 0.00819403474270731 2.3614423999999996 0.7209999999999996
3 0.008 -10 0.004537040397807702 0.007109542303364669 0.004596021922979202 0.004537040397807702 0.004537040397807702 0.003634169358643969 2.346462499999999 0.7659999999999999
3 0.005656 -10 0.00222314606291948 0.0034347606672105965 0.0022987330290587422 0.00222314606291948 0.00222314606291948 0.0017896325806501814 2.3245263000000005 0.74
3 0.004 -10 0.0011858963716314614 0.001791889417535138 0.001200127128091039 0.0011858963716314614 0.0011858963716314614 0.0008799351077505444 2.3152673000000004 0.769
