3 0.128 -10 0.9124087591240876 0.9124087591240876 0.9124087591240876 0.9124087591240876 0.9124087591240876 0.0 nan 0.03600000000000001
3 0.090496 -10 0.7057163020465773 0.7057163020465773 0.7057163020465773 0.7057163020465773 0.7057163020465773 0.0 nan 0.09099999999999994
3 0.064 -10 0.43956043956043955 0.43956043956043955 0.43956043956043955 0.43956043956043955 0.43956043956043955 0.0 nan 0.16899999999999987
3 0.045249 -10 0.24172105390379503 0.24172105390379503 0.24172105390379503 0.24172105390379503 0.24172105390379503 0.0 2.681231300000002 0.23799999999999993
3 0.032 -10 0.12406947890818859 0.12406947890818859 0.12406947890818859 0.12406947890818859 0.12406947890818859 0.0 2.5442303 0.3079999999999999
3 0.022624 -10 0.06119576525304449 0.06119576525304449 0.06119576525304449 0.06119576525304449 0.06119576525304449 0.0 2.4494614999999995 0.38099999999999995
3 0.016 -10 0.02966038855109002 0.02966038855109002 0.02966038855109002 0.02966038855109002 0.02966038855109002 0.0 2.3957889 0.415
3 0.011312 -10 0.014239537499822005 0.014239537499822005 0.014239537499822005 0.014239537499822005 0.014239537499822005 0.0 2.3616946000000003 0.46899999999999986
3 0.008 -10 0.0077248113214834725 0.0077248113214834725 0.0077248113214834725 0.0077248113214834725 0.0077248113214834725 0.0 2.3473765999999996 0.46799999999999997
3 0.005656 -10 0.0034942188149706312 0.0034942188149706312 0.0034942188149706312 0.0034942188149706312 0.0034942188149706312 0.0 2.321427200000001 0.46699999999999997
3 0.004 -10 0.0016629942210950818 0.0016629942210950818 0.0016629942210950818 0.0016629942210950818 0.0016629942210950818 0.0 2.315196300000001 0.4960000000000001
