3 0.128 -10 0.9233610341643582 0.9233610341643582 0.9233610341643582 0.9233610341643582 0.9233610341643582 0.0 nan 0.034000000000000016
3 0.090496 -10 0.7199424046076314 0.7199424046076314 0.7199424046076314 0.7199424046076314 0.7199424046076314 0.0 nan 0.07699999999999997
3 0.064 -10 0.46882325363338023 0.46882325363338023 0.46882325363338023 0.46882325363338023 0.46882325363338023 0.0 1.9005001000000004 0.17499999999999996
3 0.045249 -10 0.24372410431391664 0.24372410431391664 0.24372410431391664 0.24372410431391664 0.24372410431391664 0.0 1.7955637999999998 0.2590000000000002
3 0.032 -10 0.12565971349585323 0.12565971349585323 0.12565971349585323 0.12565971349585323 0.12565971349585323 0.0 1.6830966999999992 0.31199999999999983
3 0.022624 -10 0.0610016470444702 0.0610016470444702 0.0610016470444702 0.0610016470444702 0.0610016470444702 0.0 1.5837414 0.35599999999999987
3 0.016 -10 0.029923097639067597 0.029923097639067597 0.029923097639067597 0.029923097639067597 0.029923097639067597 0.0 1.5243977999999998 0.4269999999999999
3 0.011312 -10 0.01532003554248246 0.01532003554248246 0.01532003554248246 0.01532003554248246 0.01532003554248246 0.0 1.4740719000000004 0.42599999999999993
3 0.008 -10 0.007345487666926207 0.007345487666926207 0.007345487666926207 0.007345487666926207 0.007345487666926207 0.0 1.4453557000000004 0.466
3 0.005656 -10 0.00362360853432282 0.00362360853432282 0.00362360853432282 0.00362360853432282 0.00362360853432282 0.0 1.4174295 0.47999999999999987
3 0.004 -10 0.0018121063199020013 0.0018121063199020013 0.0018121063199020013 0.0018121063199020013 0.0018121063199020013 0.0 1.4052650000000002 0.475
