7 0.128 -10 0.514668039114771 1.0 0.9989706639217705 0.8090581574884199 0.514668039114771 1.0 nan 0.0
7 0.090496 -10 0.4633920296570899 1.0 0.9601482854494903 0.6014828544949027 0.4633920296570899 1.0 nan 0.0
7 0.064 -10 0.29171528588098017 0.9976662777129521 0.7138273045507585 0.3322637106184364 0.29171528588098017 0.9973745624270712 nan 0.001
7 0.045249 -10 0.11235955056179775 0.9547191011235955 0.3459550561797753 0.1204494382022472 0.11235955056179775 0.9542696629213483 nan 0.004
7 0.032 -10 0.031059758976270346 0.7482606534973288 0.14436575972170457 0.033109703068704185 0.031059758976270346 0.747235681451112 5.212670100000002 0.03300000000000001
7 0.022624 -10 0.007710100231303007 0.45858905165767155 0.05878951426368543 0.008249807247494217 0.007710100231303007 0.4579414032382421 4.461198199999999 0.08399999999999995
7 0.016 -10 0.0018158838996469922 0.2401924110580066 0.024418190798553105 0.0019520751921205165 0.0018158838996469922 0.23992547612475848 3.8274566000000014 0.14699999999999988
7 0.011312 -10 0.00045960592468805397 0.1164365649604716 0.010168781083723193 0.0004908591275668416 0.00045960592468805397 0.1163515378644043 3.322882399999999 0.185
7 0.008 -10 0.00010985730963623278 0.05432334104202075 0.004219399548508429 0.0001233697587214894 0.00010985730963623278 0.05430444558476332 2.9760136 0.17199999999999988
7 0.005656 -10 2.7070417980518124e-05 0.02536389883102626 0.0021062680118101736 3.418993790939439e-05 2.7070417980518124e-05 0.025357320719456997 2.7150617000000006 0.24300000000000005
7 0.004 -10 6.456974107998729e-06 0.011867847383786476 0.0009389990026816071 1.0550695692469923e-05 6.456974107998729e-06 0.011866394564612177 2.5282146 0.22499999999999992
