5 0.128 -10 1.0 1.0 1.0 1.0 1.0 0.0 nan 0.0
5 0.090496 -10 0.9930486593843099 0.9930486593843099 0.9930486593843099 0.9930486593843099 0.9930486593843099 0.0 nan 0.001
5 0.064 -10 0.9398496240601504 0.9398496240601504 0.9398496240601504 0.9398496240601504 0.9398496240601504 0.0 nan 0.005
5 0.045249 -10 0.7052186177715092 0.7052186177715092 0.7052186177715092 0.7052186177715092 0.7052186177715092 0.0 nan 0.02700000000000001
5 0.032 -10 0.4012841091492777 0.4012841091492777 0.4012841091492777 0.4012841091492777 0.4012841091492777 0.0 3.6129358 0.020000000000000004
5 0.022624 -10 0.20622808826562178 0.20622808826562178 0.20622808826562178 0.20622808826562178 0.20622808826562178 0.0 3.204213399999999 0.02500000000000001
5 0.016 -10 0.099770527786092 0.099770527786092 0.099770527786092 0.099770527786092 0.099770527786092 0.0 2.9014143000000003 0.012000000000000002
5 0.011312 -10 0.041283078066300626 0.041283078066300626 0.041283078066300626 0.041283078066300626 0.041283078066300626 0.0 2.714435200000001 0.013000000000000003
5 0.008 -10 0.01917398473750815 0.01917398473750815 0.01917398473750815 0.01917398473750815 0.01917398473750815 0.0 2.5593361 0.022000000000000006
5 0.005656 -10 0.00939884958081131 0.00939884958081131 0.00939884958081131 0.00939884958081131 0.00939884958081131 0.0 2.445297799999999 0.012
5 0.004 -10 0.004573540240293804 0.004573540240293804 0.004573540240293804 0.004573540240293804 0.004573540240293804 0.0 2.3685367000000004 0.008
