5 0.128 -10 1.0 1.0 1.0 1.0 1.0 0.0 nan 0.0
5 0.090496 -10 0.9960159362549801 0.9960159362549801 0.9960159362549801 0.9960159362549801 0.9960159362549801 0.0 nan 0.0
5 0.064 -10 0.9319664492078286 0.9319664492078286 0.9319664492078286 0.9319664492078286 0.9319664492078286 0.0 nan 0.006999999999999999
5 0.045249 -10 0.6587615283267457 0.6587615283267457 0.6587615283267457 0.6587615283267457 0.6587615283267457 0.0 nan 0.012
5 0.032 -10 0.3952569169960474 0.3952569169960474 0.3952569169960474 0.3952569169960474 0.3952569169960474 0.0 7.234579899999997 0.021000000000000005
5 0.022624 -10 0.20308692120227456 0.20308692120227456 0.20308692120227456 0.20308692120227456 0.20308692120227456 0.0 6.200733700000001 0.02700000000000001
5 0.016 -10 0.1073998496402105 0.1073998496402105 0.1073998496402105 0.1073998496402105 0.1073998496402105 0.0 5.161345699999999 0.022000000000000006
5 0.011312 -10 0.04795013186286262 0.04795013186286262 0.04795013186286262 0.04795013186286262 0.04795013186286262 0.0 4.3630181 0.020000000000000004
5 0.008 -10 0.022913706979515145 0.022913706979515145 0.022913706979515145 0.022913706979515145 0.022913706979515145 0.0 3.8627525000000014 0.005
5 0.005656 -10 0.011100627185435977 0.011100627185435977 0.011100627185435977 0.011100627185435977 0.011100627185435977 0.0 3.5609013000000016 0.008
5 0.004 -10 0.005459766977145415 0.005459766977145415 0.005459766977145415 0.005459766977145415 0.005459766977145415 0.0 3.3001644 0.009
