7 0.362 -10 1.0 1.0 1.0 1.0 1.0 0.0
7 0.256 -10 1.0 1.0 1.0 1.0 1.0 0.0
7 0.181 -10 0.998003992015968 0.998003992015968 0.998003992015968 0.998003992015968 0.998003992015968 0.0
7 0.128 -10 0.9182736455463728 0.9182736455463728 0.9182736455463728 0.9182736455463728 0.9182736455463728 0.0
7 0.090496 -10 0.6447453255963894 0.6447453255963894 0.6447453255963894 0.6447453255963894 0.6447453255963894 0.0
7 0.064 -10 0.3702332469455757 0.3702332469455757 0.3702332469455757 0.3702332469455757 0.3702332469455757 0.0
7 0.045249 -10 0.1762114537444934 0.1762114537444934 0.1762114537444934 0.1762114537444934 0.1762114537444934 0.0
7 0.032 -10 0.07019021548396154 0.07019021548396154 0.07019021548396154 0.07019021548396154 0.07019021548396154 0.0
7 0.022624 -10 0.024112654320987654 0.024112654320987654 0.024112654320987654 0.024112654320987654 0.024112654320987654 0.0
7 0.016 -10 0.008234858154568288 0.008234858154568288 0.008234858154568288 0.008234858154568288 0.008234858154568288 0.0
7 0.011312 -10 0.0027903109243463 0.0027903109243463 0.0027903109243463 0.0027903109243463 0.0027903109243463 0.0
7 0.008 -10 0.000928574943890859 0.000928574943890859 0.000928574943890859 0.000928574943890859 0.000928574943890859 0.0
7 0.005656 -10 0.0002746323976699089 0.0002746323976699089 0.0002746323976699089 0.0002746323976699089 0.0002746323976699089 0.0
7 0.004 -10 9.539496089474369e-05 9.539496089474369e-05 9.539496089474369e-05 9.539496089474369e-05 9.539496089474369e-05 0.0
7 0.002828 -10 3.25986233862133e-05 3.25986233862133e-05 3.25986233862133e-05 3.25986233862133e-05 3.25986233862133e-05 0.0
7 0.002 -10 1.0945423785629584e-05 1.0945423785629584e-05 1.0945423785629584e-05 1.0945423785629584e-05 1.0945423785629584e-05 0.0
