6 0.362 -10 1.0 1.0 1.0 1.0 1.0 0.0
6 0.256 -10 1.0 1.0 1.0 1.0 1.0 0.0
6 0.181 -10 0.984251968503937 0.984251968503937 0.984251968503937 0.984251968503937 0.984251968503937 0.0
6 0.128 -10 0.774593338497289 0.774593338497289 0.774593338497289 0.774593338497289 0.774593338497289 0.0
6 0.090496 -10 0.4880429477794046 0.4880429477794046 0.4880429477794046 0.4880429477794046 0.4880429477794046 0.0
6 0.064 -10 0.24026910139356078 0.24026910139356078 0.24026910139356078 0.24026910139356078 0.24026910139356078 0.0
6 0.045249 -10 0.1203659123736158 0.1203659123736158 0.1203659123736158 0.1203659123736158 0.1203659123736158 0.0
6 0.032 -10 0.05840098113648309 0.05840098113648309 0.05840098113648309 0.05840098113648309 0.05840098113648309 0.0
6 0.022624 -10 0.01952362358453729 0.01952362358453729 0.01952362358453729 0.01952362358453729 0.01952362358453729 0.0
6 0.016 -10 0.0077935033356194275 0.0077935033356194275 0.0077935033356194275 0.0077935033356194275 0.0077935033356194275 0.0
6 0.011312 -10 0.003226014581585909 0.003226014581585909 0.003226014581585909 0.003226014581585909 0.003226014581585909 0.0
6 0.008 -10 0.0010904661633801833 0.0010904661633801833 0.0010904661633801833 0.0010904661633801833 0.0010904661633801833 0.0
6 0.005656 -10 0.00038607027560012694 0.00038607027560012694 0.00038607027560012694 0.00038607027560012694 0.00038607027560012694 0.0
6 0.004 -10 0.00013325597379867742 0.00013325597379867742 0.00013325597379867742 0.00013325597379867742 0.00013325597379867742 0.0
6 0.002828 -10 4.449692906668893e-05 4.449692906668893e-05 4.449692906668893e-05 4.449692906668893e-05 4.449692906668893e-05 0.0
6 0.002 -10 2.41640892443609e-05 2.41640892443609e-05 2.41640892443609e-05 2.41640892443609e-05 2.41640892443609e-05 0.0
