10 0.362 -10 1.0 1.0 1.0 1.0 1.0 0.0
10 0.256 -10 1.0 1.0 1.0 1.0 1.0 0.0
10 0.181 -10 1.0 1.0 1.0 1.0 1.0 0.0
10 0.128 -10 0.91324200913242 0.91324200913242 0.91324200913242 0.91324200913242 0.91324200913242 0.0
10 0.090496 -10 0.5458515283842795 0.5458515283842795 0.5458515283842795 0.5458515283842795 0.5458515283842795 0.0
10 0.064 -10 0.2153316106804479 0.2153316106804479 0.2153316106804479 0.2153316106804479 0.2153316106804479 0.0
10 0.045249 -10 0.05279831045406547 0.05279831045406547 0.05279831045406547 0.05279831045406547 0.05279831045406547 0.0
10 0.032 -10 0.011119636165504664 0.011119636165504664 0.011119636165504664 0.011119636165504664 0.011119636165504664 0.0
10 0.022624 -10 0.0019880399516508684 0.0019880399516508684 0.0019880399516508684 0.0019880399516508684 0.0019880399516508684 0.0
10 0.016 -10 0.0003232962771140505 0.0003232962771140505 0.0003232962771140505 0.0003232962771140505 0.0003232962771140505 0.0
10 0.011312 -10 5.043004218473029e-05 5.043004218473029e-05 5.043004218473029e-05 5.043004218473029e-05 5.043004218473029e-05 0.0
10 0.008 -10 8.87335074468132e-06 8.87335074468132e-06 8.87335074468132e-06 8.87335074468132e-06 8.87335074468132e-06 0.0
10 0.005656 -10 1.6473736153083446e-06 1.6473736153083446e-06 1.6473736153083446e-06 1.6473736153083446e-06 1.6473736153083446e-06 0.0
10 0.004 -10 3.08793712917515e-07 3.08793712917515e-07 3.08793712917515e-07 3.08793712917515e-07 3.08793712917515e-07 0.0
10 0.002828 -10 5.882363639465824e-08 5.882363639465824e-08 5.882363639465824e-08 5.882363639465824e-08 5.882363639465824e-08 0.0
10 0.002 -10 1.262035913282948e-08 1.262035913282948e-08 1.262035913282948e-08 1.262035913282948e-08 1.262035913282948e-08 0.0
