5 0.362 -10 1.0 1.0 1.0 1.0 1.0 0.0
5 0.256 -10 0.998003992015968 0.998003992015968 0.998003992015968 0.998003992015968 0.998003992015968 0.0
5 0.181 -10 0.9910802775024777 0.9910802775024777 0.9910802775024777 0.9910802775024777 0.9910802775024777 0.0
5 0.128 -10 0.835421888053467 0.835421888053467 0.835421888053467 0.835421888053467 0.835421888053467 0.0
5 0.090496 -10 0.6653359946773121 0.6653359946773121 0.6653359946773121 0.6653359946773121 0.6653359946773121 0.0
5 0.064 -10 0.35161744022503516 0.35161744022503516 0.35161744022503516 0.35161744022503516 0.35161744022503516 0.0
5 0.045249 -10 0.19364833462432224 0.19364833462432224 0.19364833462432224 0.19364833462432224 0.19364833462432224 0.0
5 0.032 -10 0.09388789784996714 0.09388789784996714 0.09388789784996714 0.09388789784996714 0.09388789784996714 0.0
5 0.022624 -10 0.047043326904078656 0.047043326904078656 0.047043326904078656 0.047043326904078656 0.047043326904078656 0.0
5 0.016 -10 0.024092902231002748 0.024092902231002748 0.024092902231002748 0.024092902231002748 0.024092902231002748 0.0
5 0.011312 -10 0.012011290613176386 0.012011290613176386 0.012011290613176386 0.012011290613176386 0.012011290613176386 0.0
5 0.008 -10 0.005366505492618372 0.005366505492618372 0.005366505492618372 0.005366505492618372 0.005366505492618372 0.0
5 0.005656 -10 0.002542762915328538 0.002542762915328538 0.002542762915328538 0.002542762915328538 0.002542762915328538 0.0
5 0.004 -10 0.001116420309918278 0.001116420309918278 0.001116420309918278 0.001116420309918278 0.001116420309918278 0.0
5 0.002828 -10 0.0006180190881375562 0.0006180190881375562 0.0006180190881375562 0.0006180190881375562 0.0006180190881375562 0.0
5 0.002 -10 0.00024465735614942594 0.00024465735614942594 0.00024465735614942594 0.00024465735614942594 0.00024465735614942594 0.0
