5 0.181 -10 0.9319664492078286 1.0 0.9990680335507922 0.9925442684063374 0.9319664492078286 1.0
5 0.128 -10 0.9398496240601504 1.0 0.9990601503759399 0.9868421052631579 0.9398496240601504 1.0
5 0.090496 -10 0.8826125330979699 1.0 0.9823477493380406 0.9461606354810238 0.8826125330979699 1.0
5 0.064 -10 0.6729475100942126 0.9427994616419919 0.8304172274562585 0.7422611036339165 0.6729475100942126 0.9347240915208613
5 0.045249 -10 0.4037141703673799 0.7383932176019379 0.5736778360920468 0.453774727492935 0.4037141703673799 0.72264836495761
5 0.032 -10 0.18744142455482662 0.4624179943767573 0.3270852858481724 0.22136832239925022 0.18744142455482662 0.44686035613870667
5 0.022624 -10 0.07708317274339012 0.246589069606105 0.15655592384182532 0.09658521544746781 0.07708317274339012 0.23656825714946428
5 0.016 -10 0.030089667208280678 0.1269182162845279 0.07368959499307938 0.038394415357766144 0.030089667208280678 0.12156225552145393
5 0.011312 -10 0.012566760917373547 0.06044612001256676 0.036142004398366324 0.016273955387998744 0.012566760917373547 0.05740496387056236
5 0.008 -10 0.005296413798217227 0.029061422510817926 0.016440068429666273 0.006985969799848522 0.005296413798217227 0.02762079795770284
5 0.181 -10 0.9319664492078286 1.0 0.9990680335507922 0.9925442684063374 0.9319664492078286 1.0
5 0.128 -10 0.9398496240601504 1.0 0.9990601503759399 0.9868421052631579 0.9398496240601504 1.0
5 0.090496 -10 0.8826125330979699 1.0 0.9823477493380406 0.9461606354810238 0.8826125330979699 1.0
5 0.064 -10 0.6729475100942126 0.9427994616419919 0.8304172274562585 0.7422611036339165 0.6729475100942126 0.9347240915208613
5 0.045249 -10 0.4037141703673799 0.7383932176019379 0.5736778360920468 0.453774727492935 0.4037141703673799 0.72264836495761
5 0.032 -10 0.18744142455482662 0.4624179943767573 0.3270852858481724 0.22136832239925022 0.18744142455482662 0.44686035613870667
5 0.022624 -10 0.07708317274339012 0.246589069606105 0.15655592384182532 0.09658521544746781 0.07708317274339012 0.23656825714946428
5 0.016 -10 0.030089667208280678 0.1269182162845279 0.07368959499307938 0.038394415357766144 0.030089667208280678 0.12156225552145393
5 0.011312 -10 0.012566760917373547 0.06044612001256676 0.036142004398366324 0.016273955387998744 0.012566760917373547 0.05740496387056236
5 0.008 -10 0.005296413798217227 0.029061422510817926 0.016440068429666273 0.006985969799848522 0.005296413798217227 0.02762079795770284
