6 0.181 -10 1.0 1.0 1.0 1.0 1.0 0.0
6 0.128 -10 1.0 1.0 1.0 1.0 1.0 0.0
6 0.090496 -10 0.998003992015968 0.998003992015968 0.998003992015968 0.998003992015968 0.998003992015968 0.0
6 0.064 -10 0.9487666034155597 0.9487666034155597 0.9487666034155597 0.9487666034155597 0.9487666034155597 0.0
6 0.045249 -10 0.7479431563201197 0.7479431563201197 0.7479431563201197 0.7479431563201197 0.7479431563201197 0.0
6 0.032 -10 0.42607584149978694 0.42607584149978694 0.42607584149978694 0.42607584149978694 0.42607584149978694 0.0
6 0.022624 -10 0.20538098172109262 0.20538098172109262 0.20538098172109262 0.20538098172109262 0.20538098172109262 0.0
6 0.016 -10 0.08535336292249915 0.08535336292249915 0.08535336292249915 0.08535336292249915 0.08535336292249915 0.0
6 0.011312 -10 0.0371305510173771 0.0371305510173771 0.0371305510173771 0.0371305510173771 0.0371305510173771 0.0
6 0.008 -10 0.015145319339058263 0.015145319339058263 0.015145319339058263 0.015145319339058263 0.015145319339058263 0.0
