7 0.181 -10 1.0 1.0 1.0 1.0 1.0 0.0
7 0.128 -10 1.0 1.0 1.0 1.0 1.0 0.0
7 0.090496 -10 1.0 1.0 1.0 1.0 1.0 0.0
7 0.064 -10 0.9910802775024777 0.9910802775024777 0.9910802775024777 0.9910802775024777 0.9910802775024777 0.0
7 0.045249 -10 0.8110300081103001 0.8110300081103001 0.8110300081103001 0.8110300081103001 0.8110300081103001 0.0
7 0.032 -10 0.44603033006244425 0.44603033006244425 0.44603033006244425 0.44603033006244425 0.44603033006244425 0.0
7 0.022624 -10 0.17024174327545114 0.17024174327545114 0.17024174327545114 0.17024174327545114 0.17024174327545114 0.0
7 0.016 -10 0.05699304684828451 0.05699304684828451 0.05699304684828451 0.05699304684828451 0.05699304684828451 0.0
7 0.011312 -10 0.017903179604697794 0.017903179604697794 0.017903179604697794 0.017903179604697794 0.017903179604697794 0.0
7 0.008 -10 0.005479932487231757 0.005479932487231757 0.005479932487231757 0.005479932487231757 0.005479932487231757 0.0
7 0.181 -10 1.0 1.0 1.0 1.0 1.0 0.0
7 0.128 -10 1.0 1.0 1.0 1.0 1.0 0.0
7 0.090496 -10 1.0 1.0 1.0 1.0 1.0 0.0
7 0.064 -10 0.9910802775024777 0.9910802775024777 0.9910802775024777 0.9910802775024777 0.9910802775024777 0.0
7 0.045249 -10 0.8110300081103001 0.8110300081103001 0.8110300081103001 0.8110300081103001 0.8110300081103001 0.0
7 0.032 -10 0.44603033006244425 0.44603033006244425 0.44603033006244425 0.44603033006244425 0.44603033006244425 0.0
7 0.022624 -10 0.17024174327545114 0.17024174327545114 0.17024174327545114 0.17024174327545114 0.17024174327545114 0.0
7 0.016 -10 0.05699304684828451 0.05699304684828451 0.05699304684828451 0.05699304684828451 0.05699304684828451 0.0
7 0.011312 -10 0.017903179604697794 0.017903179604697794 0.017903179604697794 0.017903179604697794 0.017903179604697794 0.0
7 0.008 -10 0.005479932487231757 0.005479932487231757 0.005479932487231757 0.005479932487231757 0.005479932487231757 0.0
