10 0.181 -10 1.0 1.0 1.0 1.0 1.0 0.0
10 0.128 -10 1.0 1.0 1.0 1.0 1.0 0.0
10 0.090496 -10 1.0 1.0 1.0 1.0 1.0 0.0
10 0.064 -10 0.999000999000999 0.999000999000999 0.999000999000999 0.999000999000999 0.999000999000999 0.0
10 0.045249 -10 0.8960573476702509 0.8960573476702509 0.8960573476702509 0.8960573476702509 0.8960573476702509 0.0
10 0.032 -10 0.3827018752391887 0.3827018752391887 0.3827018752391887 0.3827018752391887 0.3827018752391887 0.0
10 0.022624 -10 0.09225943352707815 0.09225943352707815 0.09225943352707815 0.09225943352707815 0.09225943352707815 0.0
10 0.016 -10 0.017814197915738843 0.017814197915738843 0.017814197915738843 0.017814197915738843 0.017814197915738843 0.0
10 0.011312 -10 0.0035026760444979966 0.0035026760444979966 0.0035026760444979966 0.0035026760444979966 0.0035026760444979966 0.0
10 0.008 -10 0.0006172207045450898 0.0006172207045450898 0.0006172207045450898 0.0006172207045450898 0.0006172207045450898 0.0
