10 0.181 -10 0.9970089730807578 1.0 1.0 0.9990029910269193 0.9970089730807578 1.0
10 0.128 -10 0.9960159362549801 1.0 1.0 0.999003984063745 0.9960159362549801 1.0
10 0.090496 -10 0.9960159362549801 1.0 1.0 1.0 0.9960159362549801 1.0
10 0.064 -10 0.9960159362549801 1.0 1.0 0.999003984063745 0.9960159362549801 1.0
10 0.045249 -10 0.7153075822603719 0.8969957081545065 0.844062947067239 0.7353361945636624 0.7153075822603719 0.8962804005722461
10 0.032 -10 0.20525451559934318 0.4125615763546798 0.33394909688013136 0.2214696223316913 0.20525451559934318 0.4100985221674877
10 0.022624 -10 0.040462895524803755 0.10597232337946104 0.0818969005422028 0.04564214615197863 0.040462895524803755 0.10467751072266732
10 0.016 -10 0.0075863324634338775 0.0213631122170298 0.016295442131455968 0.009323602597560236 0.0075863324634338775 0.02099138192632154
10 0.011312 -10 0.001504250259107107 0.004240481480422935 0.0033063420695174216 0.0018562448197381703 0.001504250259107107 0.0041472179643582945
10 0.008 -10 0.0003123625604733917 0.0008643072048298749 0.0006765773059853664 0.00038201941145895804 0.0003123625604733917 0.0008474396265643117
