8 0.181 -10 1.0 1.0 1.0 1.0 1.0 0.0
8 0.128 -10 1.0 1.0 1.0 1.0 1.0 0.0
8 0.090496 -10 1.0 1.0 1.0 1.0 1.0 0.0
8 0.064 -10 0.9930486593843099 0.9930486593843099 0.9930486593843099 0.9930486593843099 0.9930486593843099 0.0
8 0.045249 -10 0.7587253414264037 0.7587253414264037 0.7587253414264037 0.7587253414264037 0.7587253414264037 0.0
8 0.032 -10 0.294811320754717 0.294811320754717 0.294811320754717 0.294811320754717 0.294811320754717 0.0
8 0.022624 -10 0.07956715467854869 0.07956715467854869 0.07956715467854869 0.07956715467854869 0.07956715467854869 0.0
8 0.016 -10 0.01828086724434207 0.01828086724434207 0.01828086724434207 0.01828086724434207 0.01828086724434207 0.0
8 0.011312 -10 0.0043737261522581545 0.0043737261522581545 0.0043737261522581545 0.0043737261522581545 0.0043737261522581545 0.0
8 0.008 -10 0.0009294008524464619 0.0009294008524464619 0.0009294008524464619 0.0009294008524464619 0.0009294008524464619 0.0
