5 0.181 -10 1.0 1.0 1.0 1.0 1.0 0.0
5 0.128 -10 1.0 1.0 1.0 1.0 1.0 0.0
5 0.090496 -10 0.999000999000999 0.999000999000999 0.999000999000999 0.999000999000999 0.999000999000999 0.0
5 0.064 -10 0.949667616334283 0.949667616334283 0.949667616334283 0.949667616334283 0.949667616334283 0.0
5 0.045249 -10 0.78064012490242 0.78064012490242 0.78064012490242 0.78064012490242 0.78064012490242 0.0
5 0.032 -10 0.5076142131979695 0.5076142131979695 0.5076142131979695 0.5076142131979695 0.5076142131979695 0.0
5 0.022624 -10 0.3074085459575776 0.3074085459575776 0.3074085459575776 0.3074085459575776 0.3074085459575776 0.0
5 0.016 -10 0.16244314489928524 0.16244314489928524 0.16244314489928524 0.16244314489928524 0.16244314489928524 0.0
5 0.011312 -10 0.08329862557267805 0.08329862557267805 0.08329862557267805 0.08329862557267805 0.08329862557267805 0.0
5 0.008 -10 0.04484506031660613 0.04484506031660613 0.04484506031660613 0.04484506031660613 0.04484506031660613 0.0
5 0.181 -10 1.0 1.0 1.0 1.0 1.0 0.0
5 0.128 -10 1.0 1.0 1.0 1.0 1.0 0.0
5 0.090496 -10 0.999000999000999 0.999000999000999 0.999000999000999 0.999000999000999 0.999000999000999 0.0
5 0.064 -10 0.949667616334283 0.949667616334283 0.949667616334283 0.949667616334283 0.949667616334283 0.0
5 0.045249 -10 0.78064012490242 0.78064012490242 0.78064012490242 0.78064012490242 0.78064012490242 0.0
5 0.032 -10 0.5076142131979695 0.5076142131979695 0.5076142131979695 0.5076142131979695 0.5076142131979695 0.0
5 0.022624 -10 0.3074085459575776 0.3074085459575776 0.3074085459575776 0.3074085459575776 0.3074085459575776 0.0
5 0.016 -10 0.16244314489928524 0.16244314489928524 0.16244314489928524 0.16244314489928524 0.16244314489928524 0.0
5 0.011312 -10 0.08329862557267805 0.08329862557267805 0.08329862557267805 0.08329862557267805 0.08329862557267805 0.0
5 0.008 -10 0.04484506031660613 0.04484506031660613 0.04484506031660613 0.04484506031660613 0.04484506031660613 0.0
