5 0.181 -10 1.0 1.0 1.0 1.0 1.0 0.0
5 0.128 -10 1.0 1.0 1.0 1.0 1.0 0.0
5 0.090496 -10 0.998003992015968 0.998003992015968 0.998003992015968 0.998003992015968 0.998003992015968 0.0
5 0.064 -10 0.9560229445506692 0.9560229445506692 0.9560229445506692 0.9560229445506692 0.9560229445506692 0.0
5 0.045249 -10 0.7374631268436578 0.7374631268436578 0.7374631268436578 0.7374631268436578 0.7374631268436578 0.0
5 0.032 -10 0.4633920296570899 0.4633920296570899 0.4633920296570899 0.4633920296570899 0.4633920296570899 0.0
5 0.022624 -10 0.26143790849673204 0.26143790849673204 0.26143790849673204 0.26143790849673204 0.26143790849673204 0.0
5 0.016 -10 0.13640703860319192 0.13640703860319192 0.13640703860319192 0.13640703860319192 0.13640703860319192 0.0
5 0.011312 -10 0.06121074860745547 0.06121074860745547 0.06121074860745547 0.06121074860745547 0.06121074860745547 0.0
5 0.008 -10 0.029488086812927576 0.029488086812927576 0.029488086812927576 0.029488086812927576 0.029488086812927576 0.0
5 0.181 -10 1.0 1.0 1.0 1.0 1.0 0.0
5 0.128 -10 1.0 1.0 1.0 1.0 1.0 0.0
5 0.090496 -10 0.998003992015968 0.998003992015968 0.998003992015968 0.998003992015968 0.998003992015968 0.0
5 0.064 -10 0.9560229445506692 0.9560229445506692 0.9560229445506692 0.9560229445506692 0.9560229445506692 0.0
5 0.045249 -10 0.7374631268436578 0.7374631268436578 0.7374631268436578 0.7374631268436578 0.7374631268436578 0.0
5 0.032 -10 0.4633920296570899 0.4633920296570899 0.4633920296570899 0.4633920296570899 0.4633920296570899 0.0
5 0.022624 -10 0.26143790849673204 0.26143790849673204 0.26143790849673204 0.26143790849673204 0.26143790849673204 0.0
5 0.016 -10 0.13640703860319192 0.13640703860319192 0.13640703860319192 0.13640703860319192 0.13640703860319192 0.0
5 0.011312 -10 0.06121074860745547 0.06121074860745547 0.06121074860745547 0.06121074860745547 0.06121074860745547 0.0
5 0.008 -10 0.029488086812927576 0.029488086812927576 0.029488086812927576 0.029488086812927576 0.029488086812927576 0.0
