8 0.181 -10 1.0 1.0 1.0 1.0 1.0 0.0
8 0.128 -10 1.0 1.0 1.0 1.0 1.0 0.0
8 0.090496 -10 1.0 1.0 1.0 1.0 1.0 0.0
8 0.064 -10 0.9940357852882704 0.9940357852882704 0.9940357852882704 0.9940357852882704 0.9940357852882704 0.0
8 0.045249 -10 0.778816199376947 0.778816199376947 0.778816199376947 0.778816199376947 0.778816199376947 0.0
8 0.032 -10 0.3110419906687403 0.3110419906687403 0.3110419906687403 0.3110419906687403 0.3110419906687403 0.0
8 0.022624 -10 0.08494011721736176 0.08494011721736176 0.08494011721736176 0.08494011721736176 0.08494011721736176 0.0
8 0.016 -10 0.020102118763317654 0.020102118763317654 0.020102118763317654 0.020102118763317654 0.020102118763317654 0.0
8 0.011312 -10 0.004759910132896691 0.004759910132896691 0.004759910132896691 0.004759910132896691 0.004759910132896691 0.0
8 0.008 -10 0.0010876599539919839 0.0010876599539919839 0.0010876599539919839 0.0010876599539919839 0.0010876599539919839 0.0
8 0.181 -10 1.0 1.0 1.0 1.0 1.0 0.0
8 0.128 -10 1.0 1.0 1.0 1.0 1.0 0.0
8 0.090496 -10 1.0 1.0 1.0 1.0 1.0 0.0
8 0.064 -10 0.9940357852882704 0.9940357852882704 0.9940357852882704 0.9940357852882704 0.9940357852882704 0.0
8 0.045249 -10 0.778816199376947 0.778816199376947 0.778816199376947 0.778816199376947 0.778816199376947 0.0
8 0.032 -10 0.3110419906687403 0.3110419906687403 0.3110419906687403 0.3110419906687403 0.3110419906687403 0.0
8 0.022624 -10 0.08494011721736176 0.08494011721736176 0.08494011721736176 0.08494011721736176 0.08494011721736176 0.0
8 0.016 -10 0.020102118763317654 0.020102118763317654 0.020102118763317654 0.020102118763317654 0.020102118763317654 0.0
8 0.011312 -10 0.004759910132896691 0.004759910132896691 0.004759910132896691 0.004759910132896691 0.004759910132896691 0.0
8 0.008 -10 0.0010876599539919839 0.0010876599539919839 0.0010876599539919839 0.0010876599539919839 0.0010876599539919839 0.0
