10 0.181 -10 0.9803921568627451 1.0 1.0 0.9990196078431373 0.9803921568627451 1.0
10 0.128 -10 0.9861932938856016 1.0 1.0 0.9990138067061144 0.9861932938856016 1.0
10 0.090496 -10 0.984251968503937 1.0 1.0 0.9980314960629921 0.984251968503937 1.0
10 0.064 -10 0.9699321047526673 0.9990300678952473 0.9961202715809894 0.9844810863239574 0.9699321047526673 0.9990300678952473
10 0.045249 -10 0.6090133982947625 0.8380024360535931 0.7704019488428745 0.6218026796589525 0.6090133982947625 0.8276492082825823
10 0.032 -10 0.12671059300557527 0.27952356817029905 0.2176887987835783 0.13241256969082615 0.12671059300557527 0.2714140902179422
10 0.022624 -10 0.015815277558121146 0.04436185355052981 0.031946860667404715 0.01670093310137593 0.015815277558121146 0.0417365174758817
10 0.016 -10 0.0020226209931878125 0.00640766330641899 0.004433585217067685 0.002176340188670086 0.0020226209931878125 0.005932347373019854
10 0.011312 -10 0.00028138687712904345 0.0009080354524954233 0.0006165186477897342 0.0003030536666679798 0.00028138687712904345 0.0008154591699199679
10 0.008 -10 4.210833396355473e-05 0.0001569377606821685 0.00010687095159950191 4.5392784012712e-05 4.210833396355473e-05 0.00014190508545717945
10 0.181 -10 0.9803921568627451 1.0 1.0 0.9990196078431373 0.9803921568627451 1.0
10 0.128 -10 0.9861932938856016 1.0 1.0 0.9990138067061144 0.9861932938856016 1.0
10 0.090496 -10 0.984251968503937 1.0 1.0 0.9980314960629921 0.984251968503937 1.0
10 0.064 -10 0.9699321047526673 0.9990300678952473 0.9961202715809894 0.9844810863239574 0.9699321047526673 0.9990300678952473
10 0.045249 -10 0.6090133982947625 0.8380024360535931 0.7704019488428745 0.6218026796589525 0.6090133982947625 0.8276492082825823
10 0.032 -10 0.12671059300557527 0.27952356817029905 0.2176887987835783 0.13241256969082615 0.12671059300557527 0.2714140902179422
10 0.022624 -10 0.015815277558121146 0.04436185355052981 0.031946860667404715 0.01670093310137593 0.015815277558121146 0.0417365174758817
10 0.016 -10 0.0020226209931878125 0.00640766330641899 0.004433585217067685 0.002176340188670086 0.0020226209931878125 0.005932347373019854
10 0.011312 -10 0.00028138687712904345 0.0009080354524954233 0.0006165186477897342 0.0003030536666679798 0.00028138687712904345 0.0008154591699199679
10 0.008 -10 4.210833396355473e-05 0.0001569377606821685 0.00010687095159950191 4.5392784012712e-05 4.210833396355473e-05 0.00014190508545717945
