7 0.181 -10 1.0 1.0 1.0 1.0 1.0 0.0
7 0.128 -10 1.0 1.0 1.0 1.0 1.0 0.0
7 0.090496 -10 1.0 1.0 1.0 1.0 1.0 0.0
7 0.064 -10 0.9920634920634921 0.9920634920634921 0.9920634920634921 0.9920634920634921 0.9920634920634921 0.0
7 0.045249 -10 0.8382229673093042 0.8382229673093042 0.8382229673093042 0.8382229673093042 0.8382229673093042 0.0
7 0.032 -10 0.47778308647873863 0.47778308647873863 0.47778308647873863 0.47778308647873863 0.47778308647873863 0.0
7 0.022624 -10 0.19120458891013384 0.19120458891013384 0.19120458891013384 0.19120458891013384 0.19120458891013384 0.0
7 0.016 -10 0.07499062617172854 0.07499062617172854 0.07499062617172854 0.07499062617172854 0.07499062617172854 0.0
7 0.011312 -10 0.022349365278026105 0.022349365278026105 0.022349365278026105 0.022349365278026105 0.022349365278026105 0.0
7 0.008 -10 0.007922737464248647 0.007922737464248647 0.007922737464248647 0.007922737464248647 0.007922737464248647 0.0
7 0.181 -10 1.0 1.0 1.0 1.0 1.0 0.0
7 0.128 -10 1.0 1.0 1.0 1.0 1.0 0.0
7 0.090496 -10 1.0 1.0 1.0 1.0 1.0 0.0
7 0.064 -10 0.9920634920634921 0.9920634920634921 0.9920634920634921 0.9920634920634921 0.9920634920634921 0.0
7 0.045249 -10 0.8382229673093042 0.8382229673093042 0.8382229673093042 0.8382229673093042 0.8382229673093042 0.0
7 0.032 -10 0.47778308647873863 0.47778308647873863 0.47778308647873863 0.47778308647873863 0.47778308647873863 0.0
7 0.022624 -10 0.19120458891013384 0.19120458891013384 0.19120458891013384 0.19120458891013384 0.19120458891013384 0.0
7 0.016 -10 0.07499062617172854 0.07499062617172854 0.07499062617172854 0.07499062617172854 0.07499062617172854 0.0
7 0.011312 -10 0.022349365278026105 0.022349365278026105 0.022349365278026105 0.022349365278026105 0.022349365278026105 0.0
7 0.008 -10 0.007922737464248647 0.007922737464248647 0.007922737464248647 0.007922737464248647 0.007922737464248647 0.0
