8 0.181 -10 1.0 1.0 1.0 1.0 1.0 0.0
8 0.128 -10 1.0 1.0 1.0 1.0 1.0 0.0
8 0.090496 -10 1.0 1.0 1.0 1.0 1.0 0.0
8 0.064 -10 0.9950248756218906 0.9950248756218906 0.9950248756218906 0.9950248756218906 0.9950248756218906 0.0
8 0.045249 -10 0.7855459544383346 0.7855459544383346 0.7855459544383346 0.7855459544383346 0.7855459544383346 0.0
8 0.032 -10 0.3534817956875221 0.3534817956875221 0.3534817956875221 0.3534817956875221 0.3534817956875221 0.0
8 0.022624 -10 0.10422094841063054 0.10422094841063054 0.10422094841063054 0.10422094841063054 0.10422094841063054 0.0
8 0.016 -10 0.03114100647732935 0.03114100647732935 0.03114100647732935 0.03114100647732935 0.03114100647732935 0.0
8 0.011312 -10 0.009535615523982074 0.009535615523982074 0.009535615523982074 0.009535615523982074 0.009535615523982074 0.0
8 0.008 -10 0.0030755792853583972 0.0030755792853583972 0.0030755792853583972 0.0030755792853583972 0.0030755792853583972 0.0
8 0.181 -10 1.0 1.0 1.0 1.0 1.0 0.0
8 0.128 -10 1.0 1.0 1.0 1.0 1.0 0.0
8 0.090496 -10 1.0 1.0 1.0 1.0 1.0 0.0
8 0.064 -10 0.9950248756218906 0.9950248756218906 0.9950248756218906 0.9950248756218906 0.9950248756218906 0.0
8 0.045249 -10 0.7855459544383346 0.7855459544383346 0.7855459544383346 0.7855459544383346 0.7855459544383346 0.0
8 0.032 -10 0.3534817956875221 0.3534817956875221 0.3534817956875221 0.3534817956875221 0.3534817956875221 0.0
8 0.022624 -10 0.10422094841063054 0.10422094841063054 0.10422094841063054 0.10422094841063054 0.10422094841063054 0.0
8 0.016 -10 0.03114100647732935 0.03114100647732935 0.03114100647732935 0.03114100647732935 0.03114100647732935 0.0
8 0.011312 -10 0.009535615523982074 0.009535615523982074 0.009535615523982074 0.009535615523982074 0.009535615523982074 0.0
8 0.008 -10 0.0030755792853583972 0.0030755792853583972 0.0030755792853583972 0.0030755792853583972 0.0030755792853583972 0.0
