5 0.181 -10 1.0 1.0 1.0 1.0 1.0 0.0
5 0.128 -10 1.0 1.0 1.0 1.0 1.0 0.0
5 0.090496 -10 0.999000999000999 0.999000999000999 0.999000999000999 0.999000999000999 0.999000999000999 0.0
5 0.064 -10 0.9380863039399625 0.9380863039399625 0.9380863039399625 0.9380863039399625 0.9380863039399625 0.0
5 0.045249 -10 0.75642965204236 0.75642965204236 0.75642965204236 0.75642965204236 0.75642965204236 0.0
5 0.032 -10 0.4409171075837742 0.4409171075837742 0.4409171075837742 0.4409171075837742 0.4409171075837742 0.0
5 0.022624 -10 0.2525890376357666 0.2525890376357666 0.2525890376357666 0.2525890376357666 0.2525890376357666 0.0
5 0.016 -10 0.12256403971074886 0.12256403971074886 0.12256403971074886 0.12256403971074886 0.12256403971074886 0.0
5 0.011312 -10 0.05714938850154303 0.05714938850154303 0.05714938850154303 0.05714938850154303 0.05714938850154303 0.0
5 0.008 -10 0.024903498941601297 0.024903498941601297 0.024903498941601297 0.024903498941601297 0.024903498941601297 0.0
