6 0.181 -10 1.0 1.0 1.0 1.0 1.0 0.0
6 0.128 -10 1.0 1.0 1.0 1.0 1.0 0.0
6 0.090496 -10 1.0 1.0 1.0 1.0 1.0 0.0
6 0.064 -10 0.9551098376313276 0.9551098376313276 0.9551098376313276 0.9551098376313276 0.9551098376313276 0.0
6 0.045249 -10 0.7256894049346879 0.7256894049346879 0.7256894049346879 0.7256894049346879 0.7256894049346879 0.0
6 0.032 -10 0.39556962025316456 0.39556962025316456 0.39556962025316456 0.39556962025316456 0.39556962025316456 0.0
6 0.022624 -10 0.1686056314280897 0.1686056314280897 0.1686056314280897 0.1686056314280897 0.1686056314280897 0.0
6 0.016 -10 0.0708114997875655 0.0708114997875655 0.0708114997875655 0.0708114997875655 0.0708114997875655 0.0
6 0.011312 -10 0.028933510792199524 0.028933510792199524 0.028933510792199524 0.028933510792199524 0.028933510792199524 0.0
6 0.008 -10 0.012492348436582593 0.012492348436582593 0.012492348436582593 0.012492348436582593 0.012492348436582593 0.0
