10 0.181 -10 1.0 1.0 1.0 1.0 1.0 0.0
10 0.128 -10 1.0 1.0 1.0 1.0 1.0 0.0
10 0.090496 -10 1.0 1.0 1.0 1.0 1.0 0.0
10 0.064 -10 1.0 1.0 1.0 1.0 1.0 0.0
10 0.045249 -10 0.9319664492078286 0.9319664492078286 0.9319664492078286 0.9319664492078286 0.9319664492078286 0.0
10 0.032 -10 0.5330490405117271 0.5330490405117271 0.5330490405117271 0.5330490405117271 0.5330490405117271 0.0
10 0.022624 -10 0.17962996227770792 0.17962996227770792 0.17962996227770792 0.17962996227770792 0.17962996227770792 0.0
10 0.016 -10 0.05858230814294083 0.05858230814294083 0.05858230814294083 0.05858230814294083 0.05858230814294083 0.0
10 0.011312 -10 0.019046167911016303 0.019046167911016303 0.019046167911016303 0.019046167911016303 0.019046167911016303 0.0
10 0.008 -10 0.006324870656395077 0.006324870656395077 0.006324870656395077 0.006324870656395077 0.006324870656395077 0.0
