7 0.181 -10 0.9891196834817013 1.0 1.0 0.9990108803165183 0.9891196834817013 1.0
7 0.128 -10 0.9823182711198428 1.0 1.0 0.9980353634577603 0.9823182711198428 1.0
7 0.090496 -10 0.984251968503937 1.0 1.0 0.9990157480314961 0.984251968503937 1.0
7 0.064 -10 0.922509225092251 0.988929889298893 0.9686346863468634 0.9400369003690037 0.922509225092251 0.9861623616236163
7 0.045249 -10 0.572737686139748 0.8361970217640321 0.7439862542955327 0.6277205040091638 0.572737686139748 0.8298969072164949
7 0.032 -10 0.23207240659085634 0.453933627291715 0.3657461127871896 0.2645625435135762 0.23207240659085634 0.44627523787421675
7 0.022624 -10 0.0779423226812159 0.18784099766173032 0.14816835541699142 0.0950896336710834 0.0779423226812159 0.18261886204208885
7 0.016 -10 0.022949465277459034 0.06407490705466562 0.04977739018680865 0.030040850048193877 0.022949465277459034 0.06212420250608161
7 0.011312 -10 0.007121391234991668 0.020936890230875502 0.01674239079346541 0.009848884077993477 0.007121391234991668 0.020231872498611327
7 0.008 -10 0.0020581721784517604 0.006544987527476598 0.005172186684449275 0.002990524175290408 0.0020581721784517604 0.006320646760025357
7 0.181 -10 0.9891196834817013 1.0 1.0 0.9990108803165183 0.9891196834817013 1.0
7 0.128 -10 0.9823182711198428 1.0 1.0 0.9980353634577603 0.9823182711198428 1.0
7 0.090496 -10 0.984251968503937 1.0 1.0 0.9990157480314961 0.984251968503937 1.0
7 0.064 -10 0.922509225092251 0.988929889298893 0.9686346863468634 0.9400369003690037 0.922509225092251 0.9861623616236163
7 0.045249 -10 0.572737686139748 0.8361970217640321 0.7439862542955327 0.6277205040091638 0.572737686139748 0.8298969072164949
7 0.032 -10 0.23207240659085634 0.453933627291715 0.3657461127871896 0.2645625435135762 0.23207240659085634 0.44627523787421675
7 0.022624 -10 0.0779423226812159 0.18784099766173032 0.14816835541699142 0.0950896336710834 0.0779423226812159 0.18261886204208885
7 0.016 -10 0.022949465277459034 0.06407490705466562 0.04977739018680865 0.030040850048193877 0.022949465277459034 0.06212420250608161
7 0.011312 -10 0.007121391234991668 0.020936890230875502 0.01674239079346541 0.009848884077993477 0.007121391234991668 0.020231872498611327
7 0.008 -10 0.0020581721784517604 0.006544987527476598 0.005172186684449275 0.002990524175290408 0.0020581721784517604 0.006320646760025357
