5 0.003 -10 5.5829785257430585e-06 -0.04046933643955371 -0.07228929922788524 -0.07228929922788524 -0.07228929922788524 25.0
5 0.006 -10 3.274618335046505e-05 -0.07617613648085282 -0.13981637905148062 -0.13981637905148062 -0.13981637905148062 25.0
5 0.01 -10 0.00017696985141611276 -0.1169009747499416 -0.22185825422780975 -0.22185825422780975 -0.22185825422780975 25.0
5 0.03 -10 0.004692192192192192 -0.2225975975975976 -0.5274962462462462 -0.5274962462462462 -0.5274962462462462 25.0
5 0.05 -10 0.01668335001668335 -0.21738405071738406 -0.6996996996996997 -0.6996996996996997 -0.6996996996996997 25.0
5 0.07 -10 0.044111160123511246 -0.1274812527569475 -0.7622408469342744 -0.7622408469342744 -0.7622408469342744 25.0
5 0.09 -10 0.08375209380234507 -0.05778894472361809 -0.7705192629815746 -0.7705192629815746 -0.7705192629815746 25.0
5 0.11 -10 0.12360939431396786 0.04326328800988875 -0.7564894932014833 -0.7564894932014833 -0.7564894932014833 25.0
5 0.12 -10 0.1510574018126888 0.06646525679758308 -0.702416918429003 -0.702416918429003 -0.702416918429003 25.0
5 0.13 -10 0.16556291390728478 0.13741721854304637 -0.7102649006622517 -0.7102649006622517 -0.7102649006622517 25.0
5 0.14 -10 0.18018018018018017 0.22882882882882882 -0.6828828828828829 -0.6828828828828829 -0.6828828828828829 25.0
5 0.15 -10 0.2066115702479339 0.26239669421487605 -0.6652892561983471 -0.6652892561983471 -0.6652892561983471 25.0
5 0.16 -10 0.2994011976047904 0.3772455089820359 -0.5179640718562875 -0.5179640718562875 -0.5179640718562875 25.0
5 0.17 -10 0.29411764705882354 0.42058823529411765 -0.5176470588235295 -0.5176470588235295 -0.5176470588235295 25.0
5 0.18 -10 0.3184713375796178 0.4681528662420382 -0.4745222929936306 -0.4745222929936306 -0.4745222929936306 25.0
5 0.19 -10 0.36496350364963503 0.48905109489051096 -0.4124087591240876 -0.4124087591240876 -0.4124087591240876 25.0
5 0.2 -10 0.4032258064516129 0.5403225806451613 -0.3548387096774194 -0.3548387096774194 -0.3548387096774194 25.0
5 0.25 -10 0.5050505050505051 0.5959595959595959 -0.20202020202020202 -0.20202020202020202 -0.20202020202020202 25.0
