7 0.006 -10 9.797186634729557e-06 0.04735908455088085 9.797186634729557e-06 9.797186634729557e-06 9.797186634729557e-06 147.0
7 0.01 -10 2.8971406950975625e-05 0.07785092697692017 2.8971406950975625e-05 2.8971406950975625e-05 2.8971406950975625e-05 147.0
7 0.03 -10 0.0009724903119336349 0.22720910015176743 0.0009724903119336349 0.0009724903119336349 0.0009724903119336349 147.0
7 0.05 -10 0.005372842722240313 0.37577336372517095 0.005372842722240313 0.005372842722240313 0.005372842722240313 147.0
7 0.07 -10 0.015797032072762087 0.4947343226424126 0.015797032072762087 0.015797032072762087 0.015797032072762087 147.0
7 0.09 -10 0.036585365853658534 0.6341463414634146 0.036585365853658534 0.036585365853658534 0.036585365853658534 147.0
7 0.11 -10 0.06470588235294118 0.7392156862745098 0.06470588235294118 0.06470588235294118 0.06470588235294118 147.0
7 0.12 -10 0.07738095238095238 0.7988095238095239 0.07738095238095238 0.07738095238095238 0.07738095238095238 147.0
7 0.13 -10 0.13655462184873948 0.819327731092437 0.13655462184873948 0.13655462184873948 0.13655462184873948 147.0
7 0.14 -10 0.12572533849129594 0.8684719535783365 0.12572533849129594 0.12572533849129594 0.12572533849129594 147.0
7 0.15 -10 0.17060367454068243 0.884514435695538 0.17060367454068243 0.17060367454068243 0.17060367454068243 147.0
7 0.16 -10 0.16971279373368145 0.8903394255874674 0.16971279373368145 0.16971279373368145 0.16971279373368145 147.0
7 0.17 -10 0.21103896103896103 0.9512987012987013 0.21103896103896103 0.21103896103896103 0.21103896103896103 147.0
7 0.18 -10 0.241635687732342 0.9219330855018587 0.241635687732342 0.241635687732342 0.241635687732342 147.0
7 0.19 -10 0.27896995708154504 0.9356223175965666 0.27896995708154504 0.27896995708154504 0.27896995708154504 147.0
7 0.2 -10 0.3125 0.9423076923076923 0.3125 0.3125 0.3125 147.0
7 0.25 -10 0.38235294117647056 0.9941176470588236 0.38235294117647056 0.38235294117647056 0.38235294117647056 147.0
