7 0.006 -10 2.154536407647079e-06 -0.1604312408037653 -0.2553809277463935 -0.2553809277463935 -0.2553809277463935 49.0
7 0.01 -10 1.4131792817177137e-05 -0.23170332053322645 -0.38896996612467943 -0.38896996612467943 -0.38896996612467943 49.0
7 0.03 -10 0.0012833675564681724 -0.3241401437371663 -0.7716760780287474 -0.7716760780287474 -0.7716760780287474 49.0
7 0.05 -10 0.007815552950371238 -0.20109417741305197 -0.9121531848378273 -0.9121531848378273 -0.9121531848378273 49.0
7 0.07 -10 0.027693159789531987 -0.016615895873719193 -0.9296593741345888 -0.9296593741345888 -0.9296593741345888 49.0
7 0.09 -10 0.06176652254478073 0.21432983323038912 -0.8987029030265596 -0.8987029030265596 -0.8987029030265596 49.0
7 0.11 -10 0.12391573729863693 0.38661710037174724 -0.80545229244114 -0.80545229244114 -0.80545229244114 49.0
7 0.12 -10 0.136986301369863 0.40821917808219177 -0.7835616438356164 -0.7835616438356164 -0.7835616438356164 49.0
7 0.13 -10 0.18382352941176472 0.4834558823529412 -0.7261029411764706 -0.7261029411764706 -0.7261029411764706 49.0
7 0.14 -10 0.19230769230769232 0.55 -0.6884615384615385 -0.6884615384615385 -0.6884615384615385 49.0
7 0.15 -10 0.19646365422396855 0.6051080550098232 -0.7092337917485265 -0.7092337917485265 -0.7092337917485265 49.0
7 0.16 -10 0.26109660574412535 0.6449086161879896 -0.5953002610966057 -0.5953002610966057 -0.5953002610966057 49.0
7 0.17 -10 0.33783783783783783 0.7297297297297297 -0.47635135135135137 -0.47635135135135137 -0.47635135135135137 49.0
7 0.18 -10 0.33783783783783783 0.7364864864864865 -0.4358108108108108 -0.4358108108108108 -0.4358108108108108 49.0
7 0.19 -10 0.39215686274509803 0.7450980392156863 -0.3764705882352941 -0.3764705882352941 -0.3764705882352941 49.0
7 0.2 -10 0.44642857142857145 0.8392857142857143 -0.3080357142857143 -0.3080357142857143 -0.3080357142857143 49.0
7 0.25 -10 0.5649717514124294 0.847457627118644 -0.12429378531073447 -0.12429378531073447 -0.12429378531073447 49.0
