3 0.003 -10 0.00013974502123425598 0.008045120872456117 0.00013974502123425598 0.00013974502123425598 0.00013974502123425598 27.0
3 0.006 -10 0.0005618608832453085 0.016035509607821102 0.0005618608832453085 0.0005618608832453085 0.0005618608832453085 27.0
3 0.01 -10 0.001462629808395495 0.02637121544537078 0.001462629808395495 0.001462629808395495 0.001462629808395495 27.0
3 0.03 -10 0.011200716845878136 0.08254928315412187 0.011200716845878136 0.011200716845878136 0.011200716845878136 27.0
3 0.05 -10 0.03257328990228013 0.15309446254071662 0.03257328990228013 0.03257328990228013 0.03257328990228013 27.0
3 0.07 -10 0.06325110689437065 0.23213156230234028 0.06325110689437065 0.06325110689437065 0.06325110689437065 27.0
3 0.09 -10 0.09398496240601503 0.2800751879699248 0.09398496240601503 0.09398496240601503 0.09398496240601503 27.0
3 0.11 -10 0.1037344398340249 0.3257261410788382 0.1037344398340249 0.1037344398340249 0.1037344398340249 27.0
3 0.12 -10 0.13315579227696406 0.40878828229027964 0.13315579227696406 0.13315579227696406 0.13315579227696406 27.0
3 0.13 -10 0.17793594306049823 0.43416370106761565 0.17793594306049823 0.17793594306049823 0.17793594306049823 27.0
3 0.14 -10 0.15723270440251572 0.44025157232704404 0.15723270440251572 0.15723270440251572 0.15723270440251572 27.0
3 0.15 -10 0.16806722689075632 0.44537815126050423 0.16806722689075632 0.16806722689075632 0.16806722689075632 27.0
3 0.16 -10 0.19723865877712032 0.4930966469428008 0.19723865877712032 0.19723865877712032 0.19723865877712032 27.0
3 0.17 -10 0.22624434389140272 0.579185520361991 0.22624434389140272 0.22624434389140272 0.22624434389140272 27.0
3 0.18 -10 0.2347417840375587 0.57981220657277 0.2347417840375587 0.2347417840375587 0.2347417840375587 27.0
3 0.19 -10 0.24449877750611246 0.5990220048899756 0.24449877750611246 0.24449877750611246 0.24449877750611246 27.0
3 0.2 -10 0.32362459546925565 0.6763754045307443 0.32362459546925565 0.32362459546925565 0.32362459546925565 27.0
3 0.25 -10 0.37735849056603776 0.7622641509433963 0.37735849056603776 0.37735849056603776 0.37735849056603776 27.0
