3 0.003 -10 0.00017442144407001973 -0.010522845720744292 -0.02616844925382506 -0.02616844925382506 -0.02616844925382506 9.0
3 0.006 -10 0.0005747919253230331 -0.020583298845817815 -0.05190371085666989 -0.05190371085666989 -0.05190371085666989 9.0
3 0.01 -10 0.0015273471507338903 -0.032960151512837356 -0.08281276251279153 -0.08281276251279153 -0.08281276251279153 9.0
3 0.03 -10 0.0141622999575131 -0.07760940376717179 -0.22404758532785723 -0.22404758532785723 -0.22404758532785723 9.0
3 0.05 -10 0.0395882818685669 -0.09936658749010292 -0.30522565320665085 -0.30522565320665085 -0.30522565320665085 9.0
3 0.07 -10 0.06218905472636816 -0.09328358208955224 -0.38681592039800994 -0.38681592039800994 -0.38681592039800994 9.0
3 0.09 -10 0.0946073793755913 -0.06338694418164617 -0.391674550614948 -0.391674550614948 -0.391674550614948 9.0
3 0.11 -10 0.12406947890818859 -0.05086848635235732 -0.45409429280397023 -0.45409429280397023 -0.45409429280397023 9.0
3 0.12 -10 0.1557632398753894 -0.06074766355140187 -0.4143302180685358 -0.4143302180685358 -0.4143302180685358 9.0
3 0.13 -10 0.17094017094017094 -0.042735042735042736 -0.4444444444444444 -0.4444444444444444 -0.4444444444444444 9.0
3 0.14 -10 0.273224043715847 0.060109289617486336 -0.34972677595628415 -0.34972677595628415 -0.34972677595628415 9.0
3 0.15 -10 0.24691358024691357 -0.019753086419753086 -0.36790123456790125 -0.36790123456790125 -0.36790123456790125 9.0
3 0.16 -10 0.24330900243309003 0.0072992700729927005 -0.41605839416058393 -0.41605839416058393 -0.41605839416058393 9.0
3 0.17 -10 0.23980815347721823 0.050359712230215826 -0.4676258992805755 -0.4676258992805755 -0.4676258992805755 9.0
3 0.18 -10 0.3048780487804878 0.10365853658536585 -0.3323170731707317 -0.3323170731707317 -0.3323170731707317 9.0
3 0.19 -10 0.31545741324921134 0.1167192429022082 -0.35646687697160884 -0.35646687697160884 -0.35646687697160884 9.0
3 0.2 -10 0.3067484662576687 0.06748466257668712 -0.3834355828220859 -0.3834355828220859 -0.3834355828220859 9.0
3 0.25 -10 0.4291845493562232 0.24892703862660945 -0.2703862660944206 -0.2703862660944206 -0.2703862660944206 9.0
