5 0.003 -10 1.3060400565097412e-05 0.015943875801859617 1.3060400565097412e-05 1.3060400565097412e-05 1.3060400565097412e-05 75.0
5 0.006 -10 6.593444270230995e-05 0.03167226889648161 6.593444270230995e-05 6.593444270230995e-05 6.593444270230995e-05 75.0
5 0.01 -10 0.00020613413973008795 0.053085725004689555 0.00020613413973008795 0.00020613413973008795 0.00020613413973008795 75.0
5 0.03 -10 0.0034408010184771016 0.15896500705364208 0.0034408010184771016 0.0034408010184771016 0.0034408010184771016 75.0
5 0.05 -10 0.010887316276537834 0.26390854654327706 0.010887316276537834 0.010887316276537834 0.010887316276537834 75.0
5 0.07 -10 0.024844720496894408 0.37217391304347824 0.024844720496894408 0.024844720496894408 0.024844720496894408 75.0
5 0.09 -10 0.0496031746031746 0.4756944444444444 0.0496031746031746 0.0496031746031746 0.0496031746031746 75.0
5 0.11 -10 0.08748906386701662 0.573928258967629 0.08748906386701662 0.08748906386701662 0.08748906386701662 75.0
5 0.12 -10 0.10775862068965517 0.6336206896551724 0.10775862068965517 0.10775862068965517 0.10775862068965517 75.0
5 0.13 -10 0.1347708894878706 0.6900269541778976 0.1347708894878706 0.1347708894878706 0.1347708894878706 75.0
5 0.14 -10 0.16260162601626016 0.6894308943089431 0.16260162601626016 0.16260162601626016 0.16260162601626016 75.0
5 0.15 -10 0.199203187250996 0.7569721115537849 0.199203187250996 0.199203187250996 0.199203187250996 75.0
5 0.16 -10 0.1984126984126984 0.7956349206349206 0.1984126984126984 0.1984126984126984 0.1984126984126984 75.0
5 0.17 -10 0.1890359168241966 0.7637051039697542 0.1890359168241966 0.1890359168241966 0.1890359168241966 75.0
5 0.18 -10 0.26246719160104987 0.8398950131233596 0.26246719160104987 0.26246719160104987 0.26246719160104987 75.0
5 0.19 -10 0.2717391304347826 0.845108695652174 0.2717391304347826 0.2717391304347826 0.2717391304347826 75.0
5 0.2 -10 0.3367003367003367 0.8686868686868687 0.3367003367003367 0.3367003367003367 0.3367003367003367 75.0
5 0.25 -10 0.42016806722689076 0.9411764705882353 0.42016806722689076 0.42016806722689076 0.42016806722689076 75.0
