6 0.181 -10 1.0 1.0 1.0 1.0 1.0 0.0
6 0.128 -10 1.0 1.0 1.0 1.0 1.0 0.0
6 0.090496 -10 1.0 1.0 1.0 1.0 1.0 0.0
6 0.064 -10 0.9699321047526673 0.9699321047526673 0.9699321047526673 0.9699321047526673 0.9699321047526673 0.0
6 0.045249 -10 0.8176614881439084 0.8176614881439084 0.8176614881439084 0.8176614881439084 0.8176614881439084 0.0
6 0.032 -10 0.5837711617046117 0.5837711617046117 0.5837711617046117 0.5837711617046117 0.5837711617046117 0.0
6 0.022624 -10 0.37411148522259635 0.37411148522259635 0.37411148522259635 0.37411148522259635 0.37411148522259635 0.0
6 0.016 -10 0.2143163309044149 0.2143163309044149 0.2143163309044149 0.2143163309044149 0.2143163309044149 0.0
6 0.181 -10 0.7468259895444361 1.0 0.7468259895444361 0.7468259895444361 0.7468259895444361 1.0
6 0.128 -10 0.7451564828614009 1.0 0.7451564828614009 0.7451564828614009 0.7451564828614009 1.0
6 0.090496 -10 0.7446016381236039 0.9977661950856291 0.7446016381236039 0.7446016381236039 0.7446016381236039 0.9977661950856291
6 0.064 -10 0.6514657980456026 0.962214983713355 0.6514657980456026 0.6514657980456026 0.6514657980456026 0.9615635179153095
6 0.045249 -10 0.46904315196998125 0.8175422138836773 0.46904315196998125 0.46904315196998125 0.46904315196998125 0.8142589118198874
6 0.032 -10 0.2691790040376851 0.5706594885598923 0.2691790040376851 0.2691790040376851 0.2691790040376851 0.5690444145356662
6 0.022624 -10 0.12635835228708617 0.3356077836745009 0.12635835228708617 0.12635835228708617 0.12635835228708617 0.3333333333333333
6 0.016 -10 0.053553258715792855 0.16912119102447384 0.053553258715792855 0.053553258715792855 0.053553258715792855 0.16810367910887378
6 0.181 -10 1.0 1.0 1.0 1.0 1.0 0.0
6 0.128 -10 1.0 1.0 1.0 1.0 1.0 0.0
6 0.090496 -10 0.998003992015968 0.998003992015968 0.998003992015968 0.998003992015968 0.998003992015968 0.0
6 0.064 -10 0.9615384615384616 0.9615384615384616 0.9615384615384616 0.9615384615384616 0.9615384615384616 0.0
6 0.045249 -10 0.8058017727639001 0.8058017727639001 0.8058017727639001 0.8058017727639001 0.8058017727639001 0.0
6 0.032 -10 0.5537098560354374 0.5537098560354374 0.5537098560354374 0.5537098560354374 0.5537098560354374 0.0
6 0.022624 -10 0.324254215304799 0.324254215304799 0.324254215304799 0.324254215304799 0.324254215304799 0.0
6 0.016 -10 0.1575299306868305 0.1575299306868305 0.1575299306868305 0.1575299306868305 0.1575299306868305 0.0
6 0.181 -10 1.0 1.0 1.0 1.0 1.0 0.0
6 0.128 -10 1.0 1.0 1.0 1.0 1.0 0.0
6 0.090496 -10 0.999000999000999 0.999000999000999 0.999000999000999 0.999000999000999 0.999000999000999 0.0
6 0.064 -10 0.9596928982725528 0.9596928982725528 0.9596928982725528 0.9596928982725528 0.9596928982725528 0.0
6 0.045249 -10 0.7836990595611285 0.7836990595611285 0.7836990595611285 0.7836990595611285 0.7836990595611285 0.0
6 0.032 -10 0.49925112331502747 0.49925112331502747 0.49925112331502747 0.49925112331502747 0.49925112331502747 0.0
6 0.022624 -10 0.2528445006321112 0.2528445006321112 0.2528445006321112 0.2528445006321112 0.2528445006321112 0.0
6 0.016 -10 0.112943302462164 0.112943302462164 0.112943302462164 0.112943302462164 0.112943302462164 0.0
