9 0.181 -10 1.0 1.0 1.0 1.0 1.0 0.0
9 0.128 -10 1.0 1.0 1.0 1.0 1.0 0.0
9 0.090496 -10 1.0 1.0 1.0 1.0 1.0 0.0
9 0.064 -10 0.999000999000999 0.999000999000999 0.999000999000999 0.999000999000999 0.999000999000999 0.0
9 0.045249 -10 0.949667616334283 0.949667616334283 0.949667616334283 0.949667616334283 0.949667616334283 0.0
9 0.032 -10 0.794912559618442 0.794912559618442 0.794912559618442 0.794912559618442 0.794912559618442 0.0
9 0.022624 -10 0.5063291139240507 0.5063291139240507 0.5063291139240507 0.5063291139240507 0.5063291139240507 0.0
9 0.016 -10 0.3108486167236556 0.3108486167236556 0.3108486167236556 0.3108486167236556 0.3108486167236556 0.0
9 0.01132 -10 0.16048788316482104 0.16048788316482104 0.16048788316482104 0.16048788316482104 0.16048788316482104 0.0
9 0.008 -10 0.07994244144216164 0.07994244144216164 0.07994244144216164 0.07994244144216164 0.07994244144216164 0.0
9 0.005656 -10 0.04382312984793374 0.04382312984793374 0.04382312984793374 0.04382312984793374 0.04382312984793374 0.0
9 0.004 -10 0.02320185614849188 0.02320185614849188 0.02320185614849188 0.02320185614849188 0.02320185614849188 0.0
