12 0.181 -10 1.0 1.0 1.0 1.0 1.0 0.0
12 0.128 -10 1.0 1.0 1.0 1.0 1.0 0.0
12 0.090496 -10 1.0 1.0 1.0 1.0 1.0 0.0
12 0.064 -10 1.0 1.0 1.0 1.0 1.0 0.0
12 0.045249 -10 0.983284169124877 0.983284169124877 0.983284169124877 0.983284169124877 0.983284169124877 0.0
12 0.032 -10 0.8865248226950354 0.8865248226950354 0.8865248226950354 0.8865248226950354 0.8865248226950354 0.0
12 0.022624 -10 0.6548788474132285 0.6548788474132285 0.6548788474132285 0.6548788474132285 0.6548788474132285 0.0
12 0.016 -10 0.40916530278232405 0.40916530278232405 0.40916530278232405 0.40916530278232405 0.40916530278232405 0.0
12 0.181 -10 0.7518796992481203 1.0 0.7518796992481203 0.7518796992481203 0.7518796992481203 1.0
12 0.128 -10 0.7451564828614009 1.0 0.7451564828614009 0.7451564828614009 0.7451564828614009 1.0
12 0.090496 -10 0.7656967840735069 1.0 0.7656967840735069 0.7656967840735069 0.7656967840735069 1.0
12 0.064 -10 0.7256894049346879 1.0 0.7256894049346879 0.7256894049346879 0.7256894049346879 1.0
12 0.045249 -10 0.5546311702717692 0.9877981142540211 0.5546311702717692 0.5546311702717692 0.5546311702717692 0.9877981142540211
12 0.032 -10 0.17995321216483715 0.8450602843260753 0.17995321216483715 0.17995321216483715 0.17995321216483715 0.8450602843260753
12 0.022624 -10 0.03248018708587761 0.5888333116798753 0.03248018708587761 0.03248018708587761 0.03248018708587761 0.5887358711186177
12 0.016 -10 0.005087116876510238 0.382861503243037 0.005087116876510238 0.005087116876510238 0.005087116876510238 0.38283606765865447
12 0.181 -10 1.0 1.0 1.0 1.0 1.0 0.0
12 0.128 -10 1.0 1.0 1.0 1.0 1.0 0.0
12 0.090496 -10 1.0 1.0 1.0 1.0 1.0 0.0
12 0.064 -10 1.0 1.0 1.0 1.0 1.0 0.0
12 0.045249 -10 0.9765625 0.9765625 0.9765625 0.9765625 0.9765625 0.0
12 0.032 -10 0.7993605115907274 0.7993605115907274 0.7993605115907274 0.7993605115907274 0.7993605115907274 0.0
12 0.022624 -10 0.5159958720330238 0.5159958720330238 0.5159958720330238 0.5159958720330238 0.5159958720330238 0.0
12 0.016 -10 0.29112081513828236 0.29112081513828236 0.29112081513828236 0.29112081513828236 0.29112081513828236 0.0
12 0.181 -10 1.0 1.0 1.0 1.0 1.0 0.0
12 0.128 -10 1.0 1.0 1.0 1.0 1.0 0.0
12 0.090496 -10 1.0 1.0 1.0 1.0 1.0 0.0
12 0.064 -10 1.0 1.0 1.0 1.0 1.0 0.0
12 0.045249 -10 0.949667616334283 0.949667616334283 0.949667616334283 0.949667616334283 0.949667616334283 0.0
12 0.032 -10 0.5611672278338945 0.5611672278338945 0.5611672278338945 0.5611672278338945 0.5611672278338945 0.0
12 0.022624 -10 0.2015316404675534 0.2015316404675534 0.2015316404675534 0.2015316404675534 0.2015316404675534 0.0
12 0.016 -10 0.06719075455217362 0.06719075455217362 0.06719075455217362 0.06719075455217362 0.06719075455217362 0.0
