11 0.181 -10 1.0 1.0 1.0 1.0 1.0 0.0
11 0.128 -10 1.0 1.0 1.0 1.0 1.0 0.0
11 0.090496 -10 1.0 1.0 1.0 1.0 1.0 0.0
11 0.064 -10 1.0 1.0 1.0 1.0 1.0 0.0
11 0.045249 -10 0.9861932938856016 0.9861932938856016 0.9861932938856016 0.9861932938856016 0.9861932938856016 0.0
11 0.032 -10 0.8130081300813008 0.8130081300813008 0.8130081300813008 0.8130081300813008 0.8130081300813008 0.0
11 0.022624 -10 0.5151983513652756 0.5151983513652756 0.5151983513652756 0.5151983513652756 0.5151983513652756 0.0
11 0.016 -10 0.23668639053254437 0.23668639053254437 0.23668639053254437 0.23668639053254437 0.23668639053254437 0.0
11 0.01132 -10 0.11566042100393245 0.11566042100393245 0.11566042100393245 0.11566042100393245 0.11566042100393245 0.0
11 0.008 -10 0.05328502158043374 0.05328502158043374 0.05328502158043374 0.05328502158043374 0.05328502158043374 0.0
