10 0.362 -10 1.0 1.0 1.0 1.0 1.0 0.0
10 0.256 -10 1.0 1.0 1.0 1.0 1.0 0.0
10 0.181 -10 1.0 1.0 1.0 1.0 1.0 0.0
10 0.128 -10 1.0 1.0 1.0 1.0 1.0 0.0
10 0.090496 -10 1.0 1.0 1.0 1.0 1.0 0.0
10 0.064 -10 0.9920634920634921 0.9920634920634921 0.9920634920634921 0.9920634920634921 0.9920634920634921 0.0
10 0.045249 -10 0.7173601147776184 0.7173601147776184 0.7173601147776184 0.7173601147776184 0.7173601147776184 0.0
10 0.032 -10 0.21795989537925023 0.21795989537925023 0.21795989537925023 0.21795989537925023 0.21795989537925023 0.0
10 0.022624 -10 0.042826552462526764 0.042826552462526764 0.042826552462526764 0.042826552462526764 0.042826552462526764 0.0
10 0.016 -10 0.007099297879439723 0.007099297879439723 0.007099297879439723 0.007099297879439723 0.007099297879439723 0.0
10 0.011312 -10 0.0011444921316165952 0.0011444921316165952 0.0011444921316165952 0.0011444921316165952 0.0011444921316165952 0.0
10 0.008 -10 0.00019814975683061842 0.00019814975683061842 0.00019814975683061842 0.00019814975683061842 0.00019814975683061842 0.0
