5 0.181 -10 1.0 1.0 1.0 1.0 1.0 0.0
5 0.128 -10 1.0 1.0 1.0 1.0 1.0 0.0
5 0.090496 -10 0.9910802775024777 0.9910802775024777 0.9910802775024777 0.9910802775024777 0.9910802775024777 0.0
5 0.064 -10 0.9191176470588235 0.9191176470588235 0.9191176470588235 0.9191176470588235 0.9191176470588235 0.0
5 0.045249 -10 0.6622516556291391 0.6622516556291391 0.6622516556291391 0.6622516556291391 0.6622516556291391 0.0
5 0.032 -10 0.39261876717707106 0.39261876717707106 0.39261876717707106 0.39261876717707106 0.39261876717707106 0.0
5 0.022624 -10 0.18474043968224643 0.18474043968224643 0.18474043968224643 0.18474043968224643 0.18474043968224643 0.0
5 0.016 -10 0.07859781498074353 0.07859781498074353 0.07859781498074353 0.07859781498074353 0.07859781498074353 0.0
5 0.01132 -10 0.03566461000748957 0.03566461000748957 0.03566461000748957 0.03566461000748957 0.03566461000748957 0.0
5 0.008 -10 0.013571283164823235 0.013571283164823235 0.013571283164823235 0.013571283164823235 0.013571283164823235 0.0
