6 0.362 -10 1.0 1.0 1.0 1.0 1.0 0.0
6 0.256 -10 1.0 1.0 1.0 1.0 1.0 0.0
6 0.181 -10 1.0 1.0 1.0 1.0 1.0 0.0
6 0.128 -10 1.0 1.0 1.0 1.0 1.0 0.0
6 0.090496 -10 0.9960159362549801 0.9960159362549801 0.9960159362549801 0.9960159362549801 0.9960159362549801 0.0
6 0.064 -10 0.8865248226950354 0.8865248226950354 0.8865248226950354 0.8865248226950354 0.8865248226950354 0.0
6 0.045249 -10 0.6289308176100629 0.6289308176100629 0.6289308176100629 0.6289308176100629 0.6289308176100629 0.0
6 0.032 -10 0.3270111183780249 0.3270111183780249 0.3270111183780249 0.3270111183780249 0.3270111183780249 0.0
6 0.022624 -10 0.14716703458425312 0.14716703458425312 0.14716703458425312 0.14716703458425312 0.14716703458425312 0.0
6 0.016 -10 0.05451076587626056 0.05451076587626056 0.05451076587626056 0.05451076587626056 0.05451076587626056 0.0
6 0.011312 -10 0.017001887209480253 0.017001887209480253 0.017001887209480253 0.017001887209480253 0.017001887209480253 0.0
6 0.008 -10 0.00519086822461925 0.00519086822461925 0.00519086822461925 0.00519086822461925 0.00519086822461925 0.0
