5 0.362 -10 1.0 1.0 1.0 1.0 1.0 0.0
5 0.256 -10 1.0 1.0 1.0 1.0 1.0 0.0
5 0.181 -10 1.0 1.0 1.0 1.0 1.0 0.0
5 0.128 -10 1.0 1.0 1.0 1.0 1.0 0.0
5 0.090496 -10 0.9727626459143969 0.9727626459143969 0.9727626459143969 0.9727626459143969 0.9727626459143969 0.0
5 0.064 -10 0.777000777000777 0.777000777000777 0.777000777000777 0.777000777000777 0.777000777000777 0.0
5 0.045249 -10 0.4537205081669691 0.4537205081669691 0.4537205081669691 0.4537205081669691 0.4537205081669691 0.0
5 0.032 -10 0.19794140934283452 0.19794140934283452 0.19794140934283452 0.19794140934283452 0.19794140934283452 0.0
5 0.022624 -10 0.08017960230917255 0.08017960230917255 0.08017960230917255 0.08017960230917255 0.08017960230917255 0.0
5 0.016 -10 0.028153945775500438 0.028153945775500438 0.028153945775500438 0.028153945775500438 0.028153945775500438 0.0
5 0.011312 -10 0.010993964313591838 0.010993964313591838 0.010993964313591838 0.010993964313591838 0.010993964313591838 0.0
5 0.008 -10 0.003758070456304915 0.003758070456304915 0.003758070456304915 0.003758070456304915 0.003758070456304915 0.0
