11 0.362 -10 1.0 1.0 1.0 1.0 1.0 0.0
11 0.256 -10 1.0 1.0 1.0 1.0 1.0 0.0
11 0.181 -10 1.0 1.0 1.0 1.0 1.0 0.0
11 0.128 -10 1.0 1.0 1.0 1.0 1.0 0.0
11 0.090496 -10 1.0 1.0 1.0 1.0 1.0 0.0
11 0.064 -10 1.0 1.0 1.0 1.0 1.0 0.0
11 0.045249 -10 0.9746588693957114 0.9746588693957114 0.9746588693957114 0.9746588693957114 0.9746588693957114 0.0
11 0.032 -10 0.6906077348066298 0.6906077348066298 0.6906077348066298 0.6906077348066298 0.6906077348066298 0.0
11 0.022624 -10 0.2855511136493432 0.2855511136493432 0.2855511136493432 0.2855511136493432 0.2855511136493432 0.0
11 0.016 -10 0.09158347834050737 0.09158347834050737 0.09158347834050737 0.09158347834050737 0.09158347834050737 0.0
11 0.011312 -10 0.03202767190852897 0.03202767190852897 0.03202767190852897 0.03202767190852897 0.03202767190852897 0.0
11 0.008 -10 0.01111086420301771 0.01111086420301771 0.01111086420301771 0.01111086420301771 0.01111086420301771 0.0
