10 0.181 -10 1.0 1.0 1.0 1.0 1.0 0.0
10 0.128 -10 1.0 1.0 1.0 1.0 1.0 0.0
10 0.090496 -10 1.0 1.0 1.0 1.0 1.0 0.0
10 0.064 -10 0.998003992015968 0.998003992015968 0.998003992015968 0.998003992015968 0.998003992015968 0.0
10 0.045249 -10 0.970873786407767 0.970873786407767 0.970873786407767 0.970873786407767 0.970873786407767 0.0
10 0.032 -10 0.796812749003984 0.796812749003984 0.796812749003984 0.796812749003984 0.796812749003984 0.0
10 0.022624 -10 0.5353319057815846 0.5353319057815846 0.5353319057815846 0.5353319057815846 0.5353319057815846 0.0
10 0.016 -10 0.29308323563892147 0.29308323563892147 0.29308323563892147 0.29308323563892147 0.29308323563892147 0.0
10 0.01132 -10 0.16874789065136686 0.16874789065136686 0.16874789065136686 0.16874789065136686 0.16874789065136686 0.0
10 0.008 -10 0.08976660682226212 0.08976660682226212 0.08976660682226212 0.08976660682226212 0.08976660682226212 0.0
10 0.005656 -10 0.04514468872737123 0.04514468872737123 0.04514468872737123 0.04514468872737123 0.04514468872737123 0.0
10 0.004 -10 0.02300490004370931 0.02300490004370931 0.02300490004370931 0.02300490004370931 0.02300490004370931 0.0
