10 0.362 -10 1.0 1.0 1.0 1.0 1.0 0.0
10 0.256 -10 1.0 1.0 1.0 1.0 1.0 0.0
10 0.181 -10 1.0 1.0 1.0 1.0 1.0 0.0
10 0.128 -10 1.0 1.0 1.0 1.0 1.0 0.0
10 0.090496 -10 1.0 1.0 1.0 1.0 1.0 0.0
10 0.064 -10 0.998003992015968 0.998003992015968 0.998003992015968 0.998003992015968 0.998003992015968 0.0
10 0.045249 -10 0.9174311926605505 0.9174311926605505 0.9174311926605505 0.9174311926605505 0.9174311926605505 0.0
10 0.032 -10 0.5037783375314862 0.5037783375314862 0.5037783375314862 0.5037783375314862 0.5037783375314862 0.0
10 0.022624 -10 0.15535187199005748 0.15535187199005748 0.15535187199005748 0.15535187199005748 0.15535187199005748 0.0
10 0.016 -10 0.03898027598035394 0.03898027598035394 0.03898027598035394 0.03898027598035394 0.03898027598035394 0.0
10 0.011312 -10 0.011565507031828275 0.011565507031828275 0.011565507031828275 0.011565507031828275 0.011565507031828275 0.0
10 0.008 -10 0.0039051211759100887 0.0039051211759100887 0.0039051211759100887 0.0039051211759100887 0.0039051211759100887 0.0
