11 0.181 -10 1.0 1.0 1.0 1.0 1.0 0.0
11 0.128 -10 1.0 1.0 1.0 1.0 1.0 0.0
11 0.090496 -10 1.0 1.0 1.0 1.0 1.0 0.0
11 0.064 -10 1.0 1.0 1.0 1.0 1.0 0.0
11 0.045249 -10 0.9950248756218906 0.9950248756218906 0.9950248756218906 0.9950248756218906 0.9950248756218906 0.0
11 0.032 -10 0.9009009009009009 0.9009009009009009 0.9009009009009009 0.9009009009009009 0.9009009009009009 0.0
11 0.022624 -10 0.6640106241699867 0.6640106241699867 0.6640106241699867 0.6640106241699867 0.6640106241699867 0.0
11 0.016 -10 0.42735042735042733 0.42735042735042733 0.42735042735042733 0.42735042735042733 0.42735042735042733 0.0
11 0.01132 -10 0.21853146853146854 0.21853146853146854 0.21853146853146854 0.21853146853146854 0.21853146853146854 0.0
11 0.008 -10 0.12489072061945797 0.12489072061945797 0.12489072061945797 0.12489072061945797 0.12489072061945797 0.0
