9 0.362 -10 1.0 1.0 1.0 1.0 1.0 0.0
9 0.256 -10 1.0 1.0 1.0 1.0 1.0 0.0
9 0.181 -10 1.0 1.0 1.0 1.0 1.0 0.0
9 0.128 -10 1.0 1.0 1.0 1.0 1.0 0.0
9 0.090496 -10 1.0 1.0 1.0 1.0 1.0 0.0
9 0.064 -10 1.0 1.0 1.0 1.0 1.0 0.0
9 0.045249 -10 0.9337068160597572 0.9337068160597572 0.9337068160597572 0.9337068160597572 0.9337068160597572 0.0
9 0.032 -10 0.6211180124223602 0.6211180124223602 0.6211180124223602 0.6211180124223602 0.6211180124223602 0.0
9 0.022624 -10 0.26413100898045433 0.26413100898045433 0.26413100898045433 0.26413100898045433 0.26413100898045433 0.0
9 0.016 -10 0.09375585974123382 0.09375585974123382 0.09375585974123382 0.09375585974123382 0.09375585974123382 0.0
9 0.011312 -10 0.03253725515715494 0.03253725515715494 0.03253725515715494 0.03253725515715494 0.03253725515715494 0.0
9 0.008 -10 0.011137097672346587 0.011137097672346587 0.011137097672346587 0.011137097672346587 0.011137097672346587 0.0
