10 0.181 -10 1.0 1.0 1.0 1.0 1.0 0.0
10 0.128 -10 1.0 1.0 1.0 1.0 1.0 0.0
10 0.090496 -10 1.0 1.0 1.0 1.0 1.0 0.0
10 0.064 -10 1.0 1.0 1.0 1.0 1.0 0.0
10 0.045249 -10 0.9090909090909091 0.9090909090909091 0.9090909090909091 0.9090909090909091 0.9090909090909091 0.0
10 0.032 -10 0.499001996007984 0.499001996007984 0.499001996007984 0.499001996007984 0.499001996007984 0.0
10 0.022624 -10 0.18138944313440958 0.18138944313440958 0.18138944313440958 0.18138944313440958 0.18138944313440958 0.0
10 0.016 -10 0.054271138608488007 0.054271138608488007 0.054271138608488007 0.054271138608488007 0.054271138608488007 0.0
10 0.01132 -10 0.016009477610745563 0.016009477610745563 0.016009477610745563 0.016009477610745563 0.016009477610745563 0.0
10 0.008 -10 0.004488471361308479 0.004488471361308479 0.004488471361308479 0.004488471361308479 0.004488471361308479 0.0
10 0.005656 -10 0.001426684129280409 0.001426684129280409 0.001426684129280409 0.001426684129280409 0.001426684129280409 0.0
10 0.004 -10 0.0004555047060468705 0.0004555047060468705 0.0004555047060468705 0.0004555047060468705 0.0004555047060468705 0.0
