11 0.181 -10 0.7507507507507507 1.0 1.0 0.9669669669669669 0.7507507507507507 1.0
11 0.128 -10 0.746268656716418 1.0 1.0 0.9604477611940299 0.746268656716418 1.0
11 0.090496 -10 0.7552870090634441 1.0 1.0 0.9425981873111783 0.7552870090634441 1.0
11 0.064 -10 0.7446016381236039 1.0 0.9940431868950111 0.8897989575577067 0.7446016381236039 1.0
11 0.045249 -10 0.4329004329004329 0.983982683982684 0.7961038961038961 0.5008658008658009 0.4329004329004329 0.983982683982684
11 0.032 -10 0.09970089730807577 0.8556331006979063 0.3692921236291127 0.11814556331006978 0.09970089730807577 0.8552342971086739
11 0.022624 -10 0.016475007413753337 0.6160499522224785 0.12010280404626182 0.021862334838050678 0.016475007413753337 0.6158028271112722
11 0.016 -10 0.002267650827125639 0.38385432611086545 0.03499211991337574 0.0037393562139301792 0.002267650827125639 0.3837976348401873
11 0.01132 -10 0.0003826504744291907 0.22136980451535213 0.01059138248172557 0.0008181067143296098 0.0003826504744291907 0.22135870765159368
11 0.008 -10 6.447467805375447e-05 0.11992992891989118 0.0032771189361162326 0.000198259635015295 6.447467805375447e-05 0.11992831705293984
