10 0.181 -10 1.0 1.0 1.0 1.0 1.0 0.0
10 0.128 -10 1.0 1.0 1.0 1.0 1.0 0.0
10 0.090496 -10 1.0 1.0 1.0 1.0 1.0 0.0
10 0.064 -10 0.998003992015968 0.998003992015968 0.998003992015968 0.998003992015968 0.998003992015968 0.0
10 0.045249 -10 0.970873786407767 0.970873786407767 0.970873786407767 0.970873786407767 0.970873786407767 0.0
10 0.032 -10 0.796812749003984 0.796812749003984 0.796812749003984 0.796812749003984 0.796812749003984 0.0
10 0.022624 -10 0.5353319057815846 0.5353319057815846 0.5353319057815846 0.5353319057815846 0.5353319057815846 0.0
10 0.016 -10 0.29308323563892147 0.29308323563892147 0.29308323563892147 0.29308323563892147 0.29308323563892147 0.0
10 0.181 -10 0.7501875468867217 1.0 0.7501875468867217 0.7501875468867217 0.7501875468867217 1.0
10 0.128 -10 0.7407407407407407 1.0 0.7407407407407407 0.7407407407407407 0.7407407407407407 1.0
10 0.090496 -10 0.7246376811594203 1.0 0.7246376811594203 0.7246376811594203 0.7246376811594203 1.0
10 0.064 -10 0.7336757153338225 0.9992663242846662 0.7336757153338225 0.7336757153338225 0.7336757153338225 0.9992663242846662
10 0.045249 -10 0.5521811154058531 0.9596907785753728 0.5521811154058531 0.5521811154058531 0.5521811154058531 0.9596907785753728
10 0.032 -10 0.20846362309776945 0.7331665624348551 0.20846362309776945 0.20846362309776945 0.20846362309776945 0.7327496351886595
10 0.022624 -10 0.05125839356194577 0.4581475216566713 0.05125839356194577 0.05125839356194577 0.05125839356194577 0.45778871290173767
10 0.016 -10 0.0104834989726171 0.2752232985281167 0.0104834989726171 0.0104834989726171 0.0104834989726171 0.2751184635383906
10 0.181 -10 1.0 1.0 1.0 1.0 1.0 0.0
10 0.128 -10 1.0 1.0 1.0 1.0 1.0 0.0
10 0.090496 -10 1.0 1.0 1.0 1.0 1.0 0.0
10 0.064 -10 1.0 1.0 1.0 1.0 1.0 0.0
10 0.045249 -10 0.9380863039399625 0.9380863039399625 0.9380863039399625 0.9380863039399625 0.9380863039399625 0.0
10 0.032 -10 0.6653359946773121 0.6653359946773121 0.6653359946773121 0.6653359946773121 0.6653359946773121 0.0
10 0.022624 -10 0.37133308577794283 0.37133308577794283 0.37133308577794283 0.37133308577794283 0.37133308577794283 0.0
10 0.016 -10 0.17364125716270185 0.17364125716270185 0.17364125716270185 0.17364125716270185 0.17364125716270185 0.0
10 0.181 -10 1.0 1.0 1.0 1.0 1.0 0.0
10 0.128 -10 1.0 1.0 1.0 1.0 1.0 0.0
10 0.090496 -10 1.0 1.0 1.0 1.0 1.0 0.0
10 0.064 -10 1.0 1.0 1.0 1.0 1.0 0.0
10 0.045249 -10 0.9090909090909091 0.9090909090909091 0.9090909090909091 0.9090909090909091 0.9090909090909091 0.0
10 0.032 -10 0.499001996007984 0.499001996007984 0.499001996007984 0.499001996007984 0.499001996007984 0.0
10 0.022624 -10 0.18138944313440958 0.18138944313440958 0.18138944313440958 0.18138944313440958 0.18138944313440958 0.0
10 0.016 -10 0.054271138608488007 0.054271138608488007 0.054271138608488007 0.054271138608488007 0.054271138608488007 0.0
