12 0.181 -10 1.0 1.0 1.0 1.0 1.0 0.0
12 0.128 -10 1.0 1.0 1.0 1.0 1.0 0.0
12 0.090496 -10 1.0 1.0 1.0 1.0 1.0 0.0
12 0.064 -10 1.0 1.0 1.0 1.0 1.0 0.0
12 0.045249 -10 0.983284169124877 0.983284169124877 0.983284169124877 0.983284169124877 0.983284169124877 0.0
12 0.032 -10 0.8865248226950354 0.8865248226950354 0.8865248226950354 0.8865248226950354 0.8865248226950354 0.0
12 0.022624 -10 0.6548788474132285 0.6548788474132285 0.6548788474132285 0.6548788474132285 0.6548788474132285 0.0
12 0.016 -10 0.40916530278232405 0.40916530278232405 0.40916530278232405 0.40916530278232405 0.40916530278232405 0.0
12 0.01132 -10 0.2397506593143131 0.2397506593143131 0.2397506593143131 0.2397506593143131 0.2397506593143131 0.0
12 0.008 -10 0.12827090815802974 0.12827090815802974 0.12827090815802974 0.12827090815802974 0.12827090815802974 0.0
