6 0.181 -10 1.0 1.0 1.0 1.0 1.0 0.0
6 0.128 -10 1.0 1.0 1.0 1.0 1.0 0.0
6 0.090496 -10 0.999000999000999 0.999000999000999 0.999000999000999 0.999000999000999 0.999000999000999 0.0
6 0.064 -10 0.9596928982725528 0.9596928982725528 0.9596928982725528 0.9596928982725528 0.9596928982725528 0.0
6 0.045249 -10 0.7836990595611285 0.7836990595611285 0.7836990595611285 0.7836990595611285 0.7836990595611285 0.0
6 0.032 -10 0.49925112331502747 0.49925112331502747 0.49925112331502747 0.49925112331502747 0.49925112331502747 0.0
6 0.022624 -10 0.2528445006321112 0.2528445006321112 0.2528445006321112 0.2528445006321112 0.2528445006321112 0.0
6 0.016 -10 0.112943302462164 0.112943302462164 0.112943302462164 0.112943302462164 0.112943302462164 0.0
6 0.01132 -10 0.04036001130080316 0.04036001130080316 0.04036001130080316 0.04036001130080316 0.04036001130080316 0.0
6 0.008 -10 0.017287578874578616 0.017287578874578616 0.017287578874578616 0.017287578874578616 0.017287578874578616 0.0
