5 0.181 -10 1.0 1.0 1.0 1.0 1.0 0.0
5 0.128 -10 1.0 1.0 1.0 1.0 1.0 0.0
5 0.090496 -10 0.998003992015968 0.998003992015968 0.998003992015968 0.998003992015968 0.998003992015968 0.0
5 0.064 -10 0.9090909090909091 0.9090909090909091 0.9090909090909091 0.9090909090909091 0.9090909090909091 0.0
5 0.045249 -10 0.687757909215956 0.687757909215956 0.687757909215956 0.687757909215956 0.687757909215956 0.0
5 0.032 -10 0.4191114836546521 0.4191114836546521 0.4191114836546521 0.4191114836546521 0.4191114836546521 0.0
5 0.022624 -10 0.2255299954894001 0.2255299954894001 0.2255299954894001 0.2255299954894001 0.2255299954894001 0.0
5 0.016 -10 0.12205541315757354 0.12205541315757354 0.12205541315757354 0.12205541315757354 0.12205541315757354 0.0
5 0.181 -10 0.7581501137225171 1.0 0.7581501137225171 0.7581501137225171 0.7581501137225171 1.0
5 0.128 -10 0.7326007326007326 1.0 0.7326007326007326 0.7326007326007326 0.7326007326007326 1.0
5 0.090496 -10 0.7163323782234957 0.997134670487106 0.7163323782234957 0.7163323782234957 0.7163323782234957 0.997134670487106
5 0.064 -10 0.5564830272676683 0.9115191986644408 0.5564830272676683 0.5564830272676683 0.5564830272676683 0.8964941569282137
5 0.045249 -10 0.32404406999351915 0.6817887232663642 0.32404406999351915 0.32404406999351915 0.32404406999351915 0.6587815942968244
5 0.032 -10 0.15513496742165683 0.40784982935153585 0.15513496742165683 0.15513496742165683 0.15513496742165683 0.38582066397766057
5 0.022624 -10 0.06413545407901487 0.20869676757311442 0.06413545407901487 0.06413545407901487 0.06413545407901487 0.19792201128783993
5 0.016 -10 0.02359882005899705 0.10067256637168141 0.02359882005899705 0.02359882005899705 0.02359882005899705 0.09628318584070797
5 0.181 -10 1.0 1.0 1.0 1.0 1.0 0.0
5 0.128 -10 1.0 1.0 1.0 1.0 1.0 0.0
5 0.090496 -10 0.9910802775024777 0.9910802775024777 0.9910802775024777 0.9910802775024777 0.9910802775024777 0.0
5 0.064 -10 0.9191176470588235 0.9191176470588235 0.9191176470588235 0.9191176470588235 0.9191176470588235 0.0
5 0.045249 -10 0.6622516556291391 0.6622516556291391 0.6622516556291391 0.6622516556291391 0.6622516556291391 0.0
5 0.032 -10 0.39261876717707106 0.39261876717707106 0.39261876717707106 0.39261876717707106 0.39261876717707106 0.0
5 0.022624 -10 0.18474043968224643 0.18474043968224643 0.18474043968224643 0.18474043968224643 0.18474043968224643 0.0
5 0.016 -10 0.07859781498074353 0.07859781498074353 0.07859781498074353 0.07859781498074353 0.07859781498074353 0.0
5 0.181 -10 1.0 1.0 1.0 1.0 1.0 0.0
5 0.128 -10 1.0 1.0 1.0 1.0 1.0 0.0
5 0.090496 -10 0.9930486593843099 0.9930486593843099 0.9930486593843099 0.9930486593843099 0.9930486593843099 0.0
5 0.064 -10 0.9250693802035153 0.9250693802035153 0.9250693802035153 0.9250693802035153 0.9250693802035153 0.0
5 0.045249 -10 0.6523157208088715 0.6523157208088715 0.6523157208088715 0.6523157208088715 0.6523157208088715 0.0
5 0.032 -10 0.35486160397445 0.35486160397445 0.35486160397445 0.35486160397445 0.35486160397445 0.0
5 0.022624 -10 0.1605394124257505 0.1605394124257505 0.1605394124257505 0.1605394124257505 0.1605394124257505 0.0
5 0.016 -10 0.05513287021722351 0.05513287021722351 0.05513287021722351 0.05513287021722351 0.05513287021722351 0.0
