12 0.362 -10 1.0 1.0 1.0 1.0 1.0 0.0
12 0.256 -10 1.0 1.0 1.0 1.0 1.0 0.0
12 0.181 -10 1.0 1.0 1.0 1.0 1.0 0.0
12 0.128 -10 1.0 1.0 1.0 1.0 1.0 0.0
12 0.090496 -10 1.0 1.0 1.0 1.0 1.0 0.0
12 0.064 -10 1.0 1.0 1.0 1.0 1.0 0.0
12 0.045249 -10 0.942507068803016 0.942507068803016 0.942507068803016 0.942507068803016 0.942507068803016 0.0
12 0.032 -10 0.49358341559723595 0.49358341559723595 0.49358341559723595 0.49358341559723595 0.49358341559723595 0.0
12 0.022624 -10 0.13706140350877194 0.13706140350877194 0.13706140350877194 0.13706140350877194 0.13706140350877194 0.0
12 0.016 -10 0.032484407484407486 0.032484407484407486 0.032484407484407486 0.032484407484407486 0.032484407484407486 0.0
12 0.011312 -10 0.010704116803322557 0.010704116803322557 0.010704116803322557 0.010704116803322557 0.010704116803322557 0.0
12 0.008 -10 0.004276538056912168 0.004276538056912168 0.004276538056912168 0.004276538056912168 0.004276538056912168 0.0
