6 0.362 -10 1.0 1.0 1.0 1.0 1.0 0.0
6 0.256 -10 1.0 1.0 1.0 1.0 1.0 0.0
6 0.181 -10 1.0 1.0 1.0 1.0 1.0 0.0
6 0.128 -10 1.0 1.0 1.0 1.0 1.0 0.0
6 0.090496 -10 1.0 1.0 1.0 1.0 1.0 0.0
6 0.064 -10 0.9689922480620154 0.9689922480620154 0.9689922480620154 0.9689922480620154 0.9689922480620154 0.0
6 0.045249 -10 0.7961783439490446 0.7961783439490446 0.7961783439490446 0.7961783439490446 0.7961783439490446 0.0
6 0.032 -10 0.5268703898840885 0.5268703898840885 0.5268703898840885 0.5268703898840885 0.5268703898840885 0.0
6 0.022624 -10 0.2553626149131767 0.2553626149131767 0.2553626149131767 0.2553626149131767 0.2553626149131767 0.0
6 0.016 -10 0.11957431543704412 0.11957431543704412 0.11957431543704412 0.11957431543704412 0.11957431543704412 0.0
6 0.011312 -10 0.049709201173137145 0.049709201173137145 0.049709201173137145 0.049709201173137145 0.049709201173137145 0.0
6 0.008 -10 0.020892528831689787 0.020892528831689787 0.020892528831689787 0.020892528831689787 0.020892528831689787 0.0
