9 0.181 -10 1.0 1.0 1.0 1.0 1.0 0.0
9 0.128 -10 1.0 1.0 1.0 1.0 1.0 0.0
9 0.090496 -10 1.0 1.0 1.0 1.0 1.0 0.0
9 0.064 -10 1.0 1.0 1.0 1.0 1.0 0.0
9 0.045249 -10 0.9354536950420954 0.9354536950420954 0.9354536950420954 0.9354536950420954 0.9354536950420954 0.0
9 0.032 -10 0.5931198102016607 0.5931198102016607 0.5931198102016607 0.5931198102016607 0.5931198102016607 0.0
9 0.022624 -10 0.2506265664160401 0.2506265664160401 0.2506265664160401 0.2506265664160401 0.2506265664160401 0.0
9 0.016 -10 0.08745845723281441 0.08745845723281441 0.08745845723281441 0.08745845723281441 0.08745845723281441 0.0
9 0.01132 -10 0.02690414054723022 0.02690414054723022 0.02690414054723022 0.02690414054723022 0.02690414054723022 0.0
9 0.008 -10 0.007662600380064979 0.007662600380064979 0.007662600380064979 0.007662600380064979 0.007662600380064979 0.0
9 0.005656 -10 0.002462326405988378 0.002462326405988378 0.002462326405988378 0.002462326405988378 0.002462326405988378 0.0
9 0.004 -10 0.0008530916467825222 0.0008530916467825222 0.0008530916467825222 0.0008530916467825222 0.0008530916467825222 0.0
