6 0.181 -10 0.7575757575757576 1.0 0.9984848484848485 0.9537878787878787 0.7575757575757576 1.0
6 0.128 -10 0.7380073800738007 1.0 0.996309963099631 0.9579335793357934 0.7380073800738007 1.0
6 0.090496 -10 0.7267441860465116 0.998546511627907 0.9847383720930233 0.9178779069767442 0.7267441860465116 0.998546511627907
6 0.064 -10 0.5797101449275363 0.9739130434782609 0.8852173913043478 0.7292753623188406 0.5797101449275363 0.9727536231884057
6 0.045249 -10 0.3181673560292714 0.8221444479796373 0.606108813235762 0.4295259306395164 0.3181673560292714 0.8180082723512567
6 0.032 -10 0.12277470841006753 0.5704112952731737 0.33087783916513197 0.18735420503376304 0.12277470841006753 0.567219152854512
6 0.022624 -10 0.044347864650317086 0.33025854805091137 0.1526453501263914 0.07499223912368619 0.044347864650317086 0.32817419841234646
6 0.016 -10 0.01542305438168975 0.17207501773651254 0.06878682254233628 0.029936148554859803 0.01542305438168975 0.17088744254912241
6 0.01132 -10 0.004948657676605221 0.08251391809971545 0.030167017196585426 0.012351849560806632 0.004948657676605221 0.08183100334034393
6 0.008 -10 0.0017602224921230043 0.039832074774251464 0.012726408618049322 0.005234901691573815 0.0017602224921230043 0.03952403583812994
