12 0.181 -10 0.774593338497289 1.0 1.0 0.9682416731216111 0.774593338497289 1.0
12 0.128 -10 0.7396449704142012 1.0 1.0 0.9652366863905325 0.7396449704142012 1.0
12 0.090496 -10 0.7304601899196493 1.0 1.0 0.9532505478451424 0.7304601899196493 1.0
12 0.064 -10 0.7418397626112759 1.0 0.9955489614243324 0.9102373887240356 0.7418397626112759 1.0
12 0.045249 -10 0.4830917874396135 0.9816425120772947 0.7855072463768116 0.5603864734299517 0.4830917874396135 0.9816425120772947
12 0.032 -10 0.11204481792717087 0.8425770308123249 0.2578151260504202 0.1292997198879552 0.11204481792717087 0.8423529411764706
12 0.022624 -10 0.01894549381429627 0.5857757232442263 0.04795104484398386 0.022147282268912338 0.01894549381429627 0.5856620502813406
12 0.016 -10 0.003103565997330933 0.38246485211508024 0.007628565221439434 0.0035566866329412496 0.003103565997330933 0.3824400235871016
12 0.01132 -10 0.0004532086948994534 0.22722569657043384 0.0012168653458050323 0.0005488357295232381 0.0004532086948994534 0.22721889844001036
12 0.008 -10 7.6379081602647e-05 0.12550312810528705 0.00021355591216100099 9.24950678208055e-05 7.6379081602647e-05 0.1255018296608998
