10 0.181 -10 1.0 1.0 1.0 1.0 1.0 0.0
10 0.128 -10 1.0 1.0 1.0 1.0 1.0 0.0
10 0.090496 -10 1.0 1.0 1.0 1.0 1.0 0.0
10 0.064 -10 1.0 1.0 1.0 1.0 1.0 0.0
10 0.045249 -10 0.9380863039399625 0.9380863039399625 0.9380863039399625 0.9380863039399625 0.9380863039399625 0.0
10 0.032 -10 0.6653359946773121 0.6653359946773121 0.6653359946773121 0.6653359946773121 0.6653359946773121 0.0
10 0.022624 -10 0.37133308577794283 0.37133308577794283 0.37133308577794283 0.37133308577794283 0.37133308577794283 0.0
10 0.016 -10 0.17364125716270185 0.17364125716270185 0.17364125716270185 0.17364125716270185 0.17364125716270185 0.0
10 0.01132 -10 0.08169934640522876 0.08169934640522876 0.08169934640522876 0.08169934640522876 0.08169934640522876 0.0
10 0.008 -10 0.03664883090229422 0.03664883090229422 0.03664883090229422 0.03664883090229422 0.03664883090229422 0.0
