5 0.362 -10 1.0 1.0 1.0 1.0 1.0 0.0
5 0.256 -10 1.0 1.0 1.0 1.0 1.0 0.0
5 0.181 -10 1.0 1.0 1.0 1.0 1.0 0.0
5 0.128 -10 1.0 1.0 1.0 1.0 1.0 0.0
5 0.090496 -10 0.9950248756218906 0.9950248756218906 0.9950248756218906 0.9950248756218906 0.9950248756218906 0.0
5 0.064 -10 0.9174311926605505 0.9174311926605505 0.9174311926605505 0.9174311926605505 0.9174311926605505 0.0
5 0.045249 -10 0.684931506849315 0.684931506849315 0.684931506849315 0.684931506849315 0.684931506849315 0.0
5 0.032 -10 0.38639876352395675 0.38639876352395675 0.38639876352395675 0.38639876352395675 0.38639876352395675 0.0
5 0.022624 -10 0.1771479185119575 0.1771479185119575 0.1771479185119575 0.1771479185119575 0.1771479185119575 0.0
5 0.016 -10 0.07882084023015686 0.07882084023015686 0.07882084023015686 0.07882084023015686 0.07882084023015686 0.0
5 0.011312 -10 0.030966463320224197 0.030966463320224197 0.030966463320224197 0.030966463320224197 0.030966463320224197 0.0
5 0.008 -10 0.013326403603459535 0.013326403603459535 0.013326403603459535 0.013326403603459535 0.013326403603459535 0.0
