9 0.362 -10 1.0 1.0 1.0 1.0 1.0 0.0
9 0.256 -10 1.0 1.0 1.0 1.0 1.0 0.0
9 0.181 -10 1.0 1.0 1.0 1.0 1.0 0.0
9 0.128 -10 1.0 1.0 1.0 1.0 1.0 0.0
9 0.090496 -10 1.0 1.0 1.0 1.0 1.0 0.0
9 0.064 -10 0.9930486593843099 0.9930486593843099 0.9930486593843099 0.9930486593843099 0.9930486593843099 0.0
9 0.045249 -10 0.7662835249042146 0.7662835249042146 0.7662835249042146 0.7662835249042146 0.7662835249042146 0.0
9 0.032 -10 0.29515938606847697 0.29515938606847697 0.29515938606847697 0.29515938606847697 0.29515938606847697 0.0
9 0.022624 -10 0.08329862557267805 0.08329862557267805 0.08329862557267805 0.08329862557267805 0.08329862557267805 0.0
9 0.016 -10 0.020416079704375166 0.020416079704375166 0.020416079704375166 0.020416079704375166 0.020416079704375166 0.0
9 0.011312 -10 0.0057269832543009646 0.0057269832543009646 0.0057269832543009646 0.0057269832543009646 0.0057269832543009646 0.0
9 0.008 -10 0.0014361605110433562 0.0014361605110433562 0.0014361605110433562 0.0014361605110433562 0.0014361605110433562 0.0
