9 0.181 -10 1.0 1.0 1.0 1.0 1.0 0.0
9 0.128 -10 1.0 1.0 1.0 1.0 1.0 0.0
9 0.090496 -10 1.0 1.0 1.0 1.0 1.0 0.0
9 0.064 -10 0.999000999000999 0.999000999000999 0.999000999000999 0.999000999000999 0.999000999000999 0.0
9 0.045249 -10 0.949667616334283 0.949667616334283 0.949667616334283 0.949667616334283 0.949667616334283 0.0
9 0.032 -10 0.794912559618442 0.794912559618442 0.794912559618442 0.794912559618442 0.794912559618442 0.0
9 0.022624 -10 0.5063291139240507 0.5063291139240507 0.5063291139240507 0.5063291139240507 0.5063291139240507 0.0
9 0.016 -10 0.3108486167236556 0.3108486167236556 0.3108486167236556 0.3108486167236556 0.3108486167236556 0.0
9 0.181 -10 0.7552870090634441 1.0 0.7552870090634441 0.7552870090634441 0.7552870090634441 1.0
9 0.128 -10 0.7535795026375283 1.0 0.7535795026375283 0.7535795026375283 0.7535795026375283 1.0
9 0.090496 -10 0.7530120481927711 1.0 0.7530120481927711 0.7530120481927711 0.7530120481927711 1.0
9 0.064 -10 0.7163323782234957 0.998567335243553 0.7163323782234957 0.7163323782234957 0.7163323782234957 0.998567335243553
9 0.045249 -10 0.4562043795620438 0.9498175182481752 0.4562043795620438 0.4562043795620438 0.4562043795620438 0.948905109489051
9 0.032 -10 0.14997000599880023 0.741001799640072 0.14997000599880023 0.14997000599880023 0.14997000599880023 0.7386022795440912
9 0.022624 -10 0.03255844240411539 0.4803347007879143 0.03255844240411539 0.03255844240411539 0.03255844240411539 0.47942306440059906
9 0.016 -10 0.0073363265545675965 0.2771664172315638 0.0073363265545675965 0.0073363265545675965 0.0073363265545675965 0.2769463274349268
9 0.181 -10 1.0 1.0 1.0 1.0 1.0 0.0
9 0.128 -10 1.0 1.0 1.0 1.0 1.0 0.0
9 0.090496 -10 1.0 1.0 1.0 1.0 1.0 0.0
9 0.064 -10 1.0 1.0 1.0 1.0 1.0 0.0
9 0.045249 -10 0.946969696969697 0.946969696969697 0.946969696969697 0.946969696969697 0.946969696969697 0.0
9 0.032 -10 0.7077140835102619 0.7077140835102619 0.7077140835102619 0.7077140835102619 0.7077140835102619 0.0
9 0.022624 -10 0.37230081906180196 0.37230081906180196 0.37230081906180196 0.37230081906180196 0.37230081906180196 0.0
9 0.016 -10 0.16926201760324983 0.16926201760324983 0.16926201760324983 0.16926201760324983 0.16926201760324983 0.0
9 0.181 -10 1.0 1.0 1.0 1.0 1.0 0.0
9 0.128 -10 1.0 1.0 1.0 1.0 1.0 0.0
9 0.090496 -10 1.0 1.0 1.0 1.0 1.0 0.0
9 0.064 -10 1.0 1.0 1.0 1.0 1.0 0.0
9 0.045249 -10 0.9354536950420954 0.9354536950420954 0.9354536950420954 0.9354536950420954 0.9354536950420954 0.0
9 0.032 -10 0.5931198102016607 0.5931198102016607 0.5931198102016607 0.5931198102016607 0.5931198102016607 0.0
9 0.022624 -10 0.2506265664160401 0.2506265664160401 0.2506265664160401 0.2506265664160401 0.2506265664160401 0.0
9 0.016 -10 0.08745845723281441 0.08745845723281441 0.08745845723281441 0.08745845723281441 0.08745845723281441 0.0
