9 0.181 -10 1.0 1.0 1.0 1.0 1.0 0.0
9 0.128 -10 1.0 1.0 1.0 1.0 1.0 0.0
9 0.090496 -10 1.0 1.0 1.0 1.0 1.0 0.0
9 0.064 -10 1.0 1.0 1.0 1.0 1.0 0.0
9 0.045249 -10 0.946969696969697 0.946969696969697 0.946969696969697 0.946969696969697 0.946969696969697 0.0
9 0.032 -10 0.7077140835102619 0.7077140835102619 0.7077140835102619 0.7077140835102619 0.7077140835102619 0.0
9 0.022624 -10 0.37230081906180196 0.37230081906180196 0.37230081906180196 0.37230081906180196 0.37230081906180196 0.0
9 0.016 -10 0.16926201760324983 0.16926201760324983 0.16926201760324983 0.16926201760324983 0.16926201760324983 0.0
9 0.01132 -10 0.07358351729212656 0.07358351729212656 0.07358351729212656 0.07358351729212656 0.07358351729212656 0.0
9 0.008 -10 0.03362927091740651 0.03362927091740651 0.03362927091740651 0.03362927091740651 0.03362927091740651 0.0
