11 0.181 -10 1.0 1.0 1.0 1.0 1.0 0.0
11 0.128 -10 1.0 1.0 1.0 1.0 1.0 0.0
11 0.090496 -10 1.0 1.0 1.0 1.0 1.0 0.0
11 0.064 -10 1.0 1.0 1.0 1.0 1.0 0.0
11 0.045249 -10 0.9950248756218906 0.9950248756218906 0.9950248756218906 0.9950248756218906 0.9950248756218906 0.0
11 0.032 -10 0.9009009009009009 0.9009009009009009 0.9009009009009009 0.9009009009009009 0.9009009009009009 0.0
11 0.022624 -10 0.6640106241699867 0.6640106241699867 0.6640106241699867 0.6640106241699867 0.6640106241699867 0.0
11 0.016 -10 0.42735042735042733 0.42735042735042733 0.42735042735042733 0.42735042735042733 0.42735042735042733 0.0
11 0.181 -10 0.7423904974016332 1.0 0.7423904974016332 0.7423904974016332 0.7423904974016332 1.0
11 0.128 -10 0.7299270072992701 1.0 0.7299270072992701 0.7299270072992701 0.7299270072992701 1.0
11 0.090496 -10 0.7604562737642585 1.0 0.7604562737642585 0.7604562737642585 0.7604562737642585 1.0
11 0.064 -10 0.7496251874062968 1.0 0.7496251874062968 0.7496251874062968 0.7496251874062968 1.0
11 0.045249 -10 0.5227391531625719 0.9864087820177732 0.5227391531625719 0.5227391531625719 0.5227391531625719 0.9864087820177732
11 0.032 -10 0.17966223499820339 0.8618397412863816 0.17966223499820339 0.17966223499820339 0.17966223499820339 0.8609414301113906
11 0.022624 -10 0.044485964678144044 0.6212909826949597 0.044485964678144044 0.044485964678144044 0.044485964678144044 0.6211130388362471
11 0.016 -10 0.009317146344417632 0.3843322867072273 0.009317146344417632 0.009317146344417632 0.009317146344417632 0.38428570097550524
11 0.181 -10 1.0 1.0 1.0 1.0 1.0 0.0
11 0.128 -10 1.0 1.0 1.0 1.0 1.0 0.0
11 0.090496 -10 1.0 1.0 1.0 1.0 1.0 0.0
11 0.064 -10 1.0 1.0 1.0 1.0 1.0 0.0
11 0.045249 -10 0.9861932938856016 0.9861932938856016 0.9861932938856016 0.9861932938856016 0.9861932938856016 0.0
11 0.032 -10 0.8130081300813008 0.8130081300813008 0.8130081300813008 0.8130081300813008 0.8130081300813008 0.0
11 0.022624 -10 0.5151983513652756 0.5151983513652756 0.5151983513652756 0.5151983513652756 0.5151983513652756 0.0
11 0.016 -10 0.23668639053254437 0.23668639053254437 0.23668639053254437 0.23668639053254437 0.23668639053254437 0.0
11 0.181 -10 1.0 1.0 1.0 1.0 1.0 0.0
11 0.128 -10 1.0 1.0 1.0 1.0 1.0 0.0
11 0.090496 -10 1.0 1.0 1.0 1.0 1.0 0.0
11 0.064 -10 1.0 1.0 1.0 1.0 1.0 0.0
11 0.045249 -10 0.9718172983479106 0.9718172983479106 0.9718172983479106 0.9718172983479106 0.9718172983479106 0.0
11 0.032 -10 0.6825938566552902 0.6825938566552902 0.6825938566552902 0.6825938566552902 0.6825938566552902 0.0
11 0.022624 -10 0.3147623544224111 0.3147623544224111 0.3147623544224111 0.3147623544224111 0.3147623544224111 0.0
11 0.016 -10 0.10176045588684238 0.10176045588684238 0.10176045588684238 0.10176045588684238 0.10176045588684238 0.0
