6 0.181 -10 1.0 1.0 1.0 1.0 1.0 0.0
6 0.128 -10 1.0 1.0 1.0 1.0 1.0 0.0
6 0.090496 -10 0.998003992015968 0.998003992015968 0.998003992015968 0.998003992015968 0.998003992015968 0.0
6 0.064 -10 0.9615384615384616 0.9615384615384616 0.9615384615384616 0.9615384615384616 0.9615384615384616 0.0
6 0.045249 -10 0.8058017727639001 0.8058017727639001 0.8058017727639001 0.8058017727639001 0.8058017727639001 0.0
6 0.032 -10 0.5537098560354374 0.5537098560354374 0.5537098560354374 0.5537098560354374 0.5537098560354374 0.0
6 0.022624 -10 0.324254215304799 0.324254215304799 0.324254215304799 0.324254215304799 0.324254215304799 0.0
6 0.016 -10 0.1575299306868305 0.1575299306868305 0.1575299306868305 0.1575299306868305 0.1575299306868305 0.0
6 0.01132 -10 0.07206687806284232 0.07206687806284232 0.07206687806284232 0.07206687806284232 0.07206687806284232 0.0
6 0.008 -10 0.03432533553015481 0.03432533553015481 0.03432533553015481 0.03432533553015481 0.03432533553015481 0.0
