5 0.181 -10 1.0 1.0 1.0 1.0 1.0 0.0
5 0.128 -10 1.0 1.0 1.0 1.0 1.0 0.0
5 0.090496 -10 0.9930486593843099 0.9930486593843099 0.9930486593843099 0.9930486593843099 0.9930486593843099 0.0
5 0.064 -10 0.9250693802035153 0.9250693802035153 0.9250693802035153 0.9250693802035153 0.9250693802035153 0.0
5 0.045249 -10 0.6523157208088715 0.6523157208088715 0.6523157208088715 0.6523157208088715 0.6523157208088715 0.0
5 0.032 -10 0.35486160397445 0.35486160397445 0.35486160397445 0.35486160397445 0.35486160397445 0.0
5 0.022624 -10 0.1605394124257505 0.1605394124257505 0.1605394124257505 0.1605394124257505 0.1605394124257505 0.0
5 0.016 -10 0.05513287021722351 0.05513287021722351 0.05513287021722351 0.05513287021722351 0.05513287021722351 0.0
5 0.01132 -10 0.021270712356156806 0.021270712356156806 0.021270712356156806 0.021270712356156806 0.021270712356156806 0.0
5 0.008 -10 0.007721948093064919 0.007721948093064919 0.007721948093064919 0.007721948093064919 0.007721948093064919 0.0
