12 0.362 -10 1.0 1.0 1.0 1.0 1.0 0.0
12 0.256 -10 1.0 1.0 1.0 1.0 1.0 0.0
12 0.181 -10 1.0 1.0 1.0 1.0 1.0 0.0
12 0.128 -10 1.0 1.0 1.0 1.0 1.0 0.0
12 0.090496 -10 1.0 1.0 1.0 1.0 1.0 0.0
12 0.064 -10 1.0 1.0 1.0 1.0 1.0 0.0
12 0.045249 -10 0.7627765064836003 0.7627765064836003 0.7627765064836003 0.7627765064836003 0.7627765064836003 0.0
12 0.032 -10 0.2011263073209976 0.2011263073209976 0.2011263073209976 0.2011263073209976 0.2011263073209976 0.0
12 0.022624 -10 0.029866794098321485 0.029866794098321485 0.029866794098321485 0.029866794098321485 0.029866794098321485 0.0
12 0.016 -10 0.0037949944023832564 0.0037949944023832564 0.0037949944023832564 0.0037949944023832564 0.0037949944023832564 0.0
12 0.011312 -10 0.0005609251675343244 0.0005609251675343244 0.0005609251675343244 0.0005609251675343244 0.0005609251675343244 0.0
12 0.008 -10 0.00010309944347139774 0.00010309944347139774 0.00010309944347139774 0.00010309944347139774 0.00010309944347139774 0.0
