7 0.181 -10 1.0 1.0 1.0 1.0 1.0 0.0
7 0.128 -10 1.0 1.0 1.0 1.0 1.0 0.0
7 0.090496 -10 1.0 1.0 1.0 1.0 1.0 0.0
7 0.064 -10 1.0 1.0 1.0 1.0 1.0 0.0
7 0.045249 -10 0.9993131868131868 0.9993131868131868 0.9993131868131868 0.9993131868131868 0.9993131868131868 0.0
7 0.032 -10 0.9827760891590679 0.9827760891590679 0.9827760891590679 0.9827760891590679 0.9827760891590679 0.0
7 0.022624 -10 0.9323934636334508 0.9323934636334508 0.9323934636334508 0.9323934636334508 0.9323934636334508 0.0
7 0.016 -10 0.819718309859155 0.819718309859155 0.819718309859155 0.819718309859155 0.819718309859155 0.0
7 0.011312 -10 0.6876181474480151 0.6876181474480151 0.6876181474480151 0.6876181474480151 0.6876181474480151 0.0
7 0.008 -10 0.539588355275357 0.539588355275357 0.539588355275357 0.539588355275357 0.539588355275357 0.0
7 0.005656 -10 0.40682231231651056 0.40682231231651056 0.40682231231651056 0.40682231231651056 0.40682231231651056 0.0
7 0.004 -10 0.30274656679151063 0.30274656679151063 0.30274656679151063 0.30274656679151063 0.30274656679151063 0.0
