3 0.362 -10 0.9560229445506692 0.9560229445506692 0.9560229445506692 0.9560229445506692 0.9560229445506692 0.0
3 0.256 -10 0.8826125330979699 0.8826125330979699 0.8826125330979699 0.8826125330979699 0.8826125330979699 0.0
3 0.181 -10 0.8635578583765112 0.8635578583765112 0.8635578583765112 0.8635578583765112 0.8635578583765112 0.0
3 0.128 -10 0.6234413965087282 0.6234413965087282 0.6234413965087282 0.6234413965087282 0.6234413965087282 0.0
3 0.090496 -10 0.43878894251864853 0.43878894251864853 0.43878894251864853 0.43878894251864853 0.43878894251864853 0.0
3 0.064 -10 0.26253609871357314 0.26253609871357314 0.26253609871357314 0.26253609871357314 0.26253609871357314 0.0
3 0.045249 -10 0.16998130205677375 0.16998130205677375 0.16998130205677375 0.16998130205677375 0.16998130205677375 0.0
3 0.032 -10 0.09145783793671118 0.09145783793671118 0.09145783793671118 0.09145783793671118 0.09145783793671118 0.0
3 0.022624 -10 0.05023358617571708 0.05023358617571708 0.05023358617571708 0.05023358617571708 0.05023358617571708 0.0
3 0.016 -10 0.026607066836951895 0.026607066836951895 0.026607066836951895 0.026607066836951895 0.026607066836951895 0.0
3 0.011312 -10 0.013169851575772742 0.013169851575772742 0.013169851575772742 0.013169851575772742 0.013169851575772742 0.0
3 0.008 -10 0.007226843387076958 0.007226843387076958 0.007226843387076958 0.007226843387076958 0.007226843387076958 0.0
3 0.005656 -10 0.0036466405324095176 0.0036466405324095176 0.0036466405324095176 0.0036466405324095176 0.0036466405324095176 0.0
3 0.004 -10 0.0018303687460875869 0.0018303687460875869 0.0018303687460875869 0.0018303687460875869 0.0018303687460875869 0.0
