7 0.362 -10 1.0 1.0 1.0 1.0 1.0 0.0
7 0.256 -10 1.0 1.0 1.0 1.0 1.0 0.0
7 0.181 -10 1.0 1.0 1.0 1.0 1.0 0.0
7 0.128 -10 1.0 1.0 1.0 1.0 1.0 0.0
7 0.090496 -10 1.0 1.0 1.0 1.0 1.0 0.0
7 0.064 -10 1.0 1.0 1.0 1.0 1.0 0.0
7 0.045249 -10 0.9699321047526673 0.9699321047526673 0.9699321047526673 0.9699321047526673 0.9699321047526673 0.0
7 0.032 -10 0.8368200836820083 0.8368200836820083 0.8368200836820083 0.8368200836820083 0.8368200836820083 0.0
7 0.022624 -10 0.5521811154058531 0.5521811154058531 0.5521811154058531 0.5521811154058531 0.5521811154058531 0.0
7 0.016 -10 0.2807411566535654 0.2807411566535654 0.2807411566535654 0.2807411566535654 0.2807411566535654 0.0
7 0.011312 -10 0.14863258026159334 0.14863258026159334 0.14863258026159334 0.14863258026159334 0.14863258026159334 0.0
7 0.008 -10 0.07993605115907274 0.07993605115907274 0.07993605115907274 0.07993605115907274 0.07993605115907274 0.0
7 0.005656 -10 0.037209302325581395 0.037209302325581395 0.037209302325581395 0.037209302325581395 0.037209302325581395 0.0
7 0.004 -10 0.017593863260494738 0.017593863260494738 0.017593863260494738 0.017593863260494738 0.017593863260494738 0.0
