9 0.362 -10 1.0 1.0 1.0 1.0 1.0 0.0
9 0.256 -10 1.0 1.0 1.0 1.0 1.0 0.0
9 0.181 -10 1.0 1.0 1.0 1.0 1.0 0.0
9 0.128 -10 1.0 1.0 1.0 1.0 1.0 0.0
9 0.090496 -10 1.0 1.0 1.0 1.0 1.0 0.0
9 0.064 -10 1.0 1.0 1.0 1.0 1.0 0.0
9 0.045249 -10 0.999000999000999 0.999000999000999 0.999000999000999 0.999000999000999 0.999000999000999 0.0
9 0.032 -10 0.9718172983479106 0.9718172983479106 0.9718172983479106 0.9718172983479106 0.9718172983479106 0.0
9 0.022624 -10 0.8019246190858059 0.8019246190858059 0.8019246190858059 0.8019246190858059 0.8019246190858059 0.0
9 0.016 -10 0.4887585532746823 0.4887585532746823 0.4887585532746823 0.4887585532746823 0.4887585532746823 0.0
9 0.011312 -10 0.25660764690787785 0.25660764690787785 0.25660764690787785 0.25660764690787785 0.25660764690787785 0.0
9 0.008 -10 0.1394700139470014 0.1394700139470014 0.1394700139470014 0.1394700139470014 0.1394700139470014 0.0
9 0.005656 -10 0.06442883834804458 0.06442883834804458 0.06442883834804458 0.06442883834804458 0.06442883834804458 0.0
9 0.004 -10 0.03696447713747089 0.03696447713747089 0.03696447713747089 0.03696447713747089 0.03696447713747089 0.0
