3 0.362 -10 0.9871668311944719 0.9871668311944719 0.9871668311944719 0.9871668311944719 0.9871668311944719 0.0
3 0.256 -10 0.9803921568627451 0.9803921568627451 0.9803921568627451 0.9803921568627451 0.9803921568627451 0.0
3 0.181 -10 0.9652509652509652 0.9652509652509652 0.9652509652509652 0.9652509652509652 0.9652509652509652 0.0
3 0.128 -10 0.8841732979664014 0.8841732979664014 0.8841732979664014 0.8841732979664014 0.8841732979664014 0.0
3 0.090496 -10 0.702247191011236 0.702247191011236 0.702247191011236 0.702247191011236 0.702247191011236 0.0
3 0.064 -10 0.5030181086519114 0.5030181086519114 0.5030181086519114 0.5030181086519114 0.5030181086519114 0.0
3 0.045249 -10 0.32679738562091504 0.32679738562091504 0.32679738562091504 0.32679738562091504 0.32679738562091504 0.0
3 0.032 -10 0.19825535289452814 0.19825535289452814 0.19825535289452814 0.19825535289452814 0.19825535289452814 0.0
3 0.022624 -10 0.10565240359218173 0.10565240359218173 0.10565240359218173 0.10565240359218173 0.10565240359218173 0.0
3 0.016 -10 0.05325664376630985 0.05325664376630985 0.05325664376630985 0.05325664376630985 0.05325664376630985 0.0
3 0.011312 -10 0.028572244921283466 0.028572244921283466 0.028572244921283466 0.028572244921283466 0.028572244921283466 0.0
3 0.008 -10 0.015061601951983613 0.015061601951983613 0.015061601951983613 0.015061601951983613 0.015061601951983613 0.0
3 0.005656 -10 0.007669064527508935 0.007669064527508935 0.007669064527508935 0.007669064527508935 0.007669064527508935 0.0
3 0.004 -10 0.003987717829086414 0.003987717829086414 0.003987717829086414 0.003987717829086414 0.003987717829086414 0.0
