5 0.181 -10 1.0 1.0 1.0 1.0 1.0 0.0
5 0.128 -10 1.0 1.0 1.0 1.0 1.0 0.0
5 0.090496 -10 0.9974937343358395 0.9974937343358395 0.9974937343358395 0.9974937343358395 0.9974937343358395 0.0
5 0.064 -10 0.9759686120647376 0.9759686120647376 0.9759686120647376 0.9759686120647376 0.9759686120647376 0.0
5 0.045249 -10 0.916206261510129 0.916206261510129 0.916206261510129 0.916206261510129 0.916206261510129 0.0
5 0.032 -10 0.8053419668150547 0.8053419668150547 0.8053419668150547 0.8053419668150547 0.8053419668150547 0.0
5 0.022624 -10 0.6633333333333333 0.6633333333333333 0.6633333333333333 0.6633333333333333 0.6633333333333333 0.0
5 0.016 -10 0.5194466196815453 0.5194466196815453 0.5194466196815453 0.5194466196815453 0.5194466196815453 0.0
5 0.011312 -10 0.39476294386034516 0.39476294386034516 0.39476294386034516 0.39476294386034516 0.39476294386034516 0.0
5 0.008 -10 0.2984403119376125 0.2984403119376125 0.2984403119376125 0.2984403119376125 0.2984403119376125 0.0
5 0.005656 -10 0.21585855298839354 0.21585855298839354 0.21585855298839354 0.21585855298839354 0.21585855298839354 0.0
5 0.004 -10 0.15650806134486828 0.15650806134486828 0.15650806134486828 0.15650806134486828 0.15650806134486828 0.0
