7 0.181 -10 1.0 1.0 1.0 1.0 1.0 0.0
7 0.128 -10 1.0 1.0 1.0 1.0 1.0 0.0
7 0.090496 -10 1.0 1.0 1.0 1.0 1.0 0.0
7 0.064 -10 1.0 1.0 1.0 1.0 1.0 0.0
7 0.045249 -10 0.9984947315604616 0.9984947315604616 0.9984947315604616 0.9984947315604616 0.9984947315604616 0.0
7 0.032 -10 0.9778869778869779 0.9778869778869779 0.9778869778869779 0.9778869778869779 0.9778869778869779 0.0
7 0.022624 -10 0.9221501390176089 0.9221501390176089 0.9221501390176089 0.9221501390176089 0.9221501390176089 0.0
7 0.016 -10 0.8125765618619845 0.8125765618619845 0.8125765618619845 0.8125765618619845 0.8125765618619845 0.0
7 0.011312 -10 0.6761807679238871 0.6761807679238871 0.6761807679238871 0.6761807679238871 0.6761807679238871 0.0
7 0.008 -10 0.5199895479487849 0.5199895479487849 0.5199895479487849 0.5199895479487849 0.5199895479487849 0.0
7 0.005656 -10 0.3892039898298455 0.3892039898298455 0.3892039898298455 0.3892039898298455 0.3892039898298455 0.0
7 0.004 -10 0.28840579710144926 0.28840579710144926 0.28840579710144926 0.28840579710144926 0.28840579710144926 0.0
