7 0.362 -10 1.0 1.0 1.0 1.0 1.0 0.0
7 0.256 -10 1.0 1.0 1.0 1.0 1.0 0.0
7 0.181 -10 1.0 1.0 1.0 1.0 1.0 0.0
7 0.128 -10 1.0 1.0 1.0 1.0 1.0 0.0
7 0.090496 -10 1.0 1.0 1.0 1.0 1.0 0.0
7 0.064 -10 0.9950248756218906 0.9950248756218906 0.9950248756218906 0.9950248756218906 0.9950248756218906 0.0
7 0.045249 -10 0.9049773755656109 0.9049773755656109 0.9049773755656109 0.9049773755656109 0.9049773755656109 0.0
7 0.032 -10 0.5455537370430987 0.5455537370430987 0.5455537370430987 0.5455537370430987 0.5455537370430987 0.0
7 0.022624 -10 0.2183406113537118 0.2183406113537118 0.2183406113537118 0.2183406113537118 0.2183406113537118 0.0
7 0.016 -10 0.08149295085975063 0.08149295085975063 0.08149295085975063 0.08149295085975063 0.08149295085975063 0.0
7 0.011312 -10 0.03005530175522962 0.03005530175522962 0.03005530175522962 0.03005530175522962 0.03005530175522962 0.0
7 0.008 -10 0.012131652695046647 0.012131652695046647 0.012131652695046647 0.012131652695046647 0.012131652695046647 0.0
7 0.005656 -10 0.005316349369215148 0.005316349369215148 0.005316349369215148 0.005316349369215148 0.005316349369215148 0.0
7 0.004 -10 0.002211660315515461 0.002211660315515461 0.002211660315515461 0.002211660315515461 0.002211660315515461 0.0
