5 0.362 -10 1.0 1.0 1.0 1.0 1.0 0.0
5 0.256 -10 1.0 1.0 1.0 1.0 1.0 0.0
5 0.181 -10 1.0 1.0 1.0 1.0 1.0 0.0
5 0.128 -10 1.0 1.0 1.0 1.0 1.0 0.0
5 0.090496 -10 0.999000999000999 0.999000999000999 0.999000999000999 0.999000999000999 0.999000999000999 0.0
5 0.064 -10 0.9354536950420954 0.9354536950420954 0.9354536950420954 0.9354536950420954 0.9354536950420954 0.0
5 0.045249 -10 0.7385524372230429 0.7385524372230429 0.7385524372230429 0.7385524372230429 0.7385524372230429 0.0
5 0.032 -10 0.5211047420531527 0.5211047420531527 0.5211047420531527 0.5211047420531527 0.5211047420531527 0.0
5 0.022624 -10 0.286697247706422 0.286697247706422 0.286697247706422 0.286697247706422 0.286697247706422 0.0
5 0.016 -10 0.14874312063067083 0.14874312063067083 0.14874312063067083 0.14874312063067083 0.14874312063067083 0.0
5 0.011312 -10 0.07287567409998542 0.07287567409998542 0.07287567409998542 0.07287567409998542 0.07287567409998542 0.0
5 0.008 -10 0.0334459346466437 0.0334459346466437 0.0334459346466437 0.0334459346466437 0.0334459346466437 0.0
5 0.005656 -10 0.017051461310234287 0.017051461310234287 0.017051461310234287 0.017051461310234287 0.017051461310234287 0.0
5 0.004 -10 0.008405974967006548 0.008405974967006548 0.008405974967006548 0.008405974967006548 0.008405974967006548 0.0
