3 0.181 -10 0.47573739295908657 0.9933396764985728 0.49857278782112274 0.47573739295908657 0.47573739295908657 0.9857278782112274
3 0.128 -10 0.41186161449752884 0.9242174629324547 0.4126853377265239 0.41186161449752884 0.41186161449752884 0.8929159802306426
3 0.090496 -10 0.33156498673740054 0.7374005305039788 0.3322281167108753 0.33156498673740054 0.33156498673740054 0.6618037135278515
3 0.064 -10 0.22036139268400176 0.5918907007492288 0.22036139268400176 0.22036139268400176 0.22036139268400176 0.5390039665050683
3 0.045249 -10 0.1429796968830426 0.45696311123820416 0.1429796968830426 0.1429796968830426 0.1429796968830426 0.41492708035458964
3 0.032 -10 0.08522243054371911 0.34668484745184935 0.08522243054371911 0.08522243054371911 0.08522243054371911 0.32503835009374465
3 0.022624 -10 0.051615567255084135 0.2546712088365851 0.051615567255084135 0.051615567255084135 0.051615567255084135 0.2394962320635904
3 0.016 -10 0.027388255915863278 0.18240578439964944 0.027388255915863278 0.027388255915863278 0.027388255915863278 0.1745179666958808
3 0.011312 -10 0.014916912795727795 0.13481905784778783 0.014916912795727795 0.014916912795727795 0.014916912795727795 0.1310599958232644
3 0.008 -10 0.007039279177812192 0.09531184006757708 0.007039279177812192 0.007039279177812192 0.007039279177812192 0.09339715613121216
3 0.005656 -10 0.003493620648695482 0.06728713369387498 0.003493620648695482 0.003493620648695482 0.003493620648695482 0.06614122612110286
3 0.004 -10 0.001961645899375412 0.047958318947930074 0.001961645899375412 0.001961645899375412 0.001961645899375412 0.04743259784689746
