3 0.181 -10 0.48924008069939473 0.9894082044384667 0.48924008069939473 0.48924008069939473 0.48924008069939473 0.9813382649630128
3 0.128 -10 0.4298375184638109 0.9177252584933531 0.4298375184638109 0.4298375184638109 0.4298375184638109 0.8794682422451994
3 0.090496 -10 0.3410689170182841 0.7515236755743084 0.3410689170182841 0.3410689170182841 0.3410689170182841 0.6760431317393343
3 0.064 -10 0.23581847649918963 0.5960291734197731 0.23581847649918963 0.23581847649918963 0.23581847649918963 0.5303079416531604
3 0.045249 -10 0.1516019796822089 0.4661109663974993 0.1516019796822089 0.1516019796822089 0.1516019796822089 0.4226621516019797
3 0.032 -10 0.08755302825164726 0.34729367873153416 0.08755302825164726 0.08755302825164726 0.08755302825164726 0.32102777025603996
3 0.022624 -10 0.049316182825766434 0.25456301794702324 0.049316182825766434 0.049316182825766434 0.049316182825766434 0.24058162590879048
3 0.016 -10 0.026512873776854535 0.18486124018294794 0.026512873776854535 0.026512873776854535 0.026512873776854535 0.17713515187958964
3 0.011312 -10 0.013892336776977867 0.13172895143888327 0.013892336776977867 0.013892336776977867 0.013892336776977867 0.12769969637367043
3 0.008 -10 0.007570101480982396 0.09513354335378908 0.007570101480982396 0.007570101480982396 0.007570101480982396 0.0929717721061271
3 0.005656 -10 0.0038274818457669497 0.06748074092682933 0.0038274818457669497 0.0038274818457669497 0.0038274818457669497 0.0663969453801242
3 0.004 -10 0.00197716409442827 0.04778690111801495 0.00197716409442827 0.00197716409442827 0.00197716409442827 0.04720937895984862
