9 0.181 -10 1.0 1.0 1.0 1.0 1.0 0.0
9 0.128 -10 1.0 1.0 1.0 1.0 1.0 0.0
9 0.090496 -10 1.0 1.0 1.0 1.0 1.0 0.0
9 0.064 -10 1.0 1.0 1.0 1.0 1.0 0.0
9 0.045249 -10 1.0 1.0 1.0 1.0 1.0 0.0
9 0.032 -10 1.0 1.0 1.0 1.0 1.0 0.0
9 0.022624 -10 0.989247311827957 0.989247311827957 0.989247311827957 0.989247311827957 0.989247311827957 0.0
9 0.016 -10 0.9613375130616509 0.9613375130616509 0.9613375130616509 0.9613375130616509 0.9613375130616509 0.0
9 0.011312 -10 0.8871745419479267 0.8871745419479267 0.8871745419479267 0.8871745419479267 0.8871745419479267 0.0
9 0.008 -10 0.76095947063689 0.76095947063689 0.76095947063689 0.76095947063689 0.76095947063689 0.0
9 0.005656 -10 0.6013071895424836 0.6013071895424836 0.6013071895424836 0.6013071895424836 0.6013071895424836 0.0
9 0.004 -10 0.48370136698212407 0.48370136698212407 0.48370136698212407 0.48370136698212407 0.48370136698212407 0.0
