7 0.181 -10 0.5208333333333334 1.0 0.9354166666666667 0.73125 0.5208333333333334 1.0
7 0.128 -10 0.5296610169491526 1.0 0.8548728813559322 0.6133474576271186 0.5296610169491526 1.0
7 0.090496 -10 0.49504950495049505 1.0 0.691089108910891 0.5138613861386139 0.49504950495049505 1.0
7 0.064 -10 0.44802867383512546 1.0 0.5125448028673835 0.4489247311827957 0.44802867383512546 1.0
7 0.045249 -10 0.25329280648429586 0.9964539007092199 0.281661600810537 0.25329280648429586 0.25329280648429586 0.9964539007092199
7 0.032 -10 0.12074378169524269 0.9792320695484182 0.12822989616034774 0.12074378169524269 0.12074378169524269 0.9789905819850278
7 0.022624 -10 0.035236081747709654 0.9137420718816067 0.03671599718111346 0.035236081747709654 0.035236081747709654 0.9137420718816067
7 0.016 -10 0.010067857358596943 0.8016229386062058 0.010470571652940821 0.010067857358596943 0.010067857358596943 0.8015222600326198
7 0.011312 -10 0.002835801425840957 0.6642467827832824 0.002954905085726277 0.002835801425840957 0.002835801425840957 0.6641730519462106
7 0.008 -10 0.0007131151866436378 0.5247729084688133 0.0007544758674689688 0.0007131151866436378 0.0007131151866436378 0.524741531400601
7 0.005656 -10 0.00017964480628900539 0.4004756994470533 0.00019545354924243785 0.00017964480628900539 0.00017964480628900539 0.40046707649635144
7 0.004 -10 4.445454056454599e-05 0.2982622275547913 5.138944889261517e-05 4.445454056454599e-05 4.445454056454599e-05 0.29826053828224985
