5 0.181 -10 0.500774393391843 1.0 0.500774393391843 0.500774393391843 0.500774393391843 1.0
5 0.128 -10 0.4961636828644501 1.0 0.4961636828644501 0.4961636828644501 0.4961636828644501 1.0
5 0.090496 -10 0.4621982210927573 0.9985705209656925 0.4621982210927573 0.4621982210927573 0.4621982210927573 0.9977763659466328
5 0.064 -10 0.34925588094095056 0.9786365818530965 0.34925588094095056 0.34925588094095056 0.34925588094095056 0.9750360057609218
5 0.045249 -10 0.21367207577648872 0.9165136941038255 0.21367207577648872 0.21367207577648872 0.21367207577648872 0.9105661208605624
5 0.032 -10 0.10503519220357337 0.7994946760512542 0.10503519220357337 0.10503519220357337 0.10503519220357337 0.7940804908861216
5 0.022624 -10 0.044056198146914555 0.6576182401744081 0.044056198146914555 0.044056198146914555 0.044056198146914555 0.6549385332768122
5 0.016 -10 0.0179843888088896 0.5107937233865036 0.0179843888088896 0.0179843888088896 0.0179843888088896 0.5093969976577033
5 0.011312 -10 0.007011169684762391 0.3889777666412883 0.007011169684762391 0.007011169684762391 0.007011169684762391 0.38825014696953636
5 0.008 -10 0.0025499362515937103 0.28761002624418924 0.0025499362515937103 0.0025499362515937103 0.0025499362515937103 0.2873778155546111
5 0.005656 -10 0.0009038476889297915 0.21027876712690424 0.0009038476889297915 0.0009038476889297915 0.0009038476889297915 0.21017533713363495
5 0.004 -10 0.0003324223513935008 0.152093849569633 0.0003324223513935008 0.0003324223513935008 0.0003324223513935008 0.1520563806585481
