3 0.181 -10 0.46296296296296297 0.9916666666666667 0.46296296296296297 0.46296296296296297 0.46296296296296297 0.9851851851851852
3 0.128 -10 0.4288164665523156 0.9279588336192109 0.4288164665523156 0.4288164665523156 0.4288164665523156 0.8927958833619211
3 0.090496 -10 0.33557046979865773 0.7449664429530202 0.33557046979865773 0.33557046979865773 0.33557046979865773 0.6664429530201342
3 0.064 -10 0.24213075060532688 0.6082324455205811 0.24213075060532688 0.24213075060532688 0.24213075060532688 0.5457627118644067
3 0.045249 -10 0.14539110206455366 0.4542018028496656 0.14539110206455366 0.14539110206455366 0.14539110206455366 0.4143646408839779
3 0.032 -10 0.08813678829543452 0.3442622950819672 0.08813678829543452 0.08813678829543452 0.08813678829543452 0.32117045654856335
3 0.022624 -10 0.05387931034482758 0.26045258620689654 0.05387931034482758 0.05387931034482758 0.05387931034482758 0.24525862068965518
3 0.016 -10 0.026364355391510677 0.18407592934352754 0.026364355391510677 0.026364355391510677 0.026364355391510677 0.17669390983390457
3 0.011312 -10 0.014301241347748985 0.1324866998455466 0.014301241347748985 0.014301241347748985 0.014301241347748985 0.1280247125450489
3 0.008 -10 0.007730364873222016 0.09576376004947433 0.007730364873222016 0.007730364873222016 0.007730364873222016 0.0933673469387755
3 0.005656 -10 0.004135136252739527 0.06888309969813505 0.004135136252739527 0.004135136252739527 0.004135136252739527 0.06773353181987346
3 0.004 -10 0.001967040273182553 0.04737813201987497 0.001967040273182553 0.001967040273182553 0.001967040273182553 0.046815558501744764
