5 0.362 -10 1.0 1.0 1.0 1.0 1.0 0.0
5 0.256 -10 1.0 1.0 1.0 1.0 1.0 0.0
5 0.181 -10 1.0 1.0 1.0 1.0 1.0 0.0
5 0.128 -10 1.0 1.0 1.0 1.0 1.0 0.0
5 0.090496 -10 0.9823182711198428 0.9823182711198428 0.9823182711198428 0.9823182711198428 0.9823182711198428 0.0
5 0.064 -10 0.8130081300813008 0.8130081300813008 0.8130081300813008 0.8130081300813008 0.8130081300813008 0.0
5 0.045249 -10 0.4681647940074906 0.4681647940074906 0.4681647940074906 0.4681647940074906 0.4681647940074906 0.0
5 0.032 -10 0.22172949002217296 0.22172949002217296 0.22172949002217296 0.22172949002217296 0.22172949002217296 0.0
5 0.022624 -10 0.0940203083866115 0.0940203083866115 0.0940203083866115 0.0940203083866115 0.0940203083866115 0.0
5 0.016 -10 0.039488232506712996 0.039488232506712996 0.039488232506712996 0.039488232506712996 0.039488232506712996 0.0
5 0.011312 -10 0.015067956483741676 0.015067956483741676 0.015067956483741676 0.015067956483741676 0.015067956483741676 0.0
5 0.008 -10 0.006611045735214397 0.006611045735214397 0.006611045735214397 0.006611045735214397 0.006611045735214397 0.0
5 0.005656 -10 0.002805206463195691 0.002805206463195691 0.002805206463195691 0.002805206463195691 0.002805206463195691 0.0
5 0.004 -10 0.0012470818285212602 0.0012470818285212602 0.0012470818285212602 0.0012470818285212602 0.0012470818285212602 0.0
