7 0.181 -10 0.4970178926441352 1.0 0.4970178926441352 0.4970178926441352 0.4970178926441352 1.0
7 0.128 -10 0.5005005005005005 1.0 0.5005005005005005 0.5005005005005005 0.5005005005005005 1.0
7 0.090496 -10 0.5149330587023687 1.0 0.5149330587023687 0.5149330587023687 0.5149330587023687 1.0
7 0.064 -10 0.4022526146419952 1.0 0.4022526146419952 0.4022526146419952 0.4022526146419952 1.0
7 0.045249 -10 0.2642706131078224 0.9957716701902748 0.2642706131078224 0.2642706131078224 0.2642706131078224 0.9957716701902748
7 0.032 -10 0.10105092966855295 0.9785772029102667 0.10105092966855295 0.10105092966855295 0.10105092966855295 0.9783751010509296
7 0.022624 -10 0.03535317825072474 0.9160715548327795 0.03535317825072474 0.03535317825072474 0.03535317825072474 0.9157180230502722
7 0.016 -10 0.01097164925831651 0.8019178442903537 0.01097164925831651 0.01097164925831651 0.01097164925831651 0.8016764680066708
7 0.011312 -10 0.0026870018970233393 0.6640334048075838 0.0026870018970233393 0.0026870018970233393 0.0026870018970233393 0.6639796647696433
7 0.008 -10 0.0006874751649596658 0.5243235588114379 0.0006874751649596658 0.0006874751649596658 0.0006874751649596658 0.5243001846558293
7 0.005656 -10 0.00017755000873546044 0.40077830821829274 0.00017755000873546044 0.00017755000873546044 0.00017755000873546044 0.4007708511179259
7 0.004 -10 4.1890891152467846e-05 0.29855319753591075 4.1890891152467846e-05 4.1890891152467846e-05 4.1890891152467846e-05 0.2985519408091762
