5 0.181 -10 1.0 1.0 1.0 1.0 1.0 0.0
5 0.128 -10 1.0 1.0 1.0 1.0 1.0 0.0
5 0.090496 -10 0.9982847341337907 0.9982847341337907 0.9982847341337907 0.9982847341337907 0.9982847341337907 0.0
5 0.064 -10 0.975201072386059 0.975201072386059 0.975201072386059 0.975201072386059 0.975201072386059 0.0
5 0.045249 -10 0.9150943396226415 0.9150943396226415 0.9150943396226415 0.9150943396226415 0.9150943396226415 0.0
5 0.032 -10 0.7990115321252059 0.7990115321252059 0.7990115321252059 0.7990115321252059 0.7990115321252059 0.0
5 0.022624 -10 0.6711254612546126 0.6711254612546126 0.6711254612546126 0.6711254612546126 0.6711254612546126 0.0
5 0.016 -10 0.5234754452239612 0.5234754452239612 0.5234754452239612 0.5234754452239612 0.5234754452239612 0.0
5 0.011312 -10 0.40807740849810686 0.40807740849810686 0.40807740849810686 0.40807740849810686 0.40807740849810686 0.0
5 0.008 -10 0.293850348379279 0.293850348379279 0.293850348379279 0.293850348379279 0.293850348379279 0.0
5 0.005656 -10 0.2119292112737601 0.2119292112737601 0.2119292112737601 0.2119292112737601 0.2119292112737601 0.0
5 0.004 -10 0.15306927568249962 0.15306927568249962 0.15306927568249962 0.15306927568249962 0.15306927568249962 0.0
