3 0.181 -10 0.9954977488744372 0.9954977488744372 0.9954977488744372 0.9954977488744372 0.9954977488744372 0.0
3 0.128 -10 0.9195933456561922 0.9195933456561922 0.9195933456561922 0.9195933456561922 0.9195933456561922 0.0
3 0.090496 -10 0.7520786092214664 0.7520786092214664 0.7520786092214664 0.7520786092214664 0.7520786092214664 0.0
3 0.064 -10 0.5875405963979923 0.5875405963979923 0.5875405963979923 0.5875405963979923 0.5875405963979923 0.0
3 0.045249 -10 0.4613957801993972 0.4613957801993972 0.4613957801993972 0.4613957801993972 0.4613957801993972 0.0
3 0.032 -10 0.337516960651289 0.337516960651289 0.337516960651289 0.337516960651289 0.337516960651289 0.0
3 0.022624 -10 0.2596894166775414 0.2596894166775414 0.2596894166775414 0.2596894166775414 0.2596894166775414 0.0
3 0.016 -10 0.18368100424589257 0.18368100424589257 0.18368100424589257 0.18368100424589257 0.18368100424589257 0.0
3 0.011312 -10 0.13417841008697998 0.13417841008697998 0.13417841008697998 0.13417841008697998 0.13417841008697998 0.0
3 0.008 -10 0.09582510714113739 0.09582510714113739 0.09582510714113739 0.09582510714113739 0.09582510714113739 0.0
3 0.005656 -10 0.06665550159102328 0.06665550159102328 0.06665550159102328 0.06665550159102328 0.06665550159102328 0.0
3 0.004 -10 0.0478135511773186 0.0478135511773186 0.0478135511773186 0.0478135511773186 0.0478135511773186 0.0
