5 0.181 -10 0.499001996007984 1.0 0.499001996007984 0.499001996007984 0.499001996007984 1.0
5 0.128 -10 0.4826254826254826 1.0 0.4826254826254826 0.4826254826254826 0.4826254826254826 1.0
5 0.090496 -10 0.45578851412944393 0.9990884229717412 0.45578851412944393 0.45578851412944393 0.45578851412944393 0.9981768459434822
5 0.064 -10 0.35688793718772305 0.9771591720199857 0.35688793718772305 0.35688793718772305 0.35688793718772305 0.9735902926481085
5 0.045249 -10 0.2039983680130559 0.9069767441860465 0.2039983680130559 0.2039983680130559 0.2039983680130559 0.9028967768257854
5 0.032 -10 0.1026694045174538 0.7924024640657085 0.1026694045174538 0.1026694045174538 0.1026694045174538 0.7870636550308008
5 0.022624 -10 0.043902010712090614 0.6552814118886645 0.043902010712090614 0.043902010712090614 0.043902010712090614 0.6524716832030907
5 0.016 -10 0.016725204883759826 0.5050008362602442 0.016725204883759826 0.016725204883759826 0.016725204883759826 0.5034955678207058
5 0.011312 -10 0.006015182320176124 0.38722134667901786 0.006015182320176124 0.006015182320176124 0.006015182320176124 0.3867521624580441
5 0.008 -10 0.0023200348933247955 0.28914130868528265 0.0023200348933247955 0.0023200348933247955 0.0023200348933247955 0.28889074491680355
5 0.005656 -10 0.0009195013360354413 0.21044627077843145 0.0009195013360354413 0.0009195013360354413 0.0009195013360354413 0.2103543206448279
5 0.004 -10 0.00033923028647997694 0.15193174686636024 0.00033923028647997694 0.00033923028647997694 0.00033923028647997694 0.15189578845599336
