7 0.181 -10 0.5083857442348009 1.0 0.5083857442348009 0.5083857442348009 0.5083857442348009 1.0
7 0.128 -10 0.48694779116465864 1.0 0.48694779116465864 0.48694779116465864 0.48694779116465864 1.0
7 0.090496 -10 0.5019837847162325 1.0 0.5019837847162325 0.5019837847162325 0.5019837847162325 1.0
7 0.064 -10 0.4349775784753363 1.0 0.4349775784753363 0.4349775784753363 0.4349775784753363 1.0
7 0.045249 -10 0.2696191976280923 0.9977763365144074 0.2696191976280923 0.2696191976280923 0.2696191976280923 0.9977763365144074
7 0.032 -10 0.11107294171533265 0.9790831711134013 0.11107294171533265 0.11107294171533265 0.11107294171533265 0.9787778159471735
7 0.022624 -10 0.03595389006264131 0.9135129792307597 0.03595389006264131 0.03595389006264131 0.03595389006264131 0.9133647157665838
7 0.016 -10 0.010471279547180131 0.8011500415612642 0.010471279547180131 0.010471279547180131 0.010471279547180131 0.8010097048250648
7 0.011312 -10 0.0027112062258984482 0.6626905414306784 0.0027112062258984482 0.0027112062258984482 0.0027112062258984482 0.6626243917255104
7 0.008 -10 0.0006825903341455611 0.5243846600606309 0.0006825903341455611 0.0006825903341455611 0.0006825903341455611 0.5243604996467419
7 0.005656 -10 0.00016971582630407513 0.4005574027623088 0.00016971582630407513 0.00016971582630407513 0.00016971582630407513 0.4005508707442517
7 0.004 -10 4.3954390749096104e-05 0.2984757493355108 4.3954390749096104e-05 4.3954390749096104e-05 4.3954390749096104e-05 0.29847392167871334
