7 0.181 -10 1.0 1.0 1.0 1.0 1.0 0.0
7 0.128 -10 1.0 1.0 1.0 1.0 1.0 0.0
7 0.090496 -10 1.0 1.0 1.0 1.0 1.0 0.0
7 0.064 -10 1.0 1.0 1.0 1.0 1.0 0.0
7 0.045249 -10 0.9984947315604616 0.9984947315604616 0.9984947315604616 0.9984947315604616 0.9984947315604616 0.0
7 0.032 -10 0.9740577581987273 0.9740577581987273 0.9740577581987273 0.9740577581987273 0.9740577581987273 0.0
7 0.022624 -10 0.8848377056469542 0.8848377056469542 0.8848377056469542 0.8848377056469542 0.8848377056469542 0.0
7 0.016 -10 0.7825403067243414 0.7825403067243414 0.7825403067243414 0.7825403067243414 0.7825403067243414 0.0
7 0.011312 -10 0.6339598598279707 0.6339598598279707 0.6339598598279707 0.6339598598279707 0.6339598598279707 0.0
7 0.008 -10 0.4852475006096074 0.4852475006096074 0.4852475006096074 0.4852475006096074 0.4852475006096074 0.0
7 0.005656 -10 0.3786869647954329 0.3786869647954329 0.3786869647954329 0.3786869647954329 0.3786869647954329 0.0
7 0.004 -10 0.29029905178701676 0.29029905178701676 0.29029905178701676 0.29029905178701676 0.29029905178701676 0.0
