5 0.362 -10 1.0 1.0 1.0 1.0 1.0 0.0
5 0.256 -10 1.0 1.0 1.0 1.0 1.0 0.0
5 0.181 -10 1.0 1.0 1.0 1.0 1.0 0.0
5 0.128 -10 1.0 1.0 1.0 1.0 1.0 0.0
5 0.090496 -10 1.0 1.0 1.0 1.0 1.0 0.0
5 0.064 -10 0.9881422924901185 0.9881422924901185 0.9881422924901185 0.9881422924901185 0.9881422924901185 0.0
5 0.045249 -10 0.796812749003984 0.796812749003984 0.796812749003984 0.796812749003984 0.796812749003984 0.0
5 0.032 -10 0.41946308724832215 0.41946308724832215 0.41946308724832215 0.41946308724832215 0.41946308724832215 0.0
5 0.022624 -10 0.1539171925504079 0.1539171925504079 0.1539171925504079 0.1539171925504079 0.1539171925504079 0.0
5 0.016 -10 0.050720227226617974 0.050720227226617974 0.050720227226617974 0.050720227226617974 0.050720227226617974 0.0
5 0.011312 -10 0.016070969400874262 0.016070969400874262 0.016070969400874262 0.016070969400874262 0.016070969400874262 0.0
5 0.008 -10 0.0055415784632094605 0.0055415784632094605 0.0055415784632094605 0.0055415784632094605 0.0055415784632094605 0.0
5 0.005656 -10 0.002303001271256702 0.002303001271256702 0.002303001271256702 0.002303001271256702 0.002303001271256702 0.0
5 0.004 -10 0.0009744318818520832 0.0009744318818520832 0.0009744318818520832 0.0009744318818520832 0.0009744318818520832 0.0
