7 0.181 -10 0.7604562737642585 1.0 0.7604562737642585 0.7604562737642585 0.7604562737642585 1.0
7 0.128 -10 0.777000777000777 1.0 0.777000777000777 0.777000777000777 0.777000777000777 1.0
7 0.090496 -10 0.7633587786259542 1.0 0.7633587786259542 0.7633587786259542 0.7633587786259542 1.0
7 0.064 -10 0.724112961622013 1.0 0.724112961622013 0.724112961622013 0.724112961622013 1.0
7 0.045249 -10 0.4203446826397646 0.9995796553173603 0.4203446826397646 0.4203446826397646 0.4203446826397646 0.9991593106347205
7 0.032 -10 0.10967317394165386 0.9728010528624699 0.10967317394165386 0.10967317394165386 0.10967317394165386 0.9724720333406449
7 0.022624 -10 0.015845851556062624 0.8349020726373836 0.015845851556062624 0.015845851556062624 0.015845851556062624 0.834521772200038
7 0.016 -10 0.002079529527239757 0.6056879291629061 0.002079529527239757 0.002079529527239757 0.002079529527239757 0.6054758171511277
7 0.011312 -10 0.0002898399503794005 0.38258061898219803 0.0002898399503794005 0.0002898399503794005 0.0002898399503794005 0.38250265203554595
7 0.008 -10 4.665766640281756e-05 0.2213205472664323 4.665766640281756e-05 4.665766640281756e-05 4.665766640281756e-05 0.22130193085753758
7 0.005656 -10 8.275436654449502e-06 0.12060864678032344 8.275436654449502e-06 8.275436654449502e-06 8.275436654449502e-06 0.12060374772182401
7 0.004 -10 1.6254758997873288e-06 0.06349824073965213 1.6254758997873288e-06 1.6254758997873288e-06 1.6254758997873288e-06 0.06349718590954695
