3 0.181 -10 1.0 1.0 1.0 1.0 1.0 0.0
3 0.128 -10 0.9884332281808622 0.9884332281808622 0.9884332281808622 0.9884332281808622 0.9884332281808622 0.0
3 0.090496 -10 0.8768656716417911 0.8768656716417911 0.8768656716417911 0.8768656716417911 0.8768656716417911 0.0
3 0.064 -10 0.6643109540636042 0.6643109540636042 0.6643109540636042 0.6643109540636042 0.6643109540636042 0.0
3 0.045249 -10 0.4245709123757904 0.4245709123757904 0.4245709123757904 0.4245709123757904 0.4245709123757904 0.0
3 0.032 -10 0.23924662764062102 0.23924662764062102 0.23924662764062102 0.23924662764062102 0.23924662764062102 0.0
3 0.022624 -10 0.13198539736029205 0.13198539736029205 0.13198539736029205 0.13198539736029205 0.13198539736029205 0.0
3 0.016 -10 0.06569751188146492 0.06569751188146492 0.06569751188146492 0.06569751188146492 0.06569751188146492 0.0
3 0.011312 -10 0.03770255093855286 0.03770255093855286 0.03770255093855286 0.03770255093855286 0.03770255093855286 0.0
3 0.008 -10 0.019739605207895843 0.019739605207895843 0.019739605207895843 0.019739605207895843 0.019739605207895843 0.0
3 0.005656 -10 0.01036669423766198 0.01036669423766198 0.01036669423766198 0.01036669423766198 0.01036669423766198 0.0
3 0.004 -10 0.004975809098319871 0.004975809098319871 0.004975809098319871 0.004975809098319871 0.004975809098319871 0.0
