5 0.181 -10 0.7598784194528876 1.0 0.7598784194528876 0.7598784194528876 0.7598784194528876 1.0
5 0.128 -10 0.7399186089530152 1.0 0.7399186089530152 0.7399186089530152 0.7399186089530152 1.0
5 0.090496 -10 0.7299270072992701 1.0 0.7299270072992701 0.7299270072992701 0.7299270072992701 1.0
5 0.064 -10 0.5651313930488838 0.9940661203729867 0.5651313930488838 0.5651313930488838 0.5651313930488838 0.9940661203729867
5 0.045249 -10 0.28546959748786754 0.9187838995147016 0.28546959748786754 0.28546959748786754 0.28546959748786754 0.9123608335712247
5 0.032 -10 0.09217439395335976 0.7071158632131994 0.09217439395335976 0.09217439395335976 0.09217439395335976 0.6991427781362337
5 0.022624 -10 0.02439351620339314 0.45907377818975714 0.02439351620339314 0.02439351620339314 0.02439351620339314 0.4535608435277903
5 0.016 -10 0.006236357966947303 0.27445587776738384 0.006236357966947303 0.006236357966947303 0.006236357966947303 0.27211412535079516
5 0.011312 -10 0.0017053365950737943 0.15454698159686014 0.0017053365950737943 0.0017053365950737943 0.0017053365950737943 0.15360222512318925
5 0.008 -10 0.0004603701836646848 0.08333160694514459 0.0004603701836646848 0.0004603701836646848 0.0004603701836646848 0.08299599708125303
5 0.005656 -10 0.0001487984746370768 0.04406741225614348 0.0001487984746370768 0.0001487984746370768 0.0001487984746370768 0.043948522274908454
5 0.004 -10 4.5707689180583175e-05 0.022603914945852156 4.5707689180583175e-05 4.5707689180583175e-05 4.5707689180583175e-05 0.022564423502400132
