5 0.181 -10 1.0 1.0 1.0 1.0 1.0 0.0
5 0.128 -10 1.0 1.0 1.0 1.0 1.0 0.0
5 0.090496 -10 1.0 1.0 1.0 1.0 1.0 0.0
5 0.064 -10 0.9952724558347847 0.9952724558347847 0.9952724558347847 0.9952724558347847 0.9952724558347847 0.0
5 0.045249 -10 0.934361130576968 0.934361130576968 0.934361130576968 0.934361130576968 0.934361130576968 0.0
5 0.032 -10 0.7633587786259542 0.7633587786259542 0.7633587786259542 0.7633587786259542 0.7633587786259542 0.0
5 0.022624 -10 0.5264543300868649 0.5264543300868649 0.5264543300868649 0.5264543300868649 0.5264543300868649 0.0
5 0.016 -10 0.3201280512204882 0.3201280512204882 0.3201280512204882 0.3201280512204882 0.3201280512204882 0.0
5 0.011312 -10 0.19151584793641674 0.19151584793641674 0.19151584793641674 0.19151584793641674 0.19151584793641674 0.0
5 0.008 -10 0.106332075070445 0.106332075070445 0.106332075070445 0.106332075070445 0.106332075070445 0.0
5 0.005656 -10 0.05770340450086555 0.05770340450086555 0.05770340450086555 0.05770340450086555 0.05770340450086555 0.0
5 0.004 -10 0.027779321073392968 0.027779321073392968 0.027779321073392968 0.027779321073392968 0.027779321073392968 0.0
5 0.181 -10 1.0 1.0 1.0 1.0 1.0 0.0
