5 0.181 -10 0.7575757575757576 1.0 0.7575757575757576 0.7575757575757576 0.7575757575757576 1.0
5 0.128 -10 0.7496251874062968 1.0 0.7496251874062968 0.7496251874062968 0.7496251874062968 1.0
5 0.090496 -10 0.7158196134574087 1.0 0.7158196134574087 0.7158196134574087 0.7158196134574087 1.0
5 0.064 -10 0.6009615384615384 0.9939903846153846 0.6009615384615384 0.6009615384615384 0.6009615384615384 0.9933894230769231
5 0.045249 -10 0.27816411682892905 0.9148817802503477 0.27816411682892905 0.27816411682892905 0.27816411682892905 0.9084840055632823
5 0.032 -10 0.09586808551433228 0.7139296328252325 0.09586808551433228 0.09586808551433228 0.09586808551433228 0.7056849774709999
5 0.022624 -10 0.02392401732098854 0.465489605014474 0.02392401732098854 0.02392401732098854 0.02392401732098854 0.4598913849613627
5 0.016 -10 0.0062862638847853555 0.27366621196024565 0.0062862638847853555 0.0062862638847853555 0.0062862638847853555 0.2711831377257555
5 0.011312 -10 0.001553762513614844 0.15455275722926853 0.001553762513614844 0.001553762513614844 0.001553762513614844 0.15365779002142638
5 0.008 -10 0.00045052188455106397 0.08323481921457816 0.00045052188455106397 0.00045052188455106397 0.00045052188455106397 0.08292486015800704
