7 0.181 -10 1.0 1.0 1.0 1.0 1.0 0.0
7 0.128 -10 1.0 1.0 1.0 1.0 1.0 0.0
7 0.090496 -10 1.0 1.0 1.0 1.0 1.0 0.0
7 0.064 -10 1.0 1.0 1.0 1.0 1.0 0.0
7 0.045249 -10 1.0 1.0 1.0 1.0 1.0 0.0
7 0.032 -10 0.983284169124877 0.983284169124877 0.983284169124877 0.983284169124877 0.983284169124877 0.0
7 0.022624 -10 0.8818342151675485 0.8818342151675485 0.8818342151675485 0.8818342151675485 0.8818342151675485 0.0
7 0.016 -10 0.6901311249137336 0.6901311249137336 0.6901311249137336 0.6901311249137336 0.6901311249137336 0.0
7 0.011312 -10 0.44603033006244425 0.44603033006244425 0.44603033006244425 0.44603033006244425 0.44603033006244425 0.0
7 0.008 -10 0.27770063871146905 0.27770063871146905 0.27770063871146905 0.27770063871146905 0.27770063871146905 0.0
7 0.005656 -10 0.15229972586049345 0.15229972586049345 0.15229972586049345 0.15229972586049345 0.15229972586049345 0.0
7 0.004 -10 0.08157937673356176 0.08157937673356176 0.08157937673356176 0.08157937673356176 0.08157937673356176 0.0
