7 0.362 -10 1.0 1.0 1.0 1.0 1.0 0.0
7 0.256 -10 1.0 1.0 1.0 1.0 1.0 0.0
7 0.181 -10 1.0 1.0 1.0 1.0 1.0 0.0
7 0.128 -10 1.0 1.0 1.0 1.0 1.0 0.0
7 0.090496 -10 1.0 1.0 1.0 1.0 1.0 0.0
7 0.064 -10 1.0 1.0 1.0 1.0 1.0 0.0
7 0.045249 -10 0.9643201542912246 0.9643201542912246 0.9643201542912246 0.9643201542912246 0.9643201542912246 0.0
7 0.032 -10 0.5353319057815846 0.5353319057815846 0.5353319057815846 0.5353319057815846 0.5353319057815846 0.0
7 0.022624 -10 0.15384615384615385 0.15384615384615385 0.15384615384615385 0.15384615384615385 0.15384615384615385 0.0
7 0.016 -10 0.033399018068868774 0.033399018068868774 0.033399018068868774 0.033399018068868774 0.033399018068868774 0.0
7 0.011312 -10 0.006756619798247333 0.006756619798247333 0.006756619798247333 0.006756619798247333 0.006756619798247333 0.0
7 0.008 -10 0.0015265427622791284 0.0015265427622791284 0.0015265427622791284 0.0015265427622791284 0.0015265427622791284 0.0
7 0.005656 -10 0.00035034982429956314 0.00035034982429956314 0.00035034982429956314 0.00035034982429956314 0.00035034982429956314 0.0
7 0.004 -10 8.395365993042088e-05 8.395365993042088e-05 8.395365993042088e-05 8.395365993042088e-05 8.395365993042088e-05 0.0
