5 0.181 -10 1.0 1.0 1.0 1.0 1.0 0.0
5 0.128 -10 1.0 1.0 1.0 1.0 1.0 0.0
5 0.090496 -10 1.0 1.0 1.0 1.0 1.0 0.0
5 0.064 -10 0.998003992015968 0.998003992015968 0.998003992015968 0.998003992015968 0.998003992015968 0.0
5 0.045249 -10 0.9267840593141798 0.9267840593141798 0.9267840593141798 0.9267840593141798 0.9267840593141798 0.0
5 0.032 -10 0.7598784194528876 0.7598784194528876 0.7598784194528876 0.7598784194528876 0.7598784194528876 0.0
5 0.022624 -10 0.508130081300813 0.508130081300813 0.508130081300813 0.508130081300813 0.508130081300813 0.0
5 0.016 -10 0.30959752321981426 0.30959752321981426 0.30959752321981426 0.30959752321981426 0.30959752321981426 0.0
5 0.011312 -10 0.17705382436260622 0.17705382436260622 0.17705382436260622 0.17705382436260622 0.17705382436260622 0.0
5 0.008 -10 0.1121830827911151 0.1121830827911151 0.1121830827911151 0.1121830827911151 0.1121830827911151 0.0
5 0.005656 -10 0.05683109797681291 0.05683109797681291 0.05683109797681291 0.05683109797681291 0.05683109797681291 0.0
5 0.004 -10 0.029125648045669018 0.029125648045669018 0.029125648045669018 0.029125648045669018 0.029125648045669018 0.0
