3 0.362 -10 1.0 1.0 1.0 1.0 1.0 0.0
3 0.256 -10 1.0 1.0 1.0 1.0 1.0 0.0
3 0.181 -10 1.0 1.0 1.0 1.0 1.0 0.0
3 0.128 -10 0.9881422924901185 0.9881422924901185 0.9881422924901185 0.9881422924901185 0.9881422924901185 0.0
3 0.090496 -10 0.8517887563884157 0.8517887563884157 0.8517887563884157 0.8517887563884157 0.8517887563884157 0.0
3 0.064 -10 0.5941770647653001 0.5941770647653001 0.5941770647653001 0.5941770647653001 0.5941770647653001 0.0
3 0.045249 -10 0.3288391976323578 0.3288391976323578 0.3288391976323578 0.3288391976323578 0.3288391976323578 0.0
3 0.032 -10 0.14310246136233543 0.14310246136233543 0.14310246136233543 0.14310246136233543 0.14310246136233543 0.0
3 0.022624 -10 0.06871435442864014 0.06871435442864014 0.06871435442864014 0.06871435442864014 0.06871435442864014 0.0
3 0.016 -10 0.02768549280177187 0.02768549280177187 0.02768549280177187 0.02768549280177187 0.02768549280177187 0.0
3 0.011312 -10 0.01286521118244156 0.01286521118244156 0.01286521118244156 0.01286521118244156 0.01286521118244156 0.0
3 0.008 -10 0.005417675708767424 0.005417675708767424 0.005417675708767424 0.005417675708767424 0.005417675708767424 0.0
3 0.005656 -10 0.002600347406413497 0.002600347406413497 0.002600347406413497 0.002600347406413497 0.002600347406413497 0.0
3 0.004 -10 0.001235455598961229 0.001235455598961229 0.001235455598961229 0.001235455598961229 0.001235455598961229 0.0
