3 0.181 -10 1.0 1.0 1.0 1.0 1.0 0.0
3 0.128 -10 0.9940357852882704 0.9940357852882704 0.9940357852882704 0.9940357852882704 0.9940357852882704 0.0
3 0.090496 -10 0.8810572687224669 0.8810572687224669 0.8810572687224669 0.8810572687224669 0.8810572687224669 0.0
3 0.064 -10 0.6779661016949152 0.6779661016949152 0.6779661016949152 0.6779661016949152 0.6779661016949152 0.0
3 0.045249 -10 0.42771599657827203 0.42771599657827203 0.42771599657827203 0.42771599657827203 0.42771599657827203 0.0
3 0.032 -10 0.27631942525559544 0.27631942525559544 0.27631942525559544 0.27631942525559544 0.27631942525559544 0.0
3 0.022624 -10 0.15202189115232592 0.15202189115232592 0.15202189115232592 0.15202189115232592 0.15202189115232592 0.0
3 0.016 -10 0.0851861316977596 0.0851861316977596 0.0851861316977596 0.0851861316977596 0.0851861316977596 0.0
3 0.011312 -10 0.04581271761040865 0.04581271761040865 0.04581271761040865 0.04581271761040865 0.04581271761040865 0.0
3 0.008 -10 0.019648295510364476 0.019648295510364476 0.019648295510364476 0.019648295510364476 0.019648295510364476 0.0
