3 0.181 -10 0.7496251874062968 1.0 0.7496251874062968 0.7496251874062968 0.7496251874062968 0.9992503748125937
3 0.128 -10 0.6807351940095303 0.9891082368958475 0.6807351940095303 0.6807351940095303 0.6807351940095303 0.9795779441797141
3 0.090496 -10 0.5491488193300385 0.885777045579352 0.5491488193300385 0.5491488193300385 0.5491488193300385 0.8193300384404174
3 0.064 -10 0.3352329869259135 0.6439825678846799 0.3352329869259135 0.3352329869259135 0.3352329869259135 0.5538048944016091
3 0.045249 -10 0.18281535648994515 0.4137111517367459 0.18281535648994515 0.18281535648994515 0.18281535648994515 0.33619744058500917
3 0.032 -10 0.09090909090909091 0.24145454545454545 0.09090909090909091 0.09090909090909091 0.09090909090909091 0.19063636363636363
3 0.022624 -10 0.04209285684219388 0.12994064907185252 0.04209285684219388 0.04209285684219388 0.04209285684219388 0.10194889927179358
3 0.016 -10 0.019673808259064708 0.06950756457927561 0.019673808259064708 0.019673808259064708 0.019673808259064708 0.05467351315194082
3 0.011312 -10 0.00884470467531089 0.03764306309812315 0.00884470467531089 0.00884470467531089 0.00884470467531089 0.03046116290177071
3 0.008 -10 0.004030632809351068 0.019750100765820233 0.004030632809351068 0.004030632809351068 0.004030632809351068 0.01618702136235389
3 0.005656 -10 0.001965223406596862 0.010256500959029023 0.001965223406596862 0.001965223406596862 0.001965223406596862 0.0084543910951797
3 0.004 -10 0.000945596969550832 0.005393685114317945 0.000945596969550832 0.000945596969550832 0.000945596969550832 0.004498204784153308
