5 0.181 -10 1.0 1.0 1.0 1.0 1.0 0.0
5 0.128 -10 1.0 1.0 1.0 1.0 1.0 0.0
5 0.090496 -10 1.0 1.0 1.0 1.0 1.0 0.0
5 0.064 -10 0.9978768577494692 0.9978768577494692 0.9978768577494692 0.9978768577494692 0.9978768577494692 0.0
5 0.045249 -10 0.8986615678776291 0.8986615678776291 0.8986615678776291 0.8986615678776291 0.8986615678776291 0.0
5 0.032 -10 0.6095979247730221 0.6095979247730221 0.6095979247730221 0.6095979247730221 0.6095979247730221 0.0
5 0.022624 -10 0.27437244600116756 0.27437244600116756 0.27437244600116756 0.27437244600116756 0.27437244600116756 0.0
5 0.016 -10 0.1043632730098812 0.1043632730098812 0.1043632730098812 0.1043632730098812 0.1043632730098812 0.0
5 0.011312 -10 0.03531444886918626 0.03531444886918626 0.03531444886918626 0.03531444886918626 0.03531444886918626 0.0
5 0.008 -10 0.012985039576742964 0.012985039576742964 0.012985039576742964 0.012985039576742964 0.012985039576742964 0.0
5 0.005656 -10 0.003984891326926419 0.003984891326926419 0.003984891326926419 0.003984891326926419 0.003984891326926419 0.0
5 0.004 -10 0.0015076932453738678 0.0015076932453738678 0.0015076932453738678 0.0015076932453738678 0.0015076932453738678 0.0
