3 0.181 -10 0.7336757153338225 1.0 0.8070432868672047 0.7351430667644901 0.7336757153338225 0.9992663242846662
3 0.128 -10 0.6631299734748011 0.9854111405835544 0.7148541114058355 0.6631299734748011 0.6631299734748011 0.9761273209549072
3 0.090496 -10 0.5425935973955507 0.8806294085729789 0.5632121540965817 0.5425935973955507 0.5425935973955507 0.8133478024959305
3 0.064 -10 0.3342245989304813 0.6530748663101604 0.34558823529411764 0.3342245989304813 0.3342245989304813 0.5561497326203209
3 0.045249 -10 0.19301293186643506 0.421926269060027 0.20131248793669176 0.19301293186643506 0.19301293186643506 0.3393167342211928
3 0.032 -10 0.09170946441672781 0.24073734409391048 0.09482758620689655 0.09170946441672781 0.09170946441672781 0.18589508437270727
3 0.022624 -10 0.043857725538353584 0.13359063198982501 0.044647164598043944 0.043857725538353584 0.043857725538353584 0.10407438270251304
3 0.016 -10 0.020087178354056604 0.07092782676817387 0.020267962959243116 0.020087178354056604 0.020087178354056604 0.05552096097061246
3 0.011312 -10 0.008394825429605192 0.036794519857959555 0.008470378858471638 0.008394825429605192 0.008394825429605192 0.0297512613225208
3 0.008 -10 0.004204719377028777 0.019854684898329887 0.004217333535159864 0.004204719377028777 0.004204719377028777 0.016162941285298618
