7 0.181 -10 1.0 1.0 1.0 1.0 1.0 0.0
7 0.128 -10 1.0 1.0 1.0 1.0 1.0 0.0
7 0.090496 -10 1.0 1.0 1.0 1.0 1.0 0.0
7 0.064 -10 1.0 1.0 1.0 1.0 1.0 0.0
7 0.045249 -10 0.999000999000999 0.999000999000999 0.999000999000999 0.999000999000999 0.999000999000999 0.0
7 0.032 -10 0.9871668311944719 0.9871668311944719 0.9871668311944719 0.9871668311944719 0.9871668311944719 0.0
7 0.022624 -10 0.8873114463176575 0.8873114463176575 0.8873114463176575 0.8873114463176575 0.8873114463176575 0.0
7 0.016 -10 0.670690811535882 0.670690811535882 0.670690811535882 0.670690811535882 0.670690811535882 0.0
7 0.011312 -10 0.4518752824220515 0.4518752824220515 0.4518752824220515 0.4518752824220515 0.4518752824220515 0.0
7 0.008 -10 0.26602819898909286 0.26602819898909286 0.26602819898909286 0.26602819898909286 0.26602819898909286 0.0
