7 0.181 -10 0.7710100231303006 1.0 0.9992289899768697 0.9421742482652274 0.7710100231303006 1.0
7 0.128 -10 0.7598784194528876 1.0 0.9916413373860182 0.9042553191489362 0.7598784194528876 1.0
7 0.090496 -10 0.7358351729212657 1.0 0.9749816041206769 0.8278145695364238 0.7358351729212657 1.0
7 0.064 -10 0.7142857142857143 1.0 0.8835714285714286 0.7385714285714285 0.7142857142857143 1.0
7 0.045249 -10 0.4078303425774878 1.0 0.5122349102773246 0.41068515497553015 0.4078303425774878 0.9995921696574225
7 0.032 -10 0.09512032721392562 0.9727955864168173 0.13040996861029203 0.09521544754113954 0.09512032721392562 0.9726053457623894
7 0.022624 -10 0.015070000150700001 0.8358123483581235 0.0203746402037464 0.015070000150700001 0.015070000150700001 0.8354657383546574
7 0.016 -10 0.001975683290065869 0.6038972328579839 0.0027541025063518216 0.001975683290065869 0.001975683290065869 0.6036858347459468
7 0.011312 -10 0.0002841532290604644 0.38253645401775616 0.00040719157724364546 0.00028443738228952487 0.0002841532290604644 0.38246825724278166
7 0.008 -10 4.7419805403344563e-05 0.22127399471790787 7.008647238614327e-05 4.7419805403344563e-05 4.7419805403344563e-05 0.22125545357399518
