7 0.181 -10 1.0 1.0 1.0 1.0 1.0 0.0
7 0.128 -10 1.0 1.0 1.0 1.0 1.0 0.0
7 0.090496 -10 1.0 1.0 1.0 1.0 1.0 0.0
7 0.064 -10 1.0 1.0 1.0 1.0 1.0 0.0
7 0.045249 -10 1.0 1.0 1.0 1.0 1.0 0.0
7 0.032 -10 0.9418837675350702 0.9418837675350702 0.9418837675350702 0.9418837675350702 0.9418837675350702 0.0
7 0.022624 -10 0.62128222075347 0.62128222075347 0.62128222075347 0.62128222075347 0.62128222075347 0.0
7 0.016 -10 0.2857142857142857 0.2857142857142857 0.2857142857142857 0.2857142857142857 0.2857142857142857 0.0
7 0.011312 -10 0.10714692807477488 0.10714692807477488 0.10714692807477488 0.10714692807477488 0.10714692807477488 0.0
7 0.008 -10 0.035406229989830125 0.035406229989830125 0.035406229989830125 0.035406229989830125 0.035406229989830125 0.0
7 0.005656 -10 0.012234326396209963 0.012234326396209963 0.012234326396209963 0.012234326396209963 0.012234326396209963 0.0
7 0.004 -10 0.004102385056844219 0.004102385056844219 0.004102385056844219 0.004102385056844219 0.004102385056844219 0.0
