7 0.181 -10 0.7662835249042146 1.0 0.7662835249042146 0.7662835249042146 0.7662835249042146 1.0
7 0.128 -10 0.7757951900698216 1.0 0.7757951900698216 0.7757951900698216 0.7757951900698216 1.0
7 0.090496 -10 0.7518796992481203 1.0 0.7518796992481203 0.7518796992481203 0.7518796992481203 1.0
7 0.064 -10 0.7215007215007215 1.0 0.7215007215007215 0.7215007215007215 0.7215007215007215 1.0
7 0.045249 -10 0.4140786749482402 0.9995859213250518 0.4140786749482402 0.4140786749482402 0.4140786749482402 0.9995859213250518
7 0.032 -10 0.11448196908986835 0.9719519175729823 0.11448196908986835 0.11448196908986835 0.11448196908986835 0.9719519175729823
7 0.022624 -10 0.016030522114105255 0.8352382937112262 0.016030522114105255 0.016030522114105255 0.016030522114105255 0.8349016527468299
7 0.016 -10 0.0022371564846217864 0.6045400853698915 0.0022371564846217864 0.0022371564846217864 0.0022371564846217864 0.6043186068779139
7 0.011312 -10 0.00029937843050259055 0.3827307743662608 0.00029937843050259055 0.00029937843050259055 0.00029937843050259055 0.3826589235429401
7 0.008 -10 4.4712448875785955e-05 0.22121904378314533 4.4712448875785955e-05 4.4712448875785955e-05 4.4712448875785955e-05 0.22120066696665738
