5 0.362 -10 1.0 1.0 1.0 1.0 1.0 0.0
5 0.256 -10 1.0 1.0 1.0 1.0 1.0 0.0
5 0.181 -10 1.0 1.0 1.0 1.0 1.0 0.0
5 0.128 -10 1.0 1.0 1.0 1.0 1.0 0.0
5 0.090496 -10 1.0 1.0 1.0 1.0 1.0 0.0
5 0.064 -10 0.9442870632672332 0.9442870632672332 0.9442870632672332 0.9442870632672332 0.9442870632672332 0.0
5 0.045249 -10 0.585480093676815 0.585480093676815 0.585480093676815 0.585480093676815 0.585480093676815 0.0
5 0.032 -10 0.2117746717492588 0.2117746717492588 0.2117746717492588 0.2117746717492588 0.2117746717492588 0.0
5 0.022624 -10 0.05282620179609086 0.05282620179609086 0.05282620179609086 0.05282620179609086 0.05282620179609086 0.0
5 0.016 -10 0.013991493172151332 0.013991493172151332 0.013991493172151332 0.013991493172151332 0.013991493172151332 0.0
5 0.011312 -10 0.003524713528907938 0.003524713528907938 0.003524713528907938 0.003524713528907938 0.003524713528907938 0.0
5 0.008 -10 0.0008763051469782807 0.0008763051469782807 0.0008763051469782807 0.0008763051469782807 0.0008763051469782807 0.0
5 0.005656 -10 0.0002335410759050534 0.0002335410759050534 0.0002335410759050534 0.0002335410759050534 0.0002335410759050534 0.0
5 0.004 -10 6.695742257847142e-05 6.695742257847142e-05 6.695742257847142e-05 6.695742257847142e-05 6.695742257847142e-05 0.0
