7 0.181 -10 1.0 1.0 1.0 1.0 1.0 0.0
7 0.128 -10 1.0 1.0 1.0 1.0 1.0 0.0
7 0.090496 -10 1.0 1.0 1.0 1.0 1.0 0.0
7 0.064 -10 1.0 1.0 1.0 1.0 1.0 0.0
7 0.045249 -10 1.0 1.0 1.0 1.0 1.0 0.0
7 0.032 -10 0.975609756097561 0.975609756097561 0.975609756097561 0.975609756097561 0.975609756097561 0.0
7 0.022624 -10 0.8403361344537815 0.8403361344537815 0.8403361344537815 0.8403361344537815 0.8403361344537815 0.0
7 0.016 -10 0.5685048322910745 0.5685048322910745 0.5685048322910745 0.5685048322910745 0.5685048322910745 0.0
7 0.011312 -10 0.35298270384751146 0.35298270384751146 0.35298270384751146 0.35298270384751146 0.35298270384751146 0.0
7 0.008 -10 0.19932230416583616 0.19932230416583616 0.19932230416583616 0.19932230416583616 0.19932230416583616 0.0
