3 0.181 -10 1.0 1.0 1.0 1.0 1.0 0.0
3 0.128 -10 0.9891196834817013 0.9891196834817013 0.9891196834817013 0.9891196834817013 0.9891196834817013 0.0
3 0.090496 -10 0.8802816901408451 0.8802816901408451 0.8802816901408451 0.8802816901408451 0.8802816901408451 0.0
3 0.064 -10 0.6925207756232687 0.6925207756232687 0.6925207756232687 0.6925207756232687 0.6925207756232687 0.0
3 0.045249 -10 0.4432624113475177 0.4432624113475177 0.4432624113475177 0.4432624113475177 0.4432624113475177 0.0
3 0.032 -10 0.28192839018889204 0.28192839018889204 0.28192839018889204 0.28192839018889204 0.28192839018889204 0.0
3 0.022624 -10 0.1643115346697338 0.1643115346697338 0.1643115346697338 0.1643115346697338 0.1643115346697338 0.0
3 0.016 -10 0.09152480322167307 0.09152480322167307 0.09152480322167307 0.09152480322167307 0.09152480322167307 0.0
3 0.011312 -10 0.04730592743270732 0.04730592743270732 0.04730592743270732 0.04730592743270732 0.04730592743270732 0.0
3 0.008 -10 0.020512820512820513 0.020512820512820513 0.020512820512820513 0.020512820512820513 0.020512820512820513 0.0
3 0.005656 -10 0.009429781134779863 0.009429781134779863 0.009429781134779863 0.009429781134779863 0.009429781134779863 0.0
3 0.004 -10 0.006323230918069897 0.006323230918069897 0.006323230918069897 0.006323230918069897 0.006323230918069897 0.0
