5 0.181 -10 1.0 1.0 1.0 1.0 1.0 0.0
5 0.128 -10 1.0 1.0 1.0 1.0 1.0 0.0
5 0.090496 -10 1.0 1.0 1.0 1.0 1.0 0.0
5 0.064 -10 0.9960159362549801 0.9960159362549801 0.9960159362549801 0.9960159362549801 0.9960159362549801 0.0
5 0.045249 -10 0.9099181073703366 0.9099181073703366 0.9099181073703366 0.9099181073703366 0.9099181073703366 0.0
5 0.032 -10 0.5899705014749262 0.5899705014749262 0.5899705014749262 0.5899705014749262 0.5899705014749262 0.0
5 0.022624 -10 0.26997840172786175 0.26997840172786175 0.26997840172786175 0.26997840172786175 0.26997840172786175 0.0
5 0.016 -10 0.10840108401084012 0.10840108401084012 0.10840108401084012 0.10840108401084012 0.10840108401084012 0.0
5 0.011312 -10 0.0369235313665399 0.0369235313665399 0.0369235313665399 0.0369235313665399 0.0369235313665399 0.0
5 0.008 -10 0.012554139727575167 0.012554139727575167 0.012554139727575167 0.012554139727575167 0.012554139727575167 0.0
