7 0.181 -10 1.0 1.0 1.0 1.0 1.0 0.0
7 0.128 -10 1.0 1.0 1.0 1.0 1.0 0.0
7 0.090496 -10 1.0 1.0 1.0 1.0 1.0 0.0
7 0.064 -10 1.0 1.0 1.0 1.0 1.0 0.0
7 0.045249 -10 0.9989373007438895 0.9989373007438895 0.9989373007438895 0.9989373007438895 0.9989373007438895 0.0
7 0.032 -10 0.9761163032191069 0.9761163032191069 0.9761163032191069 0.9761163032191069 0.9761163032191069 0.0
7 0.022624 -10 0.8216783216783217 0.8216783216783217 0.8216783216783217 0.8216783216783217 0.8216783216783217 0.0
7 0.016 -10 0.579888957433683 0.579888957433683 0.579888957433683 0.579888957433683 0.579888957433683 0.0
7 0.011312 -10 0.3597397627248374 0.3597397627248374 0.3597397627248374 0.3597397627248374 0.3597397627248374 0.0
7 0.008 -10 0.18658197697499007 0.18658197697499007 0.18658197697499007 0.18658197697499007 0.18658197697499007 0.0
7 0.005656 -10 0.10402833111996458 0.10402833111996458 0.10402833111996458 0.10402833111996458 0.10402833111996458 0.0
7 0.004 -10 0.05614286567520755 0.05614286567520755 0.05614286567520755 0.05614286567520755 0.05614286567520755 0.0
