5 0.181 -10 0.7434944237918215 1.0 0.9821561338289962 0.857992565055762 0.7434944237918215 1.0
5 0.128 -10 0.7374631268436578 1.0 0.9247787610619469 0.7949852507374632 0.7374631268436578 1.0
5 0.090496 -10 0.7225433526011561 1.0 0.8670520231213873 0.7492774566473989 0.7225433526011561 1.0
5 0.064 -10 0.5586592178770949 0.994413407821229 0.6374301675977654 0.5608938547486033 0.5586592178770949 0.993854748603352
5 0.045249 -10 0.2753303964757709 0.9116189427312775 0.3001101321585903 0.2753303964757709 0.2753303964757709 0.9033590308370044
5 0.032 -10 0.08914244963451595 0.7127830272775896 0.0944018541629524 0.08914244963451595 0.08914244963451595 0.7055624888571937
5 0.022624 -10 0.024505599529492487 0.4606562599553998 0.026024946700321024 0.024505599529492487 0.024505599529492487 0.45501997206361655
5 0.016 -10 0.006373689410115045 0.27444469231014373 0.006635010675929762 0.006373689410115045 0.006373689410115045 0.2720545587813506
5 0.011312 -10 0.0015360747146741217 0.1550068355324803 0.0015775487319703231 0.0015360747146741217 0.0015360747146741217 0.15416506658883888
5 0.008 -10 0.00046583843698160915 0.08319781316804144 0.00047375769041029653 0.00046583843698160915 0.00046583843698160915 0.08286520452403656
