3 0.181 -10 0.7352941176470589 1.0 0.7352941176470589 0.7352941176470589 0.7352941176470589 1.0
3 0.128 -10 0.704225352112676 1.0 0.704225352112676 0.704225352112676 0.704225352112676 1.0
3 0.090496 -10 0.7936507936507936 1.0 0.7936507936507936 0.7936507936507936 0.7936507936507936 1.0
3 0.064 -10 0.8333333333333334 1.0 0.8333333333333334 0.8333333333333334 0.8333333333333334 1.0
3 0.045249 -10 0.746268656716418 1.0 0.746268656716418 0.746268656716418 0.746268656716418 1.0
3 0.032 -10 0.6578947368421053 1.0 0.6578947368421053 0.6578947368421053 0.6578947368421053 1.0
3 0.022624 -10 0.6666666666666666 0.9866666666666667 0.6666666666666666 0.6666666666666666 0.6666666666666666 0.96
3 0.016 -10 0.5434782608695652 0.9456521739130435 0.5434782608695652 0.5434782608695652 0.5434782608695652 0.9347826086956522
3 0.011312 -10 0.45454545454545453 0.7272727272727273 0.45454545454545453 0.45454545454545453 0.45454545454545453 0.6818181818181818
3 0.008 -10 0.3424657534246575 0.541095890410959 0.3424657534246575 0.3424657534246575 0.3424657534246575 0.4383561643835616
3 0.005656 -10 0.16025641025641027 0.2980769230769231 0.16025641025641027 0.16025641025641027 0.16025641025641027 0.21474358974358973
3 0.004 -10 0.14204545454545456 0.22727272727272727 0.14204545454545456 0.14204545454545456 0.14204545454545456 0.13068181818181818
3 0.002828 -10 0.08417508417508418 0.11952861952861953 0.08417508417508418 0.08417508417508418 0.08417508417508418 0.04882154882154882
3 0.002 -10 0.06666666666666667 0.08533333333333333 0.06666666666666667 0.06666666666666667 0.06666666666666667 0.02666666666666667
3 0.001414 -10 0.053304904051172705 0.0628997867803838 0.053304904051172705 0.053304904051172705 0.053304904051172705 0.01279317697228145
3 0.001 -10 0.03351206434316354 0.0388739946380697 0.03351206434316354 0.03351206434316354 0.03351206434316354 0.00871313672922252
