2 0.181 -10 0.49019607843137253 1.0 0.49019607843137253 0.49019607843137253 0.49019607843137253 1.0
2 0.128 -10 0.5319148936170213 1.0 0.5319148936170213 0.5319148936170213 0.5319148936170213 1.0
2 0.090496 -10 0.4672897196261682 1.0 0.4672897196261682 0.4672897196261682 0.4672897196261682 1.0
2 0.064 -10 0.5 1.0 0.5 0.5 0.5 1.0
2 0.045249 -10 0.42735042735042733 1.0 0.42735042735042733 0.42735042735042733 0.42735042735042733 1.0
2 0.032 -10 0.4065040650406504 0.9105691056910569 0.4065040650406504 0.4065040650406504 0.4065040650406504 0.9105691056910569
2 0.022624 -10 0.29069767441860467 0.7616279069767442 0.29069767441860467 0.29069767441860467 0.29069767441860467 0.7209302325581395
2 0.016 -10 0.19011406844106463 0.5285171102661597 0.19011406844106463 0.19011406844106463 0.19011406844106463 0.4790874524714829
2 0.011312 -10 0.17421602787456447 0.3554006968641115 0.17421602787456447 0.17421602787456447 0.17421602787456447 0.313588850174216
2 0.008 -10 0.1179245283018868 0.24528301886792453 0.1179245283018868 0.1179245283018868 0.1179245283018868 0.18396226415094338
2 0.005656 -10 0.07122507122507123 0.14814814814814814 0.07122507122507123 0.07122507122507123 0.07122507122507123 0.09259259259259259
2 0.004 -10 0.05688282138794084 0.09101251422070535 0.05688282138794084 0.05688282138794084 0.05688282138794084 0.04436860068259386
2 0.002828 -10 0.03720238095238095 0.06547619047619048 0.03720238095238095 0.03720238095238095 0.03720238095238095 0.033482142857142856
2 0.002 -10 0.02126754572522331 0.03658017864738409 0.02126754572522331 0.02126754572522331 0.02126754572522331 0.01658868566567418
2 0.001414 -10 0.01960015680125441 0.024696197569580556 0.01960015680125441 0.01960015680125441 0.01960015680125441 0.006664053312426499
2 0.001 -10 0.012671059300557527 0.017232640648758235 0.012671059300557527 0.012671059300557527 0.012671059300557527 0.00506842372022301
