8 0.181 -10 0.5617977528089888 1.0 0.5617977528089888 0.5617977528089888 0.5617977528089888 1.0
8 0.128 -10 0.5263157894736842 1.0 0.5263157894736842 0.5263157894736842 0.5263157894736842 1.0
8 0.090496 -10 0.5 1.0 0.5 0.5 0.5 1.0
8 0.064 -10 0.4672897196261682 1.0 0.4672897196261682 0.4672897196261682 0.4672897196261682 1.0
8 0.045249 -10 0.5747126436781609 1.0 0.5747126436781609 0.5747126436781609 0.5747126436781609 1.0
8 0.032 -10 0.6024096385542169 1.0 0.6024096385542169 0.6024096385542169 0.6024096385542169 1.0
8 0.022624 -10 0.5154639175257731 1.0 0.5154639175257731 0.5154639175257731 0.5154639175257731 1.0
8 0.016 -10 0.42735042735042733 1.0 0.42735042735042733 0.42735042735042733 0.42735042735042733 1.0
8 0.011312 -10 0.4 0.992 0.4 0.4 0.4 0.992
8 0.008 -10 0.11160714285714286 0.8348214285714286 0.11160714285714286 0.11160714285714286 0.11160714285714286 0.8348214285714286
8 0.005656 -10 0.034482758620689655 0.5358620689655172 0.034482758620689655 0.034482758620689655 0.034482758620689655 0.5358620689655172
8 0.004 -10 0.004926593753079121 0.2710611882944132 0.004926593753079121 0.004926593753079121 0.004926593753079121 0.2708641245442901
8 0.002828 -10 0.0009139765290827332 0.1393814206851168 0.0009139765290827332 0.0009139765290827332 0.0009139765290827332 0.13932658209337184
8 0.002 -10 0.00026205313389342824 0.06865792108007819 0.00026205313389342824 0.00026205313389342824 0.00026205313389342824 0.06864743895472246
8 0.001414 -10 6.416047304233564e-05 0.035721984971050794 6.416047304233564e-05 6.416047304233564e-05 6.416047304233564e-05 0.03571556892374656
8 0.001 -10 1.8732864112553043e-05 0.015803044165349747 1.8732864112553043e-05 1.8732864112553043e-05 1.8732864112553043e-05 0.015800046907091737
