4 0.181 -10 0.4807692307692308 1.0 0.4807692307692308 0.4807692307692308 0.4807692307692308 1.0
4 0.128 -10 0.5376344086021505 1.0 0.5376344086021505 0.5376344086021505 0.5376344086021505 1.0
4 0.090496 -10 0.5319148936170213 1.0 0.5319148936170213 0.5319148936170213 0.5319148936170213 1.0
4 0.064 -10 0.5617977528089888 1.0 0.5617977528089888 0.5617977528089888 0.5617977528089888 1.0
4 0.045249 -10 0.5263157894736842 1.0 0.5263157894736842 0.5263157894736842 0.5263157894736842 1.0
4 0.032 -10 0.45871559633027525 1.0 0.45871559633027525 0.45871559633027525 0.45871559633027525 1.0
4 0.022624 -10 0.5050505050505051 1.0 0.5050505050505051 0.5050505050505051 0.5050505050505051 1.0
4 0.016 -10 0.4 1.0 0.4 0.4 0.4 1.0
4 0.011312 -10 0.38461538461538464 0.8769230769230769 0.38461538461538464 0.38461538461538464 0.38461538461538464 0.8769230769230769
4 0.008 -10 0.2145922746781116 0.6566523605150214 0.2145922746781116 0.2145922746781116 0.2145922746781116 0.648068669527897
4 0.005656 -10 0.117096018735363 0.3700234192037471 0.117096018735363 0.117096018735363 0.117096018735363 0.351288056206089
4 0.004 -10 0.05296610169491525 0.22139830508474576 0.05296610169491525 0.05296610169491525 0.05296610169491525 0.2076271186440678
4 0.002828 -10 0.029359953024075163 0.10452143276570758 0.029359953024075163 0.029359953024075163 0.029359953024075163 0.09630064591896653
4 0.002 -10 0.012980269989615784 0.05893042575285566 0.012980269989615784 0.012980269989615784 0.012980269989615784 0.05192107995846314
4 0.001414 -10 0.007431629013079667 0.029429250891795482 0.007431629013079667 0.007431629013079667 0.007431629013079667 0.026307966706302022
4 0.001 -10 0.004935834155972359 0.013919052319842053 0.004935834155972359 0.004935834155972359 0.004935834155972359 0.010069101678183614
