2 0.181 -10 0.5208333333333334 1.0 0.5208333333333334 0.5208333333333334 0.5208333333333334 1.0
2 0.128 -10 0.4098360655737705 1.0 0.4098360655737705 0.4098360655737705 0.4098360655737705 1.0
2 0.090496 -10 0.49019607843137253 1.0 0.49019607843137253 0.49019607843137253 0.49019607843137253 1.0
2 0.064 -10 0.4166666666666667 1.0 0.4166666666666667 0.4166666666666667 0.4166666666666667 1.0
2 0.045249 -10 0.43103448275862066 1.0 0.43103448275862066 0.43103448275862066 0.43103448275862066 1.0
2 0.032 -10 0.4166666666666667 0.9833333333333333 0.4166666666666667 0.4166666666666667 0.4166666666666667 0.9833333333333333
2 0.022624 -10 0.36764705882352944 0.9485294117647058 0.36764705882352944 0.36764705882352944 0.36764705882352944 0.9485294117647058
2 0.016 -10 0.2808988764044944 0.7584269662921348 0.2808988764044944 0.2808988764044944 0.2808988764044944 0.7359550561797753
2 0.011312 -10 0.1404494382022472 0.5224719101123596 0.1404494382022472 0.1404494382022472 0.1404494382022472 0.49157303370786515
2 0.008 -10 0.08077544426494346 0.36995153473344106 0.08077544426494346 0.08077544426494346 0.08077544426494346 0.3441033925686591
2 0.005656 -10 0.061274509803921566 0.17769607843137256 0.061274509803921566 0.061274509803921566 0.061274509803921566 0.1556372549019608
2 0.004 -10 0.03184713375796178 0.10573248407643313 0.03184713375796178 0.03184713375796178 0.03184713375796178 0.09235668789808917
2 0.002828 -10 0.015024038461538462 0.05228365384615385 0.015024038461538462 0.015024038461538462 0.015024038461538462 0.04146634615384615
2 0.002 -10 0.009714396735962697 0.029726054012045852 0.009714396735962697 0.009714396735962697 0.009714396735962697 0.021565960753837186
2 0.001414 -10 0.009139097057210747 0.020471577408152076 0.009139097057210747 0.009139097057210747 0.009139097057210747 0.012429171997806616
2 0.001 -10 0.004042037186742118 0.010024252223120454 0.004042037186742118 0.004042037186742118 0.004042037186742118 0.006709781729991916
