4 0.181 -10 0.5 1.0 0.5 0.5 0.5 1.0
4 0.128 -10 0.5263157894736842 1.0 0.5263157894736842 0.5263157894736842 0.5263157894736842 1.0
4 0.090496 -10 0.5494505494505495 1.0 0.5494505494505495 0.5494505494505495 0.5494505494505495 1.0
4 0.064 -10 0.6024096385542169 1.0 0.6024096385542169 0.6024096385542169 0.6024096385542169 1.0
4 0.045249 -10 0.45871559633027525 1.0 0.45871559633027525 0.45871559633027525 0.45871559633027525 1.0
4 0.032 -10 0.4 1.0 0.4 0.4 0.4 1.0
4 0.022624 -10 0.45045045045045046 1.0 0.45045045045045046 0.45045045045045046 0.45045045045045046 1.0
4 0.016 -10 0.38461538461538464 0.9 0.38461538461538464 0.38461538461538464 0.38461538461538464 0.9
4 0.011312 -10 0.24390243902439024 0.7365853658536585 0.24390243902439024 0.24390243902439024 0.24390243902439024 0.7121951219512195
4 0.008 -10 0.16286644951140064 0.4364820846905538 0.16286644951140064 0.16286644951140064 0.16286644951140064 0.4201954397394137
4 0.005656 -10 0.09157509157509157 0.30036630036630035 0.09157509157509157 0.09157509157509157 0.09157509157509157 0.2838827838827839
4 0.004 -10 0.05393743257820928 0.1790722761596548 0.05393743257820928 0.05393743257820928 0.05393743257820928 0.1704422869471413
4 0.002828 -10 0.01845018450184502 0.07084870848708487 0.01845018450184502 0.01845018450184502 0.01845018450184502 0.06420664206642067
4 0.002 -10 0.01127141568981064 0.047790802524797116 0.01127141568981064 0.01127141568981064 0.01127141568981064 0.043056807935076644
4 0.001414 -10 0.006207324643078833 0.02197392923649907 0.006207324643078833 0.006207324643078833 0.006207324643078833 0.0186219739292365
4 0.001 -10 0.0030765444253015015 0.010521781934531134 0.0030765444253015015 0.0030765444253015015 0.0030765444253015015 0.008860447944868325
