3 0.181 -10 0.8 1.0 0.8 0.8 0.8 1.0
3 0.128 -10 0.746268656716418 1.0 0.746268656716418 0.746268656716418 0.746268656716418 1.0
3 0.090496 -10 0.8 1.0 0.8 0.8 0.8 1.0
3 0.064 -10 0.7518796992481203 1.0 0.7518796992481203 0.7518796992481203 0.7518796992481203 1.0
3 0.045249 -10 0.7194244604316546 1.0 0.7194244604316546 0.7194244604316546 0.7194244604316546 1.0
3 0.032 -10 0.7021276595744681 1.0 0.7021276595744681 0.7021276595744681 0.7021276595744681 1.0
3 0.022624 -10 0.5238095238095238 0.8994708994708994 0.5238095238095238 0.5238095238095238 0.5238095238095238 0.8941798941798942
3 0.016 -10 0.4541284403669725 0.7889908256880734 0.4541284403669725 0.4541284403669725 0.4541284403669725 0.7798165137614679
3 0.011312 -10 0.2934131736526946 0.6137724550898204 0.2934131736526946 0.2934131736526946 0.2934131736526946 0.5838323353293413
3 0.008 -10 0.23222748815165878 0.45734597156398105 0.23222748815165878 0.23222748815165878 0.23222748815165878 0.43364928909952605
3 0.005656 -10 0.11793020457280386 0.2611311672683514 0.11793020457280386 0.11793020457280386 0.11793020457280386 0.2322503008423586
3 0.004 -10 0.07591014717273431 0.15801704105344694 0.07591014717273431 0.07591014717273431 0.07591014717273431 0.1409759876065066
3 0.002828 -10 0.04049586776859504 0.08099173553719008 0.04049586776859504 0.04049586776859504 0.04049586776859504 0.07024793388429752
3 0.002 -10 0.024974515800203875 0.04994903160040775 0.024974515800203875 0.024974515800203875 0.024974515800203875 0.03797145769622834
3 0.001414 -10 0.021467688937568456 0.03636363636363636 0.021467688937568456 0.021467688937568456 0.021467688937568456 0.021248630887185104
3 0.001 -10 0.014948139109212935 0.022269676632092738 0.014948139109212935 0.014948139109212935 0.014948139109212935 0.010829774252593044
