4 0.181 -10 0.704225352112676 1.0 0.704225352112676 0.704225352112676 0.704225352112676 1.0
4 0.128 -10 0.819672131147541 1.0 0.819672131147541 0.819672131147541 0.819672131147541 1.0
4 0.090496 -10 0.8333333333333334 1.0 0.8333333333333334 0.8333333333333334 0.8333333333333334 1.0
4 0.064 -10 0.7575757575757576 1.0 0.7575757575757576 0.7575757575757576 0.7575757575757576 1.0
4 0.045249 -10 0.78125 1.0 0.78125 0.78125 0.78125 1.0
4 0.032 -10 0.7692307692307693 1.0 0.7692307692307693 0.7692307692307693 0.7692307692307693 1.0
4 0.022624 -10 0.8064516129032258 1.0 0.8064516129032258 0.8064516129032258 0.8064516129032258 1.0
4 0.016 -10 0.6024096385542169 0.9879518072289156 0.6024096385542169 0.6024096385542169 0.6024096385542169 0.9879518072289156
4 0.011312 -10 0.45045045045045046 0.8378378378378378 0.45045045045045046 0.45045045045045046 0.45045045045045046 0.8198198198198198
4 0.008 -10 0.2604166666666667 0.6197916666666666 0.2604166666666667 0.2604166666666667 0.2604166666666667 0.5989583333333334
4 0.005656 -10 0.13736263736263737 0.3543956043956044 0.13736263736263737 0.13736263736263737 0.13736263736263737 0.3269230769230769
4 0.004 -10 0.07407407407407407 0.19407407407407407 0.07407407407407407 0.07407407407407407 0.07407407407407407 0.17037037037037037
4 0.002828 -10 0.03306878306878307 0.10383597883597884 0.03306878306878307 0.03306878306878307 0.03306878306878307 0.09126984126984126
4 0.002 -10 0.014257199885942401 0.05474764756201882 0.014257199885942401 0.014257199885942401 0.014257199885942401 0.04818933561448532
4 0.001414 -10 0.01080613788631943 0.03068943159714718 0.01080613788631943 0.01080613788631943 0.01080613788631943 0.02615085368489302
4 0.001 -10 0.003503608716978488 0.013313713124518253 0.003503608716978488 0.003503608716978488 0.003503608716978488 0.01149183659168944
