4 0.181 -10 0.5813953488372093 1.0 0.5813953488372093 0.5813953488372093 0.5813953488372093 1.0
4 0.128 -10 0.5882352941176471 1.0 0.5882352941176471 0.5882352941176471 0.5882352941176471 1.0
4 0.090496 -10 0.46296296296296297 1.0 0.46296296296296297 0.46296296296296297 0.46296296296296297 1.0
4 0.064 -10 0.5102040816326531 1.0 0.5102040816326531 0.5102040816326531 0.5102040816326531 1.0
4 0.045249 -10 0.5050505050505051 1.0 0.5050505050505051 0.5050505050505051 0.5050505050505051 1.0
4 0.032 -10 0.5 1.0 0.5 0.5 0.5 1.0
4 0.022624 -10 0.5681818181818182 1.0 0.5681818181818182 0.5681818181818182 0.5681818181818182 1.0
4 0.016 -10 0.4098360655737705 0.9754098360655737 0.4098360655737705 0.4098360655737705 0.4098360655737705 0.9754098360655737
4 0.011312 -10 0.22935779816513763 0.8532110091743119 0.22935779816513763 0.22935779816513763 0.22935779816513763 0.8532110091743119
4 0.008 -10 0.13850415512465375 0.6232686980609419 0.13850415512465375 0.13850415512465375 0.13850415512465375 0.6204986149584487
4 0.005656 -10 0.05197505197505198 0.32224532224532226 0.05197505197505198 0.05197505197505198 0.05197505197505198 0.3180873180873181
4 0.004 -10 0.018261504747991233 0.18188458728999268 0.018261504747991233 0.018261504747991233 0.018261504747991233 0.1804236669101534
4 0.002828 -10 0.008014104824491105 0.08382753646417695 0.008014104824491105 0.008014104824491105 0.008014104824491105 0.0820644334027889
4 0.002 -10 0.0028323797654789553 0.03835042202458506 0.0028323797654789553 0.0028323797654789553 0.0028323797654789553 0.037953888857418
4 0.001414 -10 0.0011740672036067345 0.019747810364665275 0.0011740672036067345 0.0011740672036067345 0.0011740672036067345 0.019466034235799658
4 0.001 -10 0.00043662021027629326 0.00836564322889378 0.00043662021027629326 0.00043662021027629326 0.00043662021027629326 0.008287051591044045
