2 0.181 -10 0.5102040816326531 1.0 0.5102040816326531 0.5102040816326531 0.5102040816326531 1.0
2 0.128 -10 0.6097560975609756 1.0 0.6097560975609756 0.6097560975609756 0.6097560975609756 1.0
2 0.090496 -10 0.684931506849315 1.0 0.684931506849315 0.684931506849315 0.684931506849315 1.0
2 0.064 -10 0.42016806722689076 1.0 0.42016806722689076 0.42016806722689076 0.42016806722689076 1.0
2 0.045249 -10 0.4672897196261682 1.0 0.4672897196261682 0.4672897196261682 0.4672897196261682 1.0
2 0.032 -10 0.4166666666666667 0.9916666666666667 0.4166666666666667 0.4166666666666667 0.4166666666666667 0.9833333333333333
2 0.022624 -10 0.46296296296296297 0.9166666666666666 0.46296296296296297 0.46296296296296297 0.46296296296296297 0.8888888888888888
2 0.016 -10 0.3246753246753247 0.8051948051948052 0.3246753246753247 0.3246753246753247 0.3246753246753247 0.7727272727272727
2 0.011312 -10 0.23255813953488372 0.5720930232558139 0.23255813953488372 0.23255813953488372 0.23255813953488372 0.5302325581395348
2 0.008 -10 0.13262599469496023 0.33156498673740054 0.13262599469496023 0.13262599469496023 0.13262599469496023 0.26790450928381965
2 0.005656 -10 0.11337868480725624 0.25170068027210885 0.11337868480725624 0.11337868480725624 0.11337868480725624 0.17687074829931973
2 0.004 -10 0.08169934640522876 0.14705882352941177 0.08169934640522876 0.08169934640522876 0.08169934640522876 0.0784313725490196
2 0.002828 -10 0.06954102920723226 0.1043115438108484 0.06954102920723226 0.06954102920723226 0.06954102920723226 0.048678720445062586
2 0.002 -10 0.05065856129685917 0.0729483282674772 0.05065856129685917 0.05065856129685917 0.05065856129685917 0.0243161094224924
2 0.001414 -10 0.029726516052318668 0.04102259215219976 0.029726516052318668 0.029726516052318668 0.029726516052318668 0.013079667063020214
2 0.001 -10 0.023674242424242424 0.02793560606060606 0.023674242424242424 0.023674242424242424 0.023674242424242424 0.005681818181818182
