38 0.001 8 1.1173053277028593e-06 1.597746618615089e-06 1.1173053277028593e-06 1.1173053277028593e-06 1.1173053277028593e-06 38.0
38 0.006 8 8.364288169801741e-05 0.00017899576683375726 8.364288169801741e-05 8.364288169801741e-05 8.364288169801741e-05 38.0
38 0.01 8 0.00040071166391511325 0.001057878792735899 0.00040071166391511325 0.00040071166391511325 0.00040071166391511325 38.0
38 0.02 8 0.006046680372475511 0.012758495585923329 0.006046680372475511 0.006046680372475511 0.006046680372475511 38.0
38 0.03 8 0.018031013342949875 0.03948791922106022 0.018031013342949875 0.018031013342949875 0.018031013342949875 38.0
38 0.04 8 0.0449842555105713 0.08951866846603689 0.0449842555105713 0.0449842555105713 0.0449842555105713 38.0
38 0.05 8 0.08298755186721991 0.16597510373443983 0.08298755186721991 0.08298755186721991 0.08298755186721991 38.0
38 0.06 8 0.11467889908256881 0.2545871559633027 0.11467889908256881 0.11467889908256881 0.11467889908256881 38.0
38 0.07 8 0.18484288354898337 0.3345656192236599 0.18484288354898337 0.18484288354898337 0.18484288354898337 38.0
38 0.08 8 0.24752475247524752 0.44801980198019803 0.24752475247524752 0.24752475247524752 0.24752475247524752 38.0
38 0.09 8 0.32051282051282054 0.5544871794871795 0.32051282051282054 0.32051282051282054 0.32051282051282054 38.0
38 0.1 8 0.37037037037037035 0.6666666666666666 0.37037037037037035 0.37037037037037035 0.37037037037037035 38.0
38 0.11 8 0.37735849056603776 0.7056603773584905 0.37735849056603776 0.37735849056603776 0.37735849056603776 38.0
38 0.12 8 0.4975124378109453 0.7064676616915423 0.4975124378109453 0.4975124378109453 0.4975124378109453 38.0
