38 0.001 6 1.0480197646634309e-07 1.0270593693701623e-06 1.0480197646634309e-07 1.0480197646634309e-07 1.0480197646634309e-07 38.0
38 0.006 6 4.90255918492012e-05 0.0002485597506754501 4.90255918492012e-05 4.90255918492012e-05 4.90255918492012e-05 38.0
38 0.01 6 0.00028067339160112945 0.001277063931785139 0.00028067339160112945 0.00028067339160112945 0.00028067339160112945 38.0
38 0.02 6 0.0024706609017912293 0.010969734403953057 0.0024706609017912293 0.0024706609017912293 0.0024706609017912293 38.0
38 0.03 6 0.010615711252653927 0.031422505307855626 0.010615711252653927 0.010615711252653927 0.010615711252653927 38.0
38 0.04 6 0.026680896478121666 0.06910352187833511 0.026680896478121666 0.026680896478121666 0.026680896478121666 38.0
38 0.05 6 0.05605381165919283 0.1384529147982063 0.05605381165919283 0.05605381165919283 0.05605381165919283 38.0
38 0.06 6 0.0880281690140845 0.2051056338028169 0.0880281690140845 0.0880281690140845 0.0880281690140845 38.0
38 0.07 6 0.13386880856760375 0.2958500669344043 0.13386880856760375 0.13386880856760375 0.13386880856760375 38.0
38 0.08 6 0.18248175182481752 0.395985401459854 0.18248175182481752 0.18248175182481752 0.18248175182481752 38.0
38 0.09 6 0.24875621890547264 0.49502487562189057 0.24875621890547264 0.24875621890547264 0.24875621890547264 38.0
38 0.1 6 0.28328611898017 0.5694050991501416 0.28328611898017 0.28328611898017 0.28328611898017 38.0
38 0.11 6 0.33783783783783783 0.6486486486486487 0.33783783783783783 0.33783783783783783 0.33783783783783783 38.0
38 0.12 6 0.43103448275862066 0.7198275862068966 0.43103448275862066 0.43103448275862066 0.43103448275862066 38.0
