22 0.001 6 9.578865742368704e-07 2.712734778238817e-05 9.578865742368704e-07 9.578865742368704e-07 9.578865742368704e-07 22.0
22 0.006 6 0.00024225686495391063 0.0013857092675363689 0.00024225686495391063 0.00024225686495391063 0.00024225686495391063 22.0
22 0.01 6 0.0008670545290593325 0.0037283344749551297 0.0008670545290593325 0.0008670545290593325 0.0008670545290593325 22.0
22 0.02 6 0.006248437890527368 0.01849537615596101 0.006248437890527368 0.006248437890527368 0.006248437890527368 22.0
22 0.03 6 0.014916467780429593 0.038484486873508354 0.014916467780429593 0.014916467780429593 0.014916467780429593 22.0
22 0.04 6 0.03611412062116288 0.0780065005417118 0.03611412062116288 0.03611412062116288 0.03611412062116288 22.0
22 0.05 6 0.06341154090044387 0.13633481293595434 0.06341154090044387 0.06341154090044387 0.06341154090044387 22.0
22 0.06 6 0.1049317943336831 0.1731374606505771 0.1049317943336831 0.1049317943336831 0.1049317943336831 22.0
22 0.07 6 0.13831258644536654 0.23651452282157676 0.13831258644536654 0.13831258644536654 0.13831258644536654 22.0
22 0.08 6 0.19607843137254902 0.3196078431372549 0.19607843137254902 0.19607843137254902 0.19607843137254902 22.0
22 0.09 6 0.2109704641350211 0.3670886075949367 0.2109704641350211 0.2109704641350211 0.2109704641350211 22.0
22 0.1 6 0.22075055187637968 0.4260485651214128 0.22075055187637968 0.22075055187637968 0.22075055187637968 22.0
22 0.11 6 0.30864197530864196 0.5 0.30864197530864196 0.30864197530864196 0.30864197530864196 22.0
22 0.12 6 0.34843205574912894 0.6062717770034843 0.34843205574912894 0.34843205574912894 0.34843205574912894 22.0
