74 0.006 6 3.006741836816183e-06 7.47476020632503e-05 3.006741836816183e-06 3.006741836816183e-06 3.006741836816183e-06 74.0
74 0.01 6 2.594295507380641e-05 0.00041197412657204577 2.594295507380641e-05 2.594295507380641e-05 2.594295507380641e-05 74.0
74 0.02 6 0.0007270665047731916 0.004449647009211933 0.0007270665047731916 0.0007270665047731916 0.0007270665047731916 74.0
74 0.03 6 0.0035002975252896498 0.017536490601701146 0.0035002975252896498 0.0035002975252896498 0.0035002975252896498 74.0
74 0.04 6 0.01150483202945237 0.04993097100782329 0.01150483202945237 0.01150483202945237 0.01150483202945237 74.0
74 0.05 6 0.033200531208499334 0.10391766268260293 0.033200531208499334 0.033200531208499334 0.033200531208499334 74.0
74 0.06 6 0.06281407035175879 0.1865577889447236 0.06281407035175879 0.06281407035175879 0.06281407035175879 74.0
74 0.07 6 0.10834236186348863 0.28494041170097506 0.10834236186348863 0.10834236186348863 0.10834236186348863 74.0
74 0.08 6 0.16863406408094436 0.40978077571669475 0.16863406408094436 0.16863406408094436 0.16863406408094436 74.0
74 0.09 6 0.25773195876288657 0.5592783505154639 0.25773195876288657 0.25773195876288657 0.25773195876288657 74.0
74 0.1 6 0.27100271002710025 0.6070460704607046 0.27100271002710025 0.27100271002710025 0.27100271002710025 74.0
74 0.11 6 0.4132231404958678 0.7603305785123967 0.4132231404958678 0.4132231404958678 0.4132231404958678 74.0
74 0.12 6 0.390625 0.7578125 0.390625 0.390625 0.390625 74.0
