74 0.006 8 8.607730123834421e-07 1.9367392778627447e-06 8.607730123834421e-07 8.607730123834421e-07 8.607730123834421e-07 74.0
74 0.01 8 1.2900685619837952e-05 2.6188391808271043e-05 1.2900685619837952e-05 1.2900685619837952e-05 1.2900685619837952e-05 74.0
74 0.02 8 0.0006188769858215282 0.0011944325826355494 0.0006188769858215282 0.0006188769858215282 0.0006188769858215282 74.0
74 0.03 8 0.005279831045406547 0.009978880675818374 0.005279831045406547 0.005279831045406547 0.005279831045406547 74.0
74 0.04 8 0.02152389151958674 0.041325871717606544 0.02152389151958674 0.02152389151958674 0.02152389151958674 74.0
74 0.05 8 0.05288207297726071 0.09307244843997885 0.05288207297726071 0.05288207297726071 0.05288207297726071 74.0
74 0.06 8 0.12165450121654502 0.19829683698296838 0.12165450121654502 0.12165450121654502 0.12165450121654502 74.0
74 0.07 8 0.1834862385321101 0.3100917431192661 0.1834862385321101 0.1834862385321101 0.1834862385321101 74.0
74 0.08 8 0.2506265664160401 0.42857142857142855 0.2506265664160401 0.2506265664160401 0.2506265664160401 74.0
74 0.09 8 0.3508771929824561 0.5298245614035088 0.3508771929824561 0.3508771929824561 0.3508771929824561 74.0
74 0.1 8 0.3831417624521073 0.6513409961685823 0.3831417624521073 0.3831417624521073 0.3831417624521073 74.0
74 0.11 8 0.5208333333333334 0.8072916666666666 0.5208333333333334 0.5208333333333334 0.5208333333333334 74.0
74 0.12 8 0.4975124378109453 0.8756218905472637 0.4975124378109453 0.4975124378109453 0.4975124378109453 74.0
