22 0.001 8 8.304347010094598e-06 2.58265192013942e-05 8.304347010094598e-06 8.304347010094598e-06 8.304347010094598e-06 22.0
22 0.006 8 0.0008144648965629581 0.0016696530379540643 0.0008144648965629581 0.0008144648965629581 0.0008144648965629581 22.0
22 0.01 8 0.002176089132610872 0.005309657483570527 0.002176089132610872 0.002176089132610872 0.002176089132610872 22.0
22 0.02 8 0.015149219815179518 0.027571580063626724 0.015149219815179518 0.015149219815179518 0.015149219815179518 22.0
22 0.03 8 0.041390728476821195 0.07367549668874172 0.041390728476821195 0.041390728476821195 0.041390728476821195 22.0
22 0.04 8 0.05109862033725089 0.11905978538579458 0.05109862033725089 0.05109862033725089 0.05109862033725089 22.0
22 0.05 8 0.09380863039399624 0.1951219512195122 0.09380863039399624 0.09380863039399624 0.09380863039399624 22.0
22 0.06 8 0.12330456226880394 0.26633785450061653 0.12330456226880394 0.12330456226880394 0.12330456226880394 22.0
22 0.07 8 0.19193857965451055 0.3877159309021113 0.19193857965451055 0.19193857965451055 0.19193857965451055 22.0
22 0.08 8 0.2012072434607646 0.47484909456740443 0.2012072434607646 0.2012072434607646 0.2012072434607646 22.0
22 0.09 8 0.29411764705882354 0.5970588235294118 0.29411764705882354 0.29411764705882354 0.29411764705882354 22.0
22 0.1 8 0.2808988764044944 0.6544943820224719 0.2808988764044944 0.2808988764044944 0.2808988764044944 22.0
22 0.11 8 0.3831417624521073 0.7279693486590039 0.3831417624521073 0.3831417624521073 0.3831417624521073 22.0
22 0.12 8 0.4329004329004329 0.7619047619047619 0.4329004329004329 0.4329004329004329 0.4329004329004329 22.0
