9 0.181 0.003403557274869816 0.7422222222222222 2.526195844014486
9 0.128 0.0011083415449616419 0.7624324324324324 0.8450355400910249
9 0.090496 0.00038062028592182514 0.7522147651006711 0.286308198967236
9 0.064 0.00018425907199838917 0.7513255033557047 0.13843854001704478
9 0.045249 0.0001247099016590836 0.7502976939203354 0.09356955162384226
9 0.032 9.985628321398827e-05 0.7495396392617449 0.07484624249823141
9 0.022624 8.757478591430419e-05 0.745781 0.0653116114139557
9 0.016 7.998379099123587e-05 0.71488 0.057178812503814694
9 0.011312 8.24287119068791e-05 0.605186 0.049884702444076535
9 0.008 0.00010430452465586596 0.417631 0.043560802936553955
9 0.005656 0.00016490987247481514 0.229848 0.03790420436859131
9 0.004 0.00031174352133521275 0.104791 0.03266791534423828
