10 0.181 0.004526858859592014 0.746268656716418 3.3782528802925476
10 0.128 0.0015107445621663558 0.7445945945945946 1.124892234802246
10 0.090496 0.0005034929209343194 0.7525503355704698 0.37890376660647807
10 0.064 0.00024248750388205207 0.750520134228188 0.18199175396221595
10 0.045249 0.00016421770656684762 0.7507337526205451 0.12328377509766905
10 0.032 0.0001353322957126892 0.7494389681208053 0.10142329605233749
10 0.022624 0.00011944260245110372 0.748829 0.08944208455085755
10 0.016 0.0001065516299466158 0.739195 0.07876243209838867
10 0.011312 0.00010158726231216248 0.684049 0.06949066519737243
10 0.008 0.00011257754074822974 0.543758 0.0612149384021759
10 0.005656 0.00015364994958711814 0.348466 0.05354178333282471
10 0.004 0.0002535573219340549 0.181889 0.046119287729263304
