9 0.181 0.8370207277808602 0.7470588235294118 625.3037201657015
9 0.128 0.25672346995460693 0.7495189003436427 192.41909289278115
9 0.090496 0.14870375218723994 0.7497024893746205 111.48357319412047
9 0.064 0.1306090234783207 0.7492902394502309 97.86406647643174
9 0.045249 0.12614892389158044 0.748414 94.41162072539329
9 0.032 0.12480087496619903 0.723213 90.2576151869297
9 0.022624 0.16161747659419928 0.531452 85.8919311709404
9 0.016 0.38963126723245617 0.207426 80.81965523695946
9 0.011312 1.9046304820159685 0.039552 75.33194482469558
9 0.008 17.046925057293507 0.004068 69.34689113306999
9 0.005656 225.7572750219695 0.0002777511961722488 62.704353181939375
9 0.004 4122.595528865192 1.3155485811429319e-05 54.234746986247984
