10 0.181 0.12929531389517254 0.7445098039215686 96.26162879607257
10 0.128 0.03607746506018262 0.7465292096219931 26.932881476543205
10 0.090496 0.018543388833387294 0.7502489374620522 13.9121577691945
10 0.064 0.015810349819902467 0.7502437453022657 11.861616063422629
10 0.045249 0.015512780707807487 0.750093 11.63602821946144
10 0.032 0.015140960604474722 0.749402 11.346666158914566
10 0.022624 0.015098218539851093 0.727223 10.97977178120613
10 0.016 0.018522417717387923 0.56948 10.548146441698075
10 0.011312 0.03686468057494084 0.271637 10.013811237335204
10 0.008 0.1281375573075451 0.073161 9.374671830177308
10 0.005656 0.706419435257907 0.012188 8.609840076923371
10 0.004 5.602683484673899 0.0013590909090909092 7.6145561905340715
