3 0.181 -10 0.4854368932038835 0.883495145631068 0.4854368932038835 0.4854368932038835 0.4854368932038835 0.8543689320388349
3 0.128 -10 0.3448275862068966 0.6551724137931034 0.3448275862068966 0.3448275862068966 0.3448275862068966 0.6206896551724138
3 0.090496 -10 0.2358490566037736 0.24056603773584906 0.2358490566037736 0.2358490566037736 0.2358490566037736 0.08962264150943396
3 0.064 -10 0.13774104683195593 0.13774104683195593 0.13774104683195593 0.13774104683195593 0.13774104683195593 0.05785123966942149
3 0.045249 -10 0.05458515283842795 0.05458515283842795 0.05458515283842795 0.05458515283842795 0.05458515283842795 0.024017467248908297
3 0.032 -10 0.04299226139294927 0.04299226139294927 0.04299226139294927 0.04299226139294927 0.04299226139294927 0.018056749785038694
3 0.022624 -10 0.021901007446342532 0.021901007446342532 0.021901007446342532 0.021901007446342532 0.021901007446342532 0.00788436268068331
3 0.016 -10 0.008781173164734809 0.008956796628029505 0.008781173164734809 0.008781173164734809 0.008781173164734809 0.0014049877063575693
3 0.011312 -10 0.006269592476489028 0.0063949843260188086 0.006269592476489028 0.006269592476489028 0.006269592476489028 0.0018808777429467085
3 0.008 -10 0.0022951572182694515 0.0024328666513656187 0.0022951572182694515 0.0022951572182694515 0.0022951572182694515 0.0009180628873077806
3 0.005656 -10 0.0014037451921727168 0.0014318200960161712 0.0014037451921727168 0.0014037451921727168 0.0014037451921727168 0.0004772733653387237
3 0.004 -10 0.000643732619219281 0.0006566072716036667 0.000643732619219281 0.000643732619219281 0.000643732619219281 0.00023174374291894118
3 0.002828 -10 0.0003159996966402912 0.0003349596784387087 0.0003159996966402912 0.0003159996966402912 0.0003159996966402912 7.58399271936699e-05
3 0.002 -10 0.00013565318364456696 0.00014650543833613232 0.00013565318364456696 0.00013565318364456696 0.00013565318364456696 2.984370040180473e-05
3 0.001414 -10 0.00011062509817977463 0.00011505010210696561 0.00011062509817977463 0.00011062509817977463 0.00011062509817977463 1.770001570876394e-05
3 0.001 -10 4.836099743589992e-05 4.836099743589992e-05 4.836099743589992e-05 4.836099743589992e-05 4.836099743589992e-05 4.836099743589991e-06
