5 0.181 -10 0.8620689655172413 0.9137931034482759 0.8620689655172413 0.8620689655172413 0.8620689655172413 0.7931034482758621
5 0.128 -10 0.8064516129032258 0.8870967741935484 0.8064516129032258 0.8064516129032258 0.8064516129032258 0.7419354838709677
5 0.090496 -10 0.7142857142857143 0.7571428571428571 0.7142857142857143 0.7142857142857143 0.7142857142857143 0.4857142857142857
5 0.064 -10 0.5376344086021505 0.6881720430107527 0.5376344086021505 0.5376344086021505 0.5376344086021505 0.5591397849462365
5 0.045249 -10 0.37593984962406013 0.47368421052631576 0.37593984962406013 0.37593984962406013 0.37593984962406013 0.3684210526315789
5 0.032 -10 0.33783783783783783 0.4594594594594595 0.33783783783783783 0.33783783783783783 0.33783783783783783 0.3310810810810811
5 0.022624 -10 0.1968503937007874 0.2559055118110236 0.1968503937007874 0.1968503937007874 0.1968503937007874 0.1220472440944882
5 0.016 -10 0.13774104683195593 0.1763085399449036 0.13774104683195593 0.13774104683195593 0.13774104683195593 0.06887052341597796
5 0.011312 -10 0.0970873786407767 0.13398058252427184 0.0970873786407767 0.0970873786407767 0.0970873786407767 0.06796116504854369
5 0.008 -10 0.06944444444444445 0.09861111111111111 0.06944444444444445 0.06944444444444445 0.06944444444444445 0.04861111111111111
5 0.005656 -10 0.04528985507246377 0.058876811594202896 0.04528985507246377 0.04528985507246377 0.04528985507246377 0.01358695652173913
5 0.004 -10 0.03094059405940594 0.04084158415841584 0.03094059405940594 0.03094059405940594 0.03094059405940594 0.01051980198019802
5 0.002828 -10 0.02927400468384075 0.03454332552693208 0.02927400468384075 0.02927400468384075 0.02927400468384075 0.006440281030444965
5 0.002 -10 0.017844396859386154 0.022840827980014276 0.017844396859386154 0.017844396859386154 0.017844396859386154 0.004996431120628123
5 0.001414 -10 0.013455328310010764 0.017491926803013993 0.013455328310010764 0.013455328310010764 0.013455328310010764 0.004036598493003229
5 0.001 -10 0.007194244604316547 0.00920863309352518 0.007194244604316547 0.007194244604316547 0.007194244604316547 0.002014388489208633
