6 0.181 -10 0.6329113924050633 0.9493670886075949 0.6329113924050633 0.6329113924050633 0.6329113924050633 0.9493670886075949
6 0.128 -10 0.4716981132075472 0.8584905660377359 0.4716981132075472 0.4716981132075472 0.4716981132075472 0.8490566037735849
6 0.090496 -10 0.23696682464454977 0.5734597156398105 0.23696682464454977 0.23696682464454977 0.23696682464454977 0.5687203791469194
6 0.064 -10 0.14204545454545456 0.3096590909090909 0.14204545454545456 0.14204545454545456 0.14204545454545456 0.3039772727272727
6 0.045249 -10 0.06983240223463687 0.15083798882681565 0.06983240223463687 0.06983240223463687 0.06983240223463687 0.14804469273743018
6 0.032 -10 0.04068348250610252 0.06346623270951994 0.04068348250610252 0.04068348250610252 0.04068348250610252 0.06346623270951994
6 0.022624 -10 0.02254283137962128 0.03381424706943192 0.02254283137962128 0.02254283137962128 0.02254283137962128 0.032912533814247066
6 0.016 -10 0.010824853864472829 0.01710326910586707 0.010824853864472829 0.010824853864472829 0.010824853864472829 0.016670274951288158
6 0.011312 -10 0.0042098172939294435 0.008672223625494654 0.0042098172939294435 0.0042098172939294435 0.0042098172939294435 0.008672223625494654
6 0.008 -10 0.0020747748869247686 0.0034856218100336113 0.0020747748869247686 0.0020747748869247686 0.0020747748869247686 0.0034026308145566207
6 0.005656 -10 0.000839433214693439 0.0013598818078033711 0.000839433214693439 0.000839433214693439 0.000839433214693439 0.0013598818078033711
6 0.004 -10 0.0003892898574420542 0.0006540069605026511 0.0003892898574420542 0.0003892898574420542 0.0003892898574420542 0.0006384353662049689
6 0.002828 -10 0.0001960292318790578 0.00032540852491923597 0.0001960292318790578 0.0001960292318790578 0.0001960292318790578 0.00031756735564407364
6 0.002 -10 7.743426218311965e-05 0.00011615139327467946 7.743426218311965e-05 7.743426218311965e-05 7.743426218311965e-05 0.00010995665230002988
6 0.001414 -10 3.3934908772784744e-05 5.0902363159177116e-05 3.3934908772784744e-05 3.3934908772784744e-05 3.3934908772784744e-05 5.0902363159177116e-05
6 0.001 -10 1.4465738332731076e-05 2.5459699465606693e-05 1.4465738332731076e-05 1.4465738332731076e-05 1.4465738332731076e-05 2.5459699465606693e-05
