3 0.181 -10 0.7727272727272727 1.0 0.7727272727272727 0.7727272727272727 0.7727272727272727 1.0
3 0.128 -10 0.7352941176470589 0.9852941176470589 0.7352941176470589 0.7352941176470589 0.7352941176470589 0.9705882352941176
3 0.090496 -10 0.5263157894736842 0.8526315789473684 0.5263157894736842 0.5263157894736842 0.5263157894736842 0.8
3 0.064 -10 0.32894736842105265 0.625 0.32894736842105265 0.32894736842105265 0.32894736842105265 0.4868421052631579
3 0.045249 -10 0.2109704641350211 0.42616033755274263 0.2109704641350211 0.2109704641350211 0.2109704641350211 0.3459915611814346
3 0.032 -10 0.15384615384615385 0.22153846153846155 0.15384615384615385 0.15384615384615385 0.15384615384615385 0.14153846153846153
3 0.022624 -10 0.053304904051172705 0.08742004264392324 0.053304904051172705 0.053304904051172705 0.053304904051172705 0.05223880597014925
3 0.016 -10 0.04180602006688963 0.06856187290969899 0.04180602006688963 0.04180602006688963 0.04180602006688963 0.034280936454849496
3 0.011312 -10 0.015513496742165685 0.02202916537387527 0.015513496742165685 0.015513496742165685 0.015513496742165685 0.007756748371082842
3 0.008 -10 0.008344459279038718 0.012182910547396529 0.008344459279038718 0.008344459279038718 0.008344459279038718 0.005173564753004005
3 0.005656 -10 0.00436109899694723 0.0055822067160924554 0.00436109899694723 0.00436109899694723 0.00436109899694723 0.0017444395987788923
3 0.004 -10 0.0018338529249954153 0.0026774252704933063 0.0018338529249954153 0.0018338529249954153 0.0018338529249954153 0.0009169264624977076
3 0.002828 -10 0.0007943316493502367 0.0013027039049343882 0.0007943316493502367 0.0007943316493502367 0.0007943316493502367 0.0005560321545451657
3 0.002 -10 0.0004544628249409198 0.0006816942374113798 0.0004544628249409198 0.0004544628249409198 0.0004544628249409198 0.0002908562079621887
3 0.001414 -10 0.00021476463943164687 0.00027489873847250795 0.00021476463943164687 0.00021476463943164687 0.00021476463943164687 7.731527019539288e-05
3 0.001 -10 0.00010090023186873283 0.00012309828287985407 0.00010090023186873283 0.00010090023186873283 0.00010090023186873283 3.027006956061985e-05
3 0.181 -10 0.5747126436781609 0.5977011494252874 0.5747126436781609 0.5747126436781609 0.5747126436781609 0.20689655172413793
3 0.128 -10 0.3333333333333333 0.36 0.3333333333333333 0.3333333333333333 0.3333333333333333 0.1
3 0.090496 -10 0.22624434389140272 0.24434389140271492 0.22624434389140272 0.22624434389140272 0.22624434389140272 0.06787330316742081
3 0.064 -10 0.1440922190201729 0.14697406340057637 0.1440922190201729 0.1440922190201729 0.1440922190201729 0.05763688760806916
3 0.045249 -10 0.07194244604316546 0.07625899280575539 0.07194244604316546 0.07194244604316546 0.07194244604316546 0.02158273381294964
3 0.032 -10 0.033738191632928474 0.03576248313090418 0.033738191632928474 0.033738191632928474 0.033738191632928474 0.010121457489878543
3 0.022624 -10 0.020056157240272765 0.020056157240272765 0.020056157240272765 0.020056157240272765 0.020056157240272765 0.004011231448054553
3 0.016 -10 0.009288500835965075 0.010403120936280884 0.009288500835965075 0.009288500835965075 0.009288500835965075 0.0027865502507895224
3 0.011312 -10 0.004806767929244376 0.005287444722168814 0.004806767929244376 0.004806767929244376 0.004806767929244376 0.0010574889444337628
3 0.008 -10 0.0022496175650139477 0.0023396022676145057 0.0022496175650139477 0.0022496175650139477 0.0022496175650139477 0.0008548546747053001
3 0.005656 -10 0.0013338312970175533 0.0013605079229579043 0.0013338312970175533 0.0013338312970175533 0.0013338312970175533 0.0003467961372245638
3 0.004 -10 0.0007700244867786796 0.0008008254662498267 0.0007700244867786796 0.0007700244867786796 0.0007700244867786796 0.00029260930497589826
3 0.002828 -10 0.00034670216896876905 0.00035363621234814444 0.00034670216896876905 0.00034670216896876905 0.00034670216896876905 0.00010401065069063072
3 0.002 -10 0.00015382864104701926 0.00015998178668890004 0.00015382864104701926 0.00015382864104701926 0.00015382864104701926 3.999544667222501e-05
3 0.001414 -10 8.760663918154374e-05 9.636730309969811e-05 8.760663918154374e-05 8.760663918154374e-05 8.760663918154374e-05 2.8034124538093996e-05
3 0.001 -10 4.1513171714253216e-05 4.400396201710841e-05 4.1513171714253216e-05 4.1513171714253216e-05 4.1513171714253216e-05 9.132897777135708e-06
