7 0.181 -10 0.7692307692307693 1.0 0.7692307692307693 0.7692307692307693 0.7692307692307693 1.0
7 0.128 -10 0.8064516129032258 1.0 0.8064516129032258 0.8064516129032258 0.8064516129032258 1.0
7 0.090496 -10 0.684931506849315 1.0 0.684931506849315 0.684931506849315 0.684931506849315 1.0
7 0.064 -10 0.7692307692307693 1.0 0.7692307692307693 0.7692307692307693 0.7692307692307693 1.0
7 0.045249 -10 0.78125 1.0 0.78125 0.78125 0.78125 1.0
7 0.032 -10 0.7246376811594203 1.0 0.7246376811594203 0.7246376811594203 0.7246376811594203 1.0
7 0.022624 -10 0.7692307692307693 1.0 0.7692307692307693 0.7692307692307693 0.7692307692307693 1.0
7 0.016 -10 0.746268656716418 1.0 0.746268656716418 0.746268656716418 0.746268656716418 1.0
7 0.011312 -10 0.6944444444444444 1.0 0.6944444444444444 0.6944444444444444 0.6944444444444444 1.0
7 0.008 -10 0.5 0.98 0.5 0.5 0.5 0.98
7 0.005656 -10 0.23255813953488372 0.7348837209302326 0.23255813953488372 0.23255813953488372 0.23255813953488372 0.7348837209302326
7 0.004 -10 0.08038585209003216 0.5 0.08038585209003216 0.08038585209003216 0.08038585209003216 0.5
7 0.002828 -10 0.03679175864606328 0.2913907284768212 0.03679175864606328 0.03679175864606328 0.03679175864606328 0.29065489330389993
7 0.002 -10 0.017593244194229415 0.18296973961998592 0.017593244194229415 0.017593244194229415 0.017593244194229415 0.18261787473610133
7 0.001414 -10 0.005095801059926621 0.0993681206685691 0.005095801059926621 0.005095801059926621 0.005095801059926621 0.09896045658377498
7 0.001 -10 0.002962962962962963 0.05594074074074074 0.002962962962962963 0.002962962962962963 0.002962962962962963 0.05570370370370371
