7 0.181 -10 0.746268656716418 1.0 0.746268656716418 0.746268656716418 0.746268656716418 1.0
7 0.128 -10 0.7936507936507936 1.0 0.7936507936507936 0.7936507936507936 0.7936507936507936 1.0
7 0.090496 -10 0.6756756756756757 1.0 0.6756756756756757 0.6756756756756757 0.6756756756756757 1.0
7 0.064 -10 0.4807692307692308 0.9903846153846154 0.4807692307692308 0.4807692307692308 0.4807692307692308 0.9903846153846154
7 0.045249 -10 0.14836795252225518 0.7804154302670623 0.14836795252225518 0.14836795252225518 0.14836795252225518 0.7774480712166172
7 0.032 -10 0.03875968992248062 0.44651162790697674 0.03875968992248062 0.03875968992248062 0.03875968992248062 0.4441860465116279
7 0.022624 -10 0.01150483202945237 0.21813161527841693 0.01150483202945237 0.01150483202945237 0.01150483202945237 0.21744132535664978
7 0.016 -10 0.003588087549336204 0.1004664513814137 0.003588087549336204 0.003588087549336204 0.003588087549336204 0.10010764262648009
7 0.011312 -10 0.0009154994049253868 0.046617229698800694 0.0009154994049253868 0.0009154994049253868 0.0009154994049253868 0.046397509841618605
7 0.008 -10 0.00022292170098174718 0.023112521957787548 0.00022292170098174718 0.00022292170098174718 0.00022292170098174718 0.023054562315532292
7 0.005656 -10 0.00011242523721725053 0.01048702612762513 0.00011242523721725053 0.00011242523721725053 0.00011242523721725053 0.01046004407069299
7 0.004 -10 2.2329293666385167e-05 0.004607873040995244 2.2329293666385167e-05 2.2329293666385167e-05 2.2329293666385167e-05 0.004600281081148672
7 0.002828 -10 8.322354760345311e-06 0.0023099527872814446 8.322354760345311e-06 8.322354760345311e-06 8.322354760345311e-06 0.00230695673956772
7 0.002 -10 2.740681887134883e-06 0.0010924358002119643 2.740681887134883e-06 2.740681887134883e-06 2.740681887134883e-06 0.0010913395274571103
7 0.001414 -10 7.837369688446058e-07 0.0005061530092192233 7.837369688446058e-07 7.837369688446058e-07 7.837369688446058e-07 0.0005058708639104393
7 0.001 -10 2.3460800350470574e-07 0.00021968693448180644 2.3460800350470574e-07 2.3460800350470574e-07 2.3460800350470574e-07 0.00021960716776061486
7 0.181 -10 0.8333333333333334 1.0 0.8333333333333334 0.8333333333333334 0.8333333333333334 1.0
7 0.128 -10 0.6410256410256411 0.7564102564102564 0.6410256410256411 0.6410256410256411 0.6410256410256411 0.7435897435897436
7 0.090496 -10 0.37037037037037035 0.5037037037037037 0.37037037037037035 0.37037037037037035 0.37037037037037035 0.4740740740740741
7 0.064 -10 0.1529051987767584 0.24464831804281345 0.1529051987767584 0.1529051987767584 0.1529051987767584 0.23547400611620795
7 0.045249 -10 0.06784260515603799 0.10040705563093623 0.06784260515603799 0.06784260515603799 0.06784260515603799 0.09226594301221167
7 0.032 -10 0.03146633102580239 0.0434235368156073 0.03146633102580239 0.03146633102580239 0.03146633102580239 0.04153555695405916
7 0.022624 -10 0.01102049812651532 0.01586951730218206 0.01102049812651532 0.01102049812651532 0.01102049812651532 0.014106237601939608
7 0.016 -10 0.002858122784954842 0.004572996455927746 0.002858122784954842 0.002858122784954842 0.002858122784954842 0.004172859266034069
7 0.011312 -10 0.0008955277344939373 0.0017373238049182382 0.0008955277344939373 0.0008955277344939373 0.0008955277344939373 0.0015223971486396934
7 0.008 -10 0.0003576128626194427 0.0005793328374434971 0.0003576128626194427 0.0003576128626194427 0.0003576128626194427 0.0004792012359100532
7 0.005656 -10 0.0001506900095537466 0.00020192461280202044 0.0001506900095537466 0.0001506900095537466 0.0001506900095537466 0.00017480041108234605
7 0.004 -10 4.690783548483939e-05 7.317622335634944e-05 4.690783548483939e-05 4.690783548483939e-05 4.690783548483939e-05 5.910387271089763e-05
7 0.002828 -10 1.7770271615047583e-05 2.843243458407613e-05 1.7770271615047583e-05 1.7770271615047583e-05 1.7770271615047583e-05 2.3101353099561855e-05
7 0.002 -10 4.793498941691304e-06 8.244818179709043e-06 4.793498941691304e-06 4.793498941691304e-06 4.793498941691304e-06 6.806768497201652e-06
7 0.001414 -10 1.7233683579229275e-06 2.688454638359767e-06 1.7233683579229275e-06 1.7233683579229275e-06 1.7233683579229275e-06 1.999107295190596e-06
7 0.001 -10 7.144131349712874e-07 1.0001783889598024e-06 7.144131349712874e-07 7.144131349712874e-07 7.144131349712874e-07 7.144131349712874e-07
