5 0.181 -10 0.8333333333333334 1.0 0.8333333333333334 0.8333333333333334 0.8333333333333334 1.0
5 0.128 -10 0.6666666666666666 1.0 0.6666666666666666 0.6666666666666666 0.6666666666666666 1.0
5 0.090496 -10 0.6493506493506493 0.961038961038961 0.6493506493506493 0.6493506493506493 0.6493506493506493 0.961038961038961
5 0.064 -10 0.34965034965034963 0.8251748251748252 0.34965034965034963 0.34965034965034963 0.34965034965034963 0.8181818181818182
5 0.045249 -10 0.18518518518518517 0.6222222222222222 0.18518518518518517 0.18518518518518517 0.18518518518518517 0.6074074074074074
5 0.032 -10 0.06361323155216285 0.2824427480916031 0.06361323155216285 0.06361323155216285 0.06361323155216285 0.27353689567430023
5 0.022624 -10 0.03654970760233918 0.14912280701754385 0.03654970760233918 0.03654970760233918 0.03654970760233918 0.1425438596491228
5 0.016 -10 0.010897994768962511 0.057759372275501306 0.010897994768962511 0.010897994768962511 0.010897994768962511 0.05448997384481256
5 0.011312 -10 0.0036067229315443986 0.029358724662771406 0.0036067229315443986 0.0036067229315443986 0.0036067229315443986 0.0287816489937243
5 0.008 -10 0.0012624668602449186 0.012801413962883474 0.0012624668602449186 0.0012624668602449186 0.0012624668602449186 0.012271177881580608
5 0.005656 -10 0.0004304630060092636 0.005527144997158944 0.0004304630060092636 0.0004304630060092636 0.0004304630060092636 0.005346350534635054
5 0.004 -10 0.00017659669905450127 0.0024405663809332076 0.00017659669905450127 0.00017659669905450127 0.00017659669905450127 0.002348736097424867
5 0.002828 -10 6.766339356277539e-05 0.0011191525295283049 6.766339356277539e-05 6.766339356277539e-05 6.766339356277539e-05 0.0010785544933906398
5 0.002 -10 3.4778737670937495e-05 0.0005140297427764562 3.4778737670937495e-05 3.4778737670937495e-05 3.4778737670937495e-05 0.0004917713506670562
5 0.001414 -10 1.5038973499824797e-05 0.0002418266938771827 1.5038973499824797e-05 1.5038973499824797e-05 1.5038973499824797e-05 0.00023009629454731937
5 0.001 -10 6.389565685885373e-06 0.00010389433805249616 6.389565685885373e-06 6.389565685885373e-06 6.389565685885373e-06 9.891047681750556e-05
5 0.181 -10 0.819672131147541 0.9508196721311475 0.819672131147541 0.819672131147541 0.819672131147541 0.9180327868852459
5 0.128 -10 0.5263157894736842 0.6526315789473685 0.5263157894736842 0.5263157894736842 0.5263157894736842 0.6
5 0.090496 -10 0.2617801047120419 0.36649214659685864 0.2617801047120419 0.2617801047120419 0.2617801047120419 0.3193717277486911
5 0.064 -10 0.14836795252225518 0.21068249258160238 0.14836795252225518 0.14836795252225518 0.14836795252225518 0.17210682492581603
5 0.045249 -10 0.06369426751592357 0.08789808917197452 0.06369426751592357 0.06369426751592357 0.06369426751592357 0.07133757961783439
5 0.032 -10 0.027056277056277056 0.03896103896103896 0.027056277056277056 0.027056277056277056 0.027056277056277056 0.03300865800865801
5 0.022624 -10 0.011071744906997343 0.024136403897254206 0.011071744906997343 0.011071744906997343 0.011071744906997343 0.021700620017714792
5 0.016 -10 0.00411522633744856 0.008641975308641974 0.00411522633744856 0.00411522633744856 0.00411522633744856 0.007901234567901235
5 0.011312 -10 0.0016466868660255567 0.0038861810038203137 0.0016466868660255567 0.0016466868660255567 0.0016466868660255567 0.0034580424186536687
5 0.008 -10 0.0006454444530503704 0.0016781555779309633 0.0006454444530503704 0.0006454444530503704 0.0006454444530503704 0.0015232489091988744
5 0.005656 -10 0.0002101590904314566 0.0007187440892755816 0.0002101590904314566 0.0002101590904314566 0.0002101590904314566 0.0006767122711892903
5 0.004 -10 9.571191479342498e-05 0.0003751907059902259 9.571191479342498e-05 9.571191479342498e-05 9.571191479342498e-05 0.0003330774634811189
5 0.002828 -10 3.6642358126285686e-05 0.00016855484738091418 3.6642358126285686e-05 3.6642358126285686e-05 3.6642358126285686e-05 0.0001546307512929256
5 0.002 -10 1.663144680614685e-05 8.082883147787369e-05 1.663144680614685e-05 1.663144680614685e-05 1.663144680614685e-05 7.28457370109232e-05
5 0.001414 -10 4.811624422689273e-06 3.098686128211892e-05 4.811624422689273e-06 4.811624422689273e-06 4.811624422689273e-06 2.8292351605412923e-05
5 0.001 -10 1.6373891659460517e-06 1.607916160959023e-05 1.6373891659460517e-06 1.6373891659460517e-06 1.6373891659460517e-06 1.558794485980641e-05
