3 0.181 -10 0.7575757575757576 1.0 0.7575757575757576 0.7575757575757576 0.7575757575757576 1.0
3 0.128 -10 0.6756756756756757 1.0 0.6756756756756757 0.6756756756756757 0.6756756756756757 1.0
3 0.090496 -10 0.7246376811594203 1.0 0.7246376811594203 0.7246376811594203 0.7246376811594203 1.0
3 0.064 -10 0.684931506849315 1.0 0.684931506849315 0.684931506849315 0.684931506849315 1.0
3 0.045249 -10 0.6329113924050633 0.9746835443037974 0.6329113924050633 0.6329113924050633 0.6329113924050633 0.9746835443037974
3 0.032 -10 0.5434782608695652 0.8695652173913043 0.5434782608695652 0.5434782608695652 0.5434782608695652 0.8478260869565217
3 0.022624 -10 0.4132231404958678 0.71900826446281 0.4132231404958678 0.4132231404958678 0.4132231404958678 0.6942148760330579
3 0.016 -10 0.24509803921568626 0.4852941176470588 0.24509803921568626 0.24509803921568626 0.24509803921568626 0.45098039215686275
3 0.011312 -10 0.14367816091954022 0.27011494252873564 0.14367816091954022 0.14367816091954022 0.14367816091954022 0.20977011494252873
3 0.008 -10 0.062266500622665005 0.12577833125778332 0.062266500622665005 0.062266500622665005 0.062266500622665005 0.09339975093399751
3 0.005656 -10 0.028312570781426953 0.06455266138165346 0.028312570781426953 0.028312570781426953 0.028312570781426953 0.04869762174405436
3 0.004 -10 0.016051364365971106 0.033707865168539325 0.016051364365971106 0.016051364365971106 0.016051364365971106 0.022150882825040127
3 0.002828 -10 0.006879471656576775 0.01403412217941662 0.006879471656576775 0.006879471656576775 0.006879471656576775 0.009631260319207484
3 0.002 -10 0.003461884650003462 0.008031572388008031 0.003461884650003462 0.003461884650003462 0.003461884650003462 0.005608253133005608
3 0.001414 -10 0.0015761931782359245 0.0037828636277662192 0.0015761931782359245 0.0015761931782359245 0.0015761931782359245 0.002490385221612761
3 0.001 -10 0.0008721893697559614 0.001692047377326565 0.0008721893697559614 0.0008721893697559614 0.0008721893697559614 0.000994295881521796
