5 0.181 -10 0.5555555555555556 1.0 0.5555555555555556 0.5555555555555556 0.5555555555555556 1.0
5 0.128 -10 0.37037037037037035 0.6666666666666666 0.37037037037037035 0.37037037037037035 0.37037037037037035 0.5555555555555556
5 0.090496 -10 0.3333333333333333 0.4666666666666667 0.3333333333333333 0.3333333333333333 0.3333333333333333 0.4
5 0.064 -10 0.0684931506849315 0.1506849315068493 0.0684931506849315 0.0684931506849315 0.0684931506849315 0.13013698630136986
5 0.045249 -10 0.05181347150259067 0.08808290155440414 0.05181347150259067 0.05181347150259067 0.05181347150259067 0.08290155440414508
5 0.032 -10 0.025252525252525252 0.05303030303030303 0.025252525252525252 0.025252525252525252 0.025252525252525252 0.045454545454545456
5 0.022624 -10 0.007818608287724784 0.023455824863174355 0.007818608287724784 0.007818608287724784 0.007818608287724784 0.023455824863174355
5 0.016 -10 0.00275178866263071 0.010181618051733628 0.00275178866263071 0.00275178866263071 0.00275178866263071 0.009356081452944413
5 0.011312 -10 0.0011132138483802739 0.0045641767783591225 0.0011132138483802739 0.0011132138483802739 0.0011132138483802739 0.00423021262384504
5 0.008 -10 0.0004991016170892394 0.0015472150129766421 0.0004991016170892394 0.0004991016170892394 0.0004991016170892394 0.0013974845278498702
5 0.005656 -10 0.00014435430320177846 0.0007073360856887144 0.00014435430320177846 0.00014435430320177846 0.00014435430320177846 0.0006640297947281808
5 0.004 -10 5.801237984185825e-05 0.00035967675501952115 5.801237984185825e-05 5.801237984185825e-05 5.801237984185825e-05 0.0003480742790511495
5 0.002828 -10 2.987946623321521e-05 0.00010756607843957476 2.987946623321521e-05 2.987946623321521e-05 2.987946623321521e-05 8.366250545300259e-05
5 0.002 -10 1.2331642254125551e-05 8.015567465181608e-05 1.2331642254125551e-05 1.2331642254125551e-05 1.2331642254125551e-05 6.905719662310308e-05
5 0.001414 -10 5.796560436967912e-06 3.072177031592993e-05 5.796560436967912e-06 5.796560436967912e-06 5.796560436967912e-06 2.550486592265881e-05
5 0.001 -10 8.646871786606273e-07 1.5132025626560976e-05 8.646871786606273e-07 8.646871786606273e-07 8.646871786606273e-07 1.4786150755096725e-05
