7 0.181 -10 0.5 0.9 0.5 0.5 0.5 0.9
7 0.128 -10 0.5555555555555556 0.9444444444444444 0.5555555555555556 0.5555555555555556 0.5555555555555556 0.9444444444444444
7 0.090496 -10 0.3125 0.625 0.3125 0.3125 0.3125 0.625
7 0.064 -10 0.23255813953488372 0.32558139534883723 0.23255813953488372 0.23255813953488372 0.23255813953488372 0.3023255813953488
7 0.045249 -10 0.0625 0.1125 0.0625 0.0625 0.0625 0.1125
7 0.032 -10 0.02066115702479339 0.049586776859504134 0.02066115702479339 0.02066115702479339 0.02066115702479339 0.045454545454545456
7 0.022624 -10 0.008417508417508417 0.015151515151515152 0.008417508417508417 0.008417508417508417 0.008417508417508417 0.01430976430976431
7 0.016 -10 0.0015820281601012498 0.004271476032273375 0.0015820281601012498 0.0015820281601012498 0.0015820281601012498 0.003955070400253125
7 0.011312 -10 0.0004682524817381532 0.001170631204345383 0.0004682524817381532 0.0004682524817381532 0.0004682524817381532 0.001030155459823937
7 0.008 -10 0.00023447208609815 0.000539285798025745 0.00023447208609815 0.00023447208609815 0.00023447208609815 0.00044549696358648505
7 0.005656 -10 0.00010859178177395535 0.00017374685083832854 0.00010859178177395535 0.00010859178177395535 0.00010859178177395535 0.0001520284944835375
7 0.004 -10 4.471332054532366e-05 9.836930519971204e-05 4.471332054532366e-05 4.471332054532366e-05 4.471332054532366e-05 8.048397698158258e-05
7 0.002828 -10 7.785948698384026e-06 1.2457517917414442e-05 7.785948698384026e-06 7.785948698384026e-06 7.785948698384026e-06 8.564543568222429e-06
7 0.002 -10 6.659594177650002e-06 9.989391266475003e-06 6.659594177650002e-06 6.659594177650002e-06 6.659594177650002e-06 5.993634759885002e-06
7 0.001414 -10 1.4040562060547958e-06 1.684867447265755e-06 1.4040562060547958e-06 1.4040562060547958e-06 1.4040562060547958e-06 7.020281030273979e-07
7 0.001 -10 9.168571055279607e-07 1.283599947739145e-06 9.168571055279607e-07 9.168571055279607e-07 9.168571055279607e-07 4.5842855276398036e-07
