7 0.181 -10 0.6238303181534622 0.9731752963194011 0.6238303181534622 0.6238303181534622 0.6238303181534622 0.9694323144104804
7 0.128 -10 0.4374453193350831 0.7755905511811023 0.4374453193350831 0.4374453193350831 0.4374453193350831 0.7537182852143482
7 0.090496 -10 0.2187705097352877 0.4581054473856924 0.2187705097352877 0.2187705097352877 0.2187705097352877 0.444104134762634
7 0.064 -10 0.09951238929246692 0.22658971041894715 0.09951238929246692 0.09951238929246692 0.09951238929246692 0.21454871131455866
7 0.045249 -10 0.03643783704999271 0.09623232764903075 0.03643783704999271 0.03643783704999271 0.03643783704999271 0.09043871155808192
7 0.032 -10 0.012990893383738 0.03816724476142224 0.012990893383738 0.012990893383738 0.012990893383738 0.03623160164724528
7 0.022624 -10 0.003955508441055014 0.012891002009398288 0.003955508441055014 0.003955508441055014 0.003955508441055014 0.012210654557536825
7 0.016 -10 0.0012749117761050935 0.004585857658650021 0.0012749117761050935 0.0012749117761050935 0.0012749117761050935 0.0043665728331599455
7 0.011312 -10 0.00040852076265924137 0.0015715793739501016 0.00040852076265924137 0.00040852076265924137 0.00040852076265924137 0.0014996797197220752
7 0.008 -10 0.00012804103868939242 0.0005002563381594562 0.00012804103868939242 0.00012804103868939242 0.00012804103868939242 0.00047720895119536554
7 0.005656 -10 4.0250686103132644e-05 0.00016921388437756964 4.0250686103132644e-05 4.0250686103132644e-05 4.0250686103132644e-05 0.00016180775813459322
7 0.004 -10 1.1180989437732975e-05 5.6821788322558975e-05 1.1180989437732975e-05 1.1180989437732975e-05 1.1180989437732975e-05 5.460795241388785e-05
7 0.002828 -10 3.8109936916430874e-06 1.8414721518019397e-05 3.8109936916430874e-06 3.8109936916430874e-06 3.8109936916430874e-06 1.75305709815582e-05
7 0.002 -10 1.215841270813248e-06 6.194711274793499e-06 1.215841270813248e-06 1.215841270813248e-06 1.215841270813248e-06 5.924794512672958e-06
7 0.001414 -10 4.4599501350369207e-07 2.054699027211509e-06 4.4599501350369207e-07 4.4599501350369207e-07 4.4599501350369207e-07 1.9209005231604018e-06
7 0.001 -10 2.1373579813760676e-07 7.65815364727045e-07 2.1373579813760676e-07 2.1373579813760676e-07 2.1373579813760676e-07 6.910078353788827e-07
