6 0.181 -10 0.6127450980392157 0.9497549019607843 0.6127450980392157 0.6127450980392157 0.6127450980392157 0.9473039215686274
6 0.128 -10 0.47573739295908657 0.7954329210275928 0.47573739295908657 0.47573739295908657 0.47573739295908657 0.7906755470980019
6 0.090496 -10 0.27233115468409586 0.5759803921568627 0.27233115468409586 0.27233115468409586 0.27233115468409586 0.5748910675381264
6 0.064 -10 0.14156285390713477 0.30181200453001134 0.14156285390713477 0.14156285390713477 0.14156285390713477 0.29784824462061155
6 0.045249 -10 0.06929046563192905 0.1553492239467849 0.06929046563192905 0.06929046563192905 0.06929046563192905 0.15389412416851442
6 0.032 -10 0.05020836471356128 0.08364713561279309 0.05020836471356128 0.05020836471356128 0.05020836471356128 0.08279359341266256
6 0.022624 -10 0.022836785494073853 0.035602548585261136 0.022836785494073853 0.022836785494073853 0.022836785494073853 0.035168649660873734
6 0.016 -10 0.01087736854700111 0.01677290229947571 0.01087736854700111 0.01087736854700111 0.01087736854700111 0.01658798703417669
6 0.011312 -10 0.0032686574969928352 0.007593091365514356 0.0032686574969928352 0.0032686574969928352 0.0032686574969928352 0.007534255530568485
6 0.008 -10 0.0017769564290283603 0.0032589380908380127 0.0017769564290283603 0.0017769564290283603 0.0017769564290283603 0.0032287298315445303
6 0.005656 -10 0.0007774042782112239 0.001424204637682962 0.0007774042782112239 0.0007774042782112239 0.0007774042782112239 0.0014125435735097937
6 0.004 -10 0.0003746269651994027 0.0006383643486997821 0.0003746269651994027 0.0003746269651994027 0.0003746269651994027 0.0006289986745697971
6 0.002828 -10 0.00015984406891389312 0.0002696569442577377 0.00015984406891389312 0.00015984406891389312 0.00015984406891389312 0.0002581481712959374
6 0.002 -10 7.933203064850207e-05 0.00012859722168122184 7.933203064850207e-05 7.933203064850207e-05 7.933203064850207e-05 0.00012328197562777222
6 0.001414 -10 3.664730247635351e-05 5.130622346689492e-05 3.664730247635351e-05 3.664730247635351e-05 3.664730247635351e-05 5.0683219324796906e-05
6 0.001 -10 1.7614148755220436e-05 2.8411621942170565e-05 1.7614148755220436e-05 1.7614148755220436e-05 1.7614148755220436e-05 2.80945672645766e-05
