6 0.181 -10 0.7692307692307693 0.9230769230769231 0.7692307692307693 0.7692307692307693 0.7692307692307693 0.9230769230769231
6 0.128 -10 0.5882352941176471 0.7647058823529411 0.5882352941176471 0.5882352941176471 0.5882352941176471 0.7647058823529411
6 0.090496 -10 0.2631578947368421 0.5789473684210527 0.2631578947368421 0.2631578947368421 0.2631578947368421 0.5789473684210527
6 0.064 -10 0.1694915254237288 0.288135593220339 0.1694915254237288 0.1694915254237288 0.1694915254237288 0.288135593220339
6 0.045249 -10 0.10752688172043011 0.22580645161290322 0.10752688172043011 0.10752688172043011 0.10752688172043011 0.22580645161290322
6 0.032 -10 0.04132231404958678 0.05785123966942149 0.04132231404958678 0.04132231404958678 0.04132231404958678 0.05785123966942149
6 0.022624 -10 0.019646365422396856 0.03732809430255403 0.019646365422396856 0.019646365422396856 0.019646365422396856 0.03732809430255403
6 0.016 -10 0.006476683937823834 0.015544041450777202 0.006476683937823834 0.006476683937823834 0.006476683937823834 0.015544041450777202
6 0.011312 -10 0.003067484662576687 0.007361963190184049 0.003067484662576687 0.003067484662576687 0.003067484662576687 0.007361963190184049
6 0.008 -10 0.0022841480127912287 0.004796710826861581 0.0022841480127912287 0.0022841480127912287 0.0022841480127912287 0.0045682960255824575
6 0.005656 -10 0.001088494611951671 0.0016327419179275062 0.001088494611951671 0.001088494611951671 0.001088494611951671 0.0016327419179275062
6 0.004 -10 0.0009864851533984414 0.0012824306994179738 0.0009864851533984414 0.0009864851533984414 0.0009864851533984414 0.0012824306994179738
6 0.002828 -10 0.00020193861066235866 0.0002625201938610662 0.00020193861066235866 0.00020193861066235866 0.00020193861066235866 0.0002221324717285945
6 0.002 -10 6.215774392252659e-05 0.00013053126223730585 6.215774392252659e-05 6.215774392252659e-05 6.215774392252659e-05 0.00013053126223730585
6 0.001414 -10 5.2899417048424125e-05 6.876924216295136e-05 5.2899417048424125e-05 5.2899417048424125e-05 5.2899417048424125e-05 6.347930045810895e-05
6 0.001 -10 2.482880538685762e-05 3.724320808028642e-05 2.482880538685762e-05 2.482880538685762e-05 2.482880538685762e-05 3.724320808028642e-05
