7 0.181 -10 0.5 0.95 0.5 0.5 0.5 0.95
7 0.128 -10 0.35714285714285715 0.75 0.35714285714285715 0.35714285714285715 0.35714285714285715 0.7142857142857143
7 0.090496 -10 0.22727272727272727 0.45454545454545453 0.22727272727272727 0.22727272727272727 0.22727272727272727 0.4318181818181818
7 0.064 -10 0.078125 0.2109375 0.078125 0.078125 0.078125 0.2109375
7 0.045249 -10 0.036231884057971016 0.07608695652173914 0.036231884057971016 0.036231884057971016 0.036231884057971016 0.06159420289855073
7 0.032 -10 0.012077294685990338 0.04106280193236715 0.012077294685990338 0.012077294685990338 0.012077294685990338 0.03743961352657005
7 0.022624 -10 0.003570153516601214 0.016422706176365584 0.003570153516601214 0.003570153516601214 0.003570153516601214 0.01570867547304534
7 0.016 -10 0.0011760555098200634 0.004469010937316241 0.0011760555098200634 0.0011760555098200634 0.0011760555098200634 0.004351405386334235
7 0.011312 -10 0.0002001120627551429 0.0014007844392860001 0.0002001120627551429 0.0002001120627551429 0.0002001120627551429 0.001380773233010486
7 0.008 -10 0.0001315062728492149 0.0006049288551063886 0.0001315062728492149 0.0001315062728492149 0.0001315062728492149 0.0006049288551063886
7 0.005656 -10 2.625533311453889e-05 0.00016278306531014111 2.625533311453889e-05 2.625533311453889e-05 2.625533311453889e-05 0.00016015753199868723
7 0.004 -10 8.105356668114823e-06 6.241124634448414e-05 8.105356668114823e-06 8.105356668114823e-06 8.105356668114823e-06 5.99796393440497e-05
7 0.002828 -10 3.6912328053147848e-06 2.0670903709762795e-05 3.6912328053147848e-06 3.6912328053147848e-06 3.6912328053147848e-06 1.919441058763688e-05
7 0.002 -10 6.581576968218947e-07 5.857603501714863e-06 6.581576968218947e-07 6.581576968218947e-07 6.581576968218947e-07 5.791787732032674e-06
7 0.001414 -10 3.0696559262577783e-07 1.9338832335424004e-06 3.0696559262577783e-07 3.0696559262577783e-07 3.0696559262577783e-07 1.8110969964920893e-06
7 0.001 -10 9.85942918834714e-08 6.605817556192584e-07 9.85942918834714e-08 9.85942918834714e-08 9.85942918834714e-08 6.31003468054217e-07
