5 0.181 -10 0.56657223796034 0.9178470254957507 0.56657223796034 0.56657223796034 0.56657223796034 0.9070821529745042
5 0.128 -10 0.3799392097264438 0.6603343465045592 0.3799392097264438 0.3799392097264438 0.3799392097264438 0.6094224924012158
5 0.090496 -10 0.22563176895306858 0.3700361010830325 0.22563176895306858 0.22563176895306858 0.22563176895306858 0.31836642599277976
5 0.064 -10 0.10829542993285683 0.19298245614035087 0.10829542993285683 0.10829542993285683 0.10829542993285683 0.16742473467619667
5 0.045249 -10 0.048039969254419675 0.09214066102997694 0.048039969254419675 0.048039969254419675 0.048039969254419675 0.07941006917755572
5 0.032 -10 0.02112735570016057 0.04508577706414265 0.02112735570016057 0.02112735570016057 0.02112735570016057 0.039508155159300264
5 0.022624 -10 0.00843896099512228 0.02065013755506422 0.00843896099512228 0.00843896099512228 0.00843896099512228 0.01849820250130804
5 0.016 -10 0.0033888310904919565 0.009065123167065984 0.0033888310904919565 0.0033888310904919565 0.0033888310904919565 0.008112861630637744
5 0.011312 -10 0.0012957345713645251 0.003976609399517728 0.0012957345713645251 0.0012957345713645251 0.0012957345713645251 0.0036280567998206704
5 0.008 -10 0.00046852408354346636 0.0016824699840045877 0.00046852408354346636 0.00046852408354346636 0.00046852408354346636 0.0015358219458554828
5 0.005656 -10 0.0001669776625631906 0.0007492287719210363 0.0001669776625631906 0.0001669776625631906 0.0001669776625631906 0.0006957959199008153
5 0.004 -10 5.919550000544599e-05 0.00030041716252763835 5.919550000544599e-05 5.919550000544599e-05 5.919550000544599e-05 0.0002812970160258793
5 0.002828 -10 2.9182435395632697e-05 0.0001485969610345617 2.9182435395632697e-05 2.9182435395632697e-05 2.9182435395632697e-05 0.00013421002038451477
5 0.002 -10 1.2008441357869396e-05 7.576125652679802e-05 1.2008441357869396e-05 1.2008441357869396e-05 1.2008441357869396e-05 6.879636053923377e-05
5 0.001414 -10 4.771240124892745e-06 3.119436793654877e-05 4.771240124892745e-06 4.771240124892745e-06 4.771240124892745e-06 2.8121689296117838e-05
5 0.001 -10 1.0231862486150163e-06 1.5849154991046605e-05 1.0231862486150163e-06 1.0231862486150163e-06 1.0231862486150163e-06 1.5458297844075666e-05
