6 0.181 -10 0.5263157894736842 0.9473684210526315 0.5263157894736842 0.5263157894736842 0.5263157894736842 0.9473684210526315
6 0.128 -10 0.4166666666666667 0.7916666666666666 0.4166666666666667 0.4166666666666667 0.4166666666666667 0.7916666666666666
6 0.090496 -10 0.4 0.76 0.4 0.4 0.4 0.76
6 0.064 -10 0.19607843137254902 0.35294117647058826 0.19607843137254902 0.19607843137254902 0.19607843137254902 0.35294117647058826
6 0.045249 -10 0.12345679012345678 0.1728395061728395 0.12345679012345678 0.12345679012345678 0.12345679012345678 0.16049382716049382
6 0.032 -10 0.04524886877828054 0.06334841628959276 0.04524886877828054 0.04524886877828054 0.04524886877828054 0.06334841628959276
6 0.022624 -10 0.04424778761061947 0.05309734513274336 0.04424778761061947 0.04424778761061947 0.04424778761061947 0.05309734513274336
6 0.016 -10 0.009017132551848512 0.011722272317403066 0.009017132551848512 0.009017132551848512 0.009017132551848512 0.011722272317403066
6 0.011312 -10 0.005494505494505495 0.008241758241758242 0.005494505494505495 0.005494505494505495 0.005494505494505495 0.007692307692307693
6 0.008 -10 0.0024224806201550387 0.003875968992248062 0.0024224806201550387 0.0024224806201550387 0.0024224806201550387 0.003875968992248062
6 0.005656 -10 0.0005405989836739107 0.00151367715428695 0.0005405989836739107 0.0005405989836739107 0.0005405989836739107 0.00151367715428695
6 0.004 -10 0.0003781433163168841 0.0005672149744753262 0.0003781433163168841 0.0003781433163168841 0.0003781433163168841 0.0005672149744753262
6 0.002828 -10 0.00014776287014598973 0.00025119687924818253 0.00014776287014598973 0.00014776287014598973 0.00014776287014598973 0.00025119687924818253
6 0.002 -10 5.209011590050788e-05 8.33441854408126e-05 5.209011590050788e-05 5.209011590050788e-05 5.209011590050788e-05 7.292616226071102e-05
6 0.001414 -10 2.619138041670486e-05 4.452534670839826e-05 2.619138041670486e-05 2.619138041670486e-05 2.619138041670486e-05 4.452534670839826e-05
6 0.001 -10 1.6315209854386752e-05 2.6104335767018802e-05 1.6315209854386752e-05 1.6315209854386752e-05 1.6315209854386752e-05 2.6104335767018802e-05
