7 0.181 -10 0.684931506849315 0.9931506849315068 0.684931506849315 0.684931506849315 0.684931506849315 0.9931506849315068
7 0.128 -10 0.5050505050505051 0.8181818181818182 0.5050505050505051 0.5050505050505051 0.5050505050505051 0.803030303030303
7 0.090496 -10 0.3125 0.5375 0.3125 0.3125 0.3125 0.525
7 0.064 -10 0.1773049645390071 0.3067375886524823 0.1773049645390071 0.1773049645390071 0.1773049645390071 0.299645390070922
7 0.045249 -10 0.06261740763932373 0.13337507827175954 0.06261740763932373 0.06261740763932373 0.06261740763932373 0.1327489041953663
7 0.032 -10 0.02535496957403651 0.05603448275862069 0.02535496957403651 0.02535496957403651 0.02535496957403651 0.05476673427991886
7 0.022624 -10 0.008582217645039478 0.016735324407826983 0.008582217645039478 0.008582217645039478 0.008582217645039478 0.016392035702025402
7 0.016 -10 0.002388630120625821 0.004872805446076675 0.002388630120625821 0.002388630120625821 0.002388630120625821 0.004514510927982802
7 0.011312 -10 0.0008189471615291381 0.0014741048907524488 0.0008189471615291381 0.0008189471615291381 0.0008189471615291381 0.0013185049300619123
7 0.008 -10 0.00024492035190156163 0.0004335090228657641 0.00024492035190156163 0.00024492035190156163 0.00024492035190156163 0.00035758371377627997
7 0.005656 -10 7.861159348058333e-05 0.00013757028859102082 7.861159348058333e-05 7.861159348058333e-05 7.861159348058333e-05 0.00011713127428606916
7 0.004 -10 2.3166397048415686e-05 3.9846202923274976e-05 2.3166397048415686e-05 2.3166397048415686e-05 2.3166397048415686e-05 3.1969627926813646e-05
7 0.002828 -10 8.397666456445082e-06 1.402410298226329e-05 8.397666456445082e-06 8.397666456445082e-06 8.397666456445082e-06 1.0916966393378609e-05
7 0.002 -10 2.491925165693088e-06 4.435626794933697e-06 2.491925165693088e-06 2.491925165693088e-06 2.491925165693088e-06 3.2644219670579453e-06
7 0.001414 -10 8.90617042197569e-07 1.585298335111673e-06 8.90617042197569e-07 8.90617042197569e-07 8.90617042197569e-07 1.0776466210590586e-06
7 0.001 -10 1.0986453318532383e-06 1.2964014915868212e-06 1.0986453318532383e-06 1.0986453318532383e-06 1.0986453318532383e-06 3.405800528745039e-07
