3 0.181 -10 0.4883885619398794 0.8637395912187736 0.4883885619398794 0.4883885619398794 0.4883885619398794 0.8450587287245732
3 0.128 -10 0.3329615262956365 0.7065110626467112 0.3329615262956365 0.3329615262956365 0.3329615262956365 0.6763364243261691
3 0.090496 -10 0.21002005691543543 0.21980174106627182 0.21002005691543543 0.21002005691543543 0.21002005691543543 0.08007014669900976
3 0.064 -10 0.1227423086600836 0.12685110744247988 0.1227423086600836 0.1227423086600836 0.1227423086600836 0.04447874410069779
3 0.045249 -10 0.06899799388332785 0.0706246215891273 0.06899799388332785 0.06899799388332785 0.06899799388332785 0.024616759267724293
3 0.032 -10 0.03788183707968918 0.038585492203444406 0.03788183707968918 0.03788183707968918 0.03788183707968918 0.01320182022227168
3 0.022624 -10 0.01903563566174056 0.02012019100356823 0.01903563566174056 0.01903563566174056 0.01903563566174056 0.00683902800237184
3 0.016 -10 0.010396880104218326 0.010460301072854058 0.010396880104218326 0.010396880104218326 0.010396880104218326 0.0021472156635236896
3 0.011312 -10 0.004913366297107821 0.005398929721419501 0.004913366297107821 0.004913366297107821 0.004913366297107821 0.0011042790752749828
3 0.008 -10 0.0023426497781920625 0.002707458914901021 0.0023426497781920625 0.0023426497781920625 0.0023426497781920625 0.0009117592936723507
3 0.005656 -10 0.0013122467097300109 0.0013770060848551867 0.0013122467097300109 0.0013122467097300109 0.0013122467097300109 0.0003713330126858498
3 0.004 -10 0.0006009718044612631 0.0006956549122541351 0.0006009718044612631 0.0006009718044612631 0.0006009718044612631 0.00023443910092033873
3 0.002828 -10 0.00030213295442235255 0.0003482082299717613 0.00030213295442235255 0.00030213295442235255 0.00030213295442235255 9.260375053045106e-05
3 0.002 -10 0.00015216906753378487 0.00017530257002560848 0.00015216906753378487 0.00015216906753378487 0.00015216906753378487 3.513583769355092e-05
3 0.001414 -10 8.332151087887203e-05 8.721262543691536e-05 8.332151087887203e-05 8.332151087887203e-05 8.332151087887203e-05 1.1481704199108565e-05
3 0.001 -10 4.432687293023008e-05 4.433241378934636e-05 4.432687293023008e-05 4.432687293023008e-05 4.432687293023008e-05 5.968613440055481e-06
