3 0.181 -10 0.5 0.5 0.5 0.5 0.5 0.2
3 0.128 -10 0.2777777777777778 0.2777777777777778 0.2777777777777778 0.2777777777777778 0.2777777777777778 0.027777777777777776
3 0.090496 -10 0.1282051282051282 0.1794871794871795 0.1282051282051282 0.1282051282051282 0.1282051282051282 0.07692307692307693
3 0.064 -10 0.13333333333333333 0.21333333333333335 0.13333333333333333 0.13333333333333333 0.13333333333333333 0.10666666666666667
3 0.045249 -10 0.0641025641025641 0.07692307692307693 0.0641025641025641 0.0641025641025641 0.0641025641025641 0.02564102564102564
3 0.032 -10 0.03717472118959108 0.040892193308550186 0.03717472118959108 0.03717472118959108 0.03717472118959108 0.011152416356877323
3 0.022624 -10 0.01122334455667789 0.013468013468013467 0.01122334455667789 0.01122334455667789 0.01122334455667789 0.002244668911335578
3 0.016 -10 0.018315018315018316 0.020146520146520148 0.018315018315018316 0.018315018315018316 0.018315018315018316 0.003663003663003663
3 0.011312 -10 0.0035137034434293743 0.004919184820801124 0.0035137034434293743 0.0035137034434293743 0.0035137034434293743 0.0014054813773717498
3 0.008 -10 0.0033692722371967657 0.0033692722371967657 0.0033692722371967657 0.0033692722371967657 0.0033692722371967657 0.0006738544474393531
3 0.005656 -10 0.001174812030075188 0.001174812030075188 0.001174812030075188 0.001174812030075188 0.001174812030075188 0.00035244360902255637
3 0.004 -10 0.0005044136191677175 0.0007566204287515763 0.0005044136191677175 0.0005044136191677175 0.0005044136191677175 0.00025220680958385876
3 0.002828 -10 0.00042872454448017146 0.00047159699892818866 0.00042872454448017146 0.00042872454448017146 0.00042872454448017146 4.2872454448017146e-05
3 0.002 -10 0.0001392117828853034 0.00015313296117383375 0.0001392117828853034 0.0001392117828853034 0.0001392117828853034 2.7842356577060683e-05
3 0.001414 -10 8.700115711538963e-05 8.700115711538963e-05 8.700115711538963e-05 8.700115711538963e-05 8.700115711538963e-05 1.7400231423077925e-05
3 0.001 -10 2.2342973581668037e-05 2.2342973581668037e-05 2.2342973581668037e-05 2.2342973581668037e-05 2.2342973581668037e-05 2.2342973581668035e-06
