5 0.181 -10 0.5 0.9 0.5 0.5 0.5 0.85
5 0.128 -10 0.4166666666666667 0.75 0.4166666666666667 0.4166666666666667 0.4166666666666667 0.625
5 0.090496 -10 0.2 0.42 0.2 0.2 0.2 0.36
5 0.064 -10 0.09259259259259259 0.3055555555555556 0.09259259259259259 0.09259259259259259 0.09259259259259259 0.2777777777777778
5 0.045249 -10 0.04032258064516129 0.15725806451612903 0.04032258064516129 0.04032258064516129 0.04032258064516129 0.125
5 0.032 -10 0.011494252873563218 0.07126436781609195 0.011494252873563218 0.011494252873563218 0.011494252873563218 0.06666666666666667
5 0.022624 -10 0.009208103130755065 0.049723756906077346 0.009208103130755065 0.009208103130755065 0.009208103130755065 0.04511970534069982
5 0.016 -10 0.0013281976358082083 0.018196307610572452 0.0013281976358082083 0.0013281976358082083 0.0013281976358082083 0.01766502855624917
5 0.011312 -10 0.0005211318984835062 0.009536713742248163 0.0005211318984835062 0.0005211318984835062 0.0005211318984835062 0.00938037417270311
5 0.008 -10 0.0001187789523696401 0.0042760422853070435 0.0001187789523696401 0.0001187789523696401 0.0001187789523696401 0.004181019123411332
5 0.005656 -10 5.7905891345385476e-05 0.0026347180562150394 5.7905891345385476e-05 5.7905891345385476e-05 5.7905891345385476e-05 0.0025826027540041922
5 0.004 -10 1.4236496682896272e-05 0.0012542353577631616 1.4236496682896272e-05 1.4236496682896272e-05 1.4236496682896272e-05 0.0012442698100851343
5 0.002828 -10 3.8665543819274155e-06 0.000629861708815976 3.8665543819274155e-06 3.8665543819274155e-06 3.8665543819274155e-06 0.0006290883979395905
5 0.002 -10 2.112287068261725e-06 0.0003309953835966123 2.112287068261725e-06 2.112287068261725e-06 2.112287068261725e-06 0.0003297280113556553
5 0.001414 -10 6.726746830205542e-07 0.00016224913354455768 6.726746830205542e-07 6.726746830205542e-07 6.726746830205542e-07 0.00016177826126644328
5 0.001 -10 2.084155185194695e-07 7.859349203369196e-05 2.084155185194695e-07 2.084155185194695e-07 2.084155185194695e-07 7.851012582628417e-05
