5 0.181 -10 0.9124087591240876 0.9728786496350365 0.9124087591240876 0.9124087591240876 0.9124087591240876 0.8844662408759124
5 0.128 -10 0.7938870695643545 0.9145380569613972 0.7938870695643545 0.7938870695643545 0.7938870695643545 0.8135556217128114
5 0.090496 -10 0.6473853723275123 0.764303170569861 0.6473853723275123 0.6473853723275123 0.6473853723275123 0.5893796429669672
5 0.064 -10 0.5056506459687002 0.635767198442596 0.5056506459687002 0.5056506459687002 0.5056506459687002 0.48544990266225063
5 0.045249 -10 0.37404501631771386 0.502136732155715 0.37404501631771386 0.37404501631771386 0.37404501631771386 0.38061885747949764
5 0.032 -10 0.27449338814051316 0.38724154731922894 0.27449338814051316 0.27449338814051316 0.27449338814051316 0.29113454979653175
5 0.022624 -10 0.19832219423675704 0.24480891656585288 0.19832219423675704 0.19832219423675704 0.19832219423675704 0.10531900124942982
5 0.016 -10 0.14225256943703546 0.179366264803158 0.14225256943703546 0.14225256943703546 0.14225256943703546 0.07680216223905545
5 0.011312 -10 0.1018464766211413 0.13053153676148574 0.1018464766211413 0.1018464766211413 0.1018464766211413 0.05544522187254932
5 0.008 -10 0.07187677445786943 0.09324753642355546 0.07187677445786943 0.07187677445786943 0.07187677445786943 0.039462146096731765
5 0.005656 -10 0.05107265340309858 0.061508073309686696 0.05107265340309858 0.05107265340309858 0.05107265340309858 0.011981644488366926
5 0.004 -10 0.0361453839633775 0.04357868217544608 0.0361453839633775 0.0361453839633775 0.0361453839633775 0.008232111197659224
5 0.002828 -10 0.025557603003529505 0.030970703319677054 0.025557603003529505 0.025557603003529505 0.025557603003529505 0.00578624131999908
5 0.002 -10 0.01801741743743677 0.02196458316254323 0.01801741743743677 0.01801741743743677 0.01801741743743677 0.00415031210671356
5 0.001414 -10 0.012723261429941906 0.015566910359533922 0.012723261429941906 0.012723261429941906 0.012723261429941906 0.002940663797995323
5 0.001 -10 0.00903074992927794 0.01099945341386053 0.00903074992927794 0.00903074992927794 0.00903074992927794 0.002021307602920635
