3 0.181 -10 0.4774010287992171 0.5261436738396171 0.4774010287992171 0.4774010287992171 0.4774010287992171 0.1978707914115555
3 0.128 -10 0.3114876650884625 0.35383441315723896 0.3114876650884625 0.3114876650884625 0.3114876650884625 0.1299137179167705
3 0.090496 -10 0.17942288628626024 0.21098785755617058 0.17942288628626024 0.17942288628626024 0.17942288628626024 0.0633945912970929
3 0.064 -10 0.10274113344018411 0.12230047671885916 0.10274113344018411 0.10274113344018411 0.10274113344018411 0.03613148810257675
3 0.045249 -10 0.05829093881928789 0.06827763391250238 0.05829093881928789 0.05829093881928789 0.05829093881928789 0.019947159263960314
3 0.032 -10 0.030394928910060647 0.03681661751553371 0.030394928910060647 0.030394928910060647 0.030394928910060647 0.010509046670653468
3 0.022624 -10 0.017798907058112098 0.019540530113748365 0.017798907058112098 0.017798907058112098 0.017798907058112098 0.005525670696190901
3 0.016 -10 0.008193336523272353 0.00999361739084837 0.008193336523272353 0.008193336523272353 0.008193336523272353 0.002833870269986825
3 0.011312 -10 0.0042394833256881315 0.005157013504450186 0.0042394833256881315 0.0042394833256881315 0.0042394833256881315 0.0014389866278216941
3 0.008 -10 0.002436010718203559 0.0026204776298395234 0.002436010718203559 0.002436010718203559 0.002436010718203559 0.0007360406385052054
3 0.005656 -10 0.0012887263890827348 0.0013230065110323356 0.0012887263890827348 0.0012887263890827348 0.0012887263890827348 0.0003787244675916887
3 0.004 -10 0.0005421713700417055 0.0006639295054688216 0.0005421713700417055 0.0005421713700417055 0.0005421713700417055 0.00018660183128410402
3 0.002828 -10 0.00031192968530942505 0.00033510606092791533 0.00031192968530942505 0.00031192968530942505 0.00031192968530942505 9.373487043548223e-05
3 0.002 -10 0.00015754327893077708 0.0001691108941862694 0.00015754327893077708 0.00015754327893077708 0.00015754327893077708 4.6987282941104264e-05
3 0.001414 -10 7.61226872700129e-05 8.395190565573373e-05 7.61226872700129e-05 7.61226872700129e-05 7.61226872700129e-05 2.372173242051777e-05
3 0.001 -10 3.761929804757978e-05 4.2576581047799604e-05 3.761929804757978e-05 3.761929804757978e-05 3.761929804757978e-05 8.954333417775178e-06
