5 0.181 -10 0.5681818181818182 0.9488636363636364 0.5681818181818182 0.5681818181818182 0.5681818181818182 0.9318181818181818
5 0.128 -10 0.34843205574912894 0.6968641114982579 0.34843205574912894 0.34843205574912894 0.34843205574912894 0.6376306620209059
5 0.090496 -10 0.1721170395869191 0.4836488812392427 0.1721170395869191 0.1721170395869191 0.1721170395869191 0.41480206540447506
5 0.064 -10 0.09025270758122744 0.27075812274368233 0.09025270758122744 0.09025270758122744 0.09025270758122744 0.23375451263537905
5 0.045249 -10 0.030515715593530668 0.13915166310649985 0.030515715593530668 0.030515715593530668 0.030515715593530668 0.12480927677754043
5 0.032 -10 0.014003640946646127 0.07267889651309341 0.014003640946646127 0.014003640946646127 0.014003640946646127 0.06525696681137096
5 0.022624 -10 0.00425043566965614 0.03927402558762273 0.00425043566965614 0.00425043566965614 0.00425043566965614 0.0371063033960981
5 0.016 -10 0.0013579023125076383 0.018603261681354642 0.0013579023125076383 0.0013579023125076383 0.0013579023125076383 0.01789715247885067
5 0.011312 -10 0.0004450715007365933 0.009644699420961977 0.0004450715007365933 0.0004450715007365933 0.0004450715007365933 0.00942216367059368
5 0.008 -10 0.00013479886661112953 0.004959250302623456 0.00013479886661112953 0.00013479886661112953 0.00013479886661112953 0.004879718971322889
5 0.005656 -10 5.6596298602071426e-05 0.002580791216254457 5.6596298602071426e-05 5.6596298602071426e-05 5.6596298602071426e-05 0.0025536249929254628
5 0.004 -10 1.8814852444519703e-05 0.0012777166295073331 1.8814852444519703e-05 1.8814852444519703e-05 1.8814852444519703e-05 0.0012677447577117377
5 0.002828 -10 5.8776922769474555e-06 0.0006304412736253841 5.8776922769474555e-06 5.8776922769474555e-06 5.8776922769474555e-06 0.000627326096718602
5 0.002 -10 2.0278323230875484e-06 0.00031780188167428056 2.0278323230875484e-06 2.0278323230875484e-06 2.0278323230875484e-06 0.0003166460172501207
5 0.001414 -10 7.689042096982626e-07 0.00015840964528203606 7.689042096982626e-07 7.689042096982626e-07 7.689042096982626e-07 0.00015802519317718693
5 0.001 -10 2.6466829120416696e-07 7.975778955437573e-05 2.6466829120416696e-07 2.6466829120416696e-07 2.6466829120416696e-07 7.963339545750976e-05
