3 0.181 -10 1.0 1.0 1.0 1.0 1.0 0.0
3 0.128 -10 1.0 1.0 1.0 1.0 1.0 0.0
3 0.090496 -10 0.1111111111111111 0.1111111111111111 0.1111111111111111 0.1111111111111111 0.1111111111111111 0.1111111111111111
3 0.064 -10 0.14285714285714285 0.14285714285714285 0.14285714285714285 0.14285714285714285 0.14285714285714285 0.14285714285714285
3 0.045249 -10 0.04 0.04 0.04 0.04 0.04 0.0
3 0.032 -10 0.020833333333333332 0.041666666666666664 0.020833333333333332 0.020833333333333332 0.020833333333333332 0.020833333333333332
3 0.022624 -10 0.034482758620689655 0.034482758620689655 0.034482758620689655 0.034482758620689655 0.034482758620689655 0.0
3 0.016 -10 0.0020833333333333333 0.0020833333333333333 0.0020833333333333333 0.0020833333333333333 0.0020833333333333333 0.0
3 0.011312 -10 0.005 0.01 0.005 0.005 0.005 0.005
3 0.008 -10 0.022222222222222223 0.022222222222222223 0.022222222222222223 0.022222222222222223 0.022222222222222223 0.0
3 0.005656 -10 0.000792393026941363 0.000792393026941363 0.000792393026941363 0.000792393026941363 0.000792393026941363 0.0
3 0.004 -10 0.002008032128514056 0.002008032128514056 0.002008032128514056 0.002008032128514056 0.002008032128514056 0.0
3 0.002828 -10 0.00037023324694557573 0.00037023324694557573 0.00037023324694557573 0.00037023324694557573 0.00037023324694557573 0.0
3 0.002 -10 0.0002531004808909137 0.0002531004808909137 0.0002531004808909137 0.0002531004808909137 0.0002531004808909137 0.0
3 0.001414 -10 0.00023380874444704232 0.00023380874444704232 0.00023380874444704232 0.00023380874444704232 0.00023380874444704232 0.0
3 0.001 -10 5.659950192438306e-05 5.659950192438306e-05 5.659950192438306e-05 5.659950192438306e-05 5.659950192438306e-05 0.0
