5 0.181 -10 0.5803409503083061 0.9362640551323903 0.5803409503083061 0.5803409503083061 0.5803409503083061 0.9061878853826623
5 0.128 -10 0.371495175206412 0.7209421117643234 0.371495175206412 0.371495175206412 0.371495175206412 0.6487513118423375
5 0.090496 -10 0.18698928551394006 0.4563800744217356 0.18698928551394006 0.18698928551394006 0.18698928551394006 0.3944024757381402
5 0.064 -10 0.08135786272894611 0.2507632384497259 0.08135786272894611 0.08135786272894611 0.08135786272894611 0.2166824297525704
5 0.045249 -10 0.031504273948564546 0.13753899638409695 0.031504273948564546 0.031504273948564546 0.031504273948564546 0.1224626260860114
5 0.032 -10 0.011389330304530761 0.07256284703645355 0.011389330304530761 0.011389330304530761 0.011389330304530761 0.06676909471053874
5 0.022624 -10 0.004010573073794444 0.03781108135377295 0.004010573073794444 0.004010573073794444 0.004010573073794444 0.03567525066332372
5 0.016 -10 0.0014001596882124406 0.019363683428094976 0.0014001596882124406 0.0014001596882124406 0.0014001596882124406 0.01860385176929429
5 0.011312 -10 0.0004827118267716203 0.009813012523053262 0.0004827118267716203 0.0004827118267716203 0.0004827118267716203 0.009549970780849735
5 0.008 -10 0.00016610461433054106 0.004939693768038079 0.00016610461433054106 0.00016610461433054106 0.00016610461433054106 0.004848045547081203
5 0.005656 -10 5.6824684693036375e-05 0.002526263531101022 5.6824684693036375e-05 5.6824684693036375e-05 5.6824684693036375e-05 0.0024947982825693706
5 0.004 -10 2.021383562793207e-05 0.0012667667152819351 2.021383562793207e-05 2.021383562793207e-05 2.021383562793207e-05 0.0012558153644846124
5 0.002828 -10 7.285903005668339e-06 0.0006343812067850655 7.285903005668339e-06 7.285903005668339e-06 7.285903005668339e-06 0.0006304459084241289
5 0.002 -10 2.5411982844316256e-06 0.0003179783624921302 2.5411982844316256e-06 2.5411982844316256e-06 2.5411982844316256e-06 0.0003166503322686862
5 0.001414 -10 8.783301357381096e-07 0.00015901967287432594 8.783301357381096e-07 8.783301357381096e-07 8.783301357381096e-07 0.00015855226949259288
5 0.001 -10 3.154784827682911e-07 7.975337845281366e-05 3.154784827682911e-07 3.154784827682911e-07 3.154784827682911e-07 7.960054490183657e-05
