3 0.181 -10 1.0 1.0 1.0 1.0 1.0 1.0
3 0.128 -10 0.5 1.0 0.5 0.5 0.5 1.0
3 0.090496 -10 0.5 0.5 0.5 0.5 0.5 0.0
3 0.064 -10 0.05263157894736842 0.05263157894736842 0.05263157894736842 0.05263157894736842 0.05263157894736842 0.0
3 0.045249 -10 0.5 0.5 0.5 0.5 0.5 0.5
3 0.032 -10 0.016666666666666666 0.016666666666666666 0.016666666666666666 0.016666666666666666 0.016666666666666666 0.0
3 0.022624 -10 0.012658227848101266 0.02531645569620253 0.012658227848101266 0.012658227848101266 0.012658227848101266 0.02531645569620253
3 0.016 -10 0.018518518518518517 0.018518518518518517 0.018518518518518517 0.018518518518518517 0.018518518518518517 0.0
3 0.011312 -10 0.010309278350515464 0.010309278350515464 0.010309278350515464 0.010309278350515464 0.010309278350515464 0.0
3 0.008 -10 0.04 0.04 0.04 0.04 0.04 0.0
3 0.005656 -10 0.0013440860215053765 0.0013440860215053765 0.0013440860215053765 0.0013440860215053765 0.0013440860215053765 0.0013440860215053765
3 0.004 -10 0.0005361930294906167 0.0005361930294906167 0.0005361930294906167 0.0005361930294906167 0.0005361930294906167 0.0
3 0.002828 -10 0.0018281535648994515 0.0018281535648994515 0.0018281535648994515 0.0018281535648994515 0.0018281535648994515 0.0
3 0.002 -10 0.00011716461628588167 0.00011716461628588167 0.00011716461628588167 0.00011716461628588167 0.00011716461628588167 0.0
3 0.001414 -10 9.541984732824427e-05 9.541984732824427e-05 9.541984732824427e-05 9.541984732824427e-05 9.541984732824427e-05 0.0
3 0.001 -10 5.1522489566695864e-05 5.1522489566695864e-05 5.1522489566695864e-05 5.1522489566695864e-05 5.1522489566695864e-05 0.0
