7 0.181 -10 0.7692307692307693 0.9230769230769231 0.7692307692307693 0.7692307692307693 0.7692307692307693 0.9230769230769231
7 0.128 -10 0.43478260869565216 0.8260869565217391 0.43478260869565216 0.43478260869565216 0.43478260869565216 0.782608695652174
7 0.090496 -10 0.16393442622950818 0.5409836065573771 0.16393442622950818 0.16393442622950818 0.16393442622950818 0.5409836065573771
7 0.064 -10 0.1282051282051282 0.2564102564102564 0.1282051282051282 0.1282051282051282 0.1282051282051282 0.24358974358974358
7 0.045249 -10 0.04048582995951417 0.10931174089068826 0.04048582995951417 0.04048582995951417 0.04048582995951417 0.10121457489878542
7 0.032 -10 0.013280212483399735 0.041168658698539175 0.013280212483399735 0.013280212483399735 0.013280212483399735 0.0398406374501992
7 0.022624 -10 0.006756756756756757 0.012837837837837839 0.006756756756756757 0.006756756756756757 0.006756756756756757 0.012162162162162163
7 0.016 -10 0.0011312217194570137 0.004411764705882353 0.0011312217194570137 0.0011312217194570137 0.0011312217194570137 0.00418552036199095
7 0.011312 -10 0.0004829751267809708 0.0014489253803429123 0.0004829751267809708 0.0004829751267809708 0.0004829751267809708 0.001255735329630524
7 0.008 -10 0.0001264782141276165 0.0004553215708594195 0.0001264782141276165 0.0001264782141276165 0.0001264782141276165 0.00043002592803389615
7 0.005656 -10 4.321315754220845e-05 0.00019445920893993804 4.321315754220845e-05 4.321315754220845e-05 4.321315754220845e-05 0.0001901378931857172
7 0.004 -10 1.021781312232868e-05 4.700194036271193e-05 1.021781312232868e-05 1.021781312232868e-05 1.021781312232868e-05 4.598015905047906e-05
7 0.002828 -10 4.5372524304926955e-06 1.7241559235872244e-05 4.5372524304926955e-06 4.5372524304926955e-06 4.5372524304926955e-06 1.4972933020625897e-05
7 0.002 -10 6.242553024401453e-07 4.806765828789119e-06 6.242553024401453e-07 6.242553024401453e-07 6.242553024401453e-07 4.68191476830109e-06
7 0.001414 -10 2.5163618249491385e-07 1.4846534767199917e-06 2.5163618249491385e-07 2.5163618249491385e-07 2.5163618249491385e-07 1.3588353854725349e-06
7 0.001 -10 1.0387069361712302e-07 6.959336472347243e-07 1.0387069361712302e-07 1.0387069361712302e-07 1.0387069361712302e-07 6.54385369787875e-07
