7 0.181 -10 0.6792440014264124 0.9825094669632699 0.6792440014264124 0.6792440014264124 0.6792440014264124 0.9806245648593116
7 0.128 -10 0.5150590386423044 0.818518947734384 0.5150590386423044 0.5150590386423044 0.5150590386423044 0.8094152792263813
7 0.090496 -10 0.3072125834274172 0.5395113783860587 0.3072125834274172 0.3072125834274172 0.3072125834274172 0.5300876323894227
7 0.064 -10 0.1573762236001385 0.29116175128261623 0.1573762236001385 0.1573762236001385 0.1573762236001385 0.2850319473733908
7 0.045249 -10 0.06740599812274295 0.12859042261875672 0.06740599812274295 0.06740599812274295 0.06740599812274295 0.12486961152238132
7 0.032 -10 0.024826231893142932 0.04823116201040343 0.024826231893142932 0.024826231893142932 0.024826231893142932 0.04648773987570747
7 0.022624 -10 0.00811355734865173 0.01624902130214482 0.00811355734865173 0.00811355734865173 0.00811355734865173 0.015427320781660115
7 0.016 -10 0.00261403891820352 0.004991115208471891 0.00261403891820352 0.00261403891820352 0.00261403891820352 0.004630965996516401
7 0.011312 -10 0.0007885020629185221 0.0014529727513399606 0.0007885020629185221 0.0007885020629185221 0.0007885020629185221 0.0012990177235551192
7 0.008 -10 0.00023067505457296023 0.0004164780441551154 0.00023067505457296023 0.00023067505457296023 0.00023067505457296023 0.0003535671898967048
7 0.005656 -10 6.923439090838626e-05 0.00012838652364073876 6.923439090838626e-05 6.923439090838626e-05 6.923439090838626e-05 0.00010721118518140884
7 0.004 -10 2.4180486950938254e-05 4.137946280696686e-05 2.4180486950938254e-05 2.4180486950938254e-05 2.4180486950938254e-05 3.272345299070474e-05
7 0.002828 -10 8.79482965930519e-06 1.415351937071984e-05 8.79482965930519e-06 8.79482965930519e-06 8.79482965930519e-06 1.043616474447302e-05
7 0.002 -10 2.9512828002251146e-06 4.802917629086351e-06 2.9512828002251146e-06 2.9512828002251146e-06 2.9512828002251146e-06 3.3936063099088536e-06
7 0.001414 -10 1.0666226179115441e-06 1.7450745995996296e-06 1.0666226179115441e-06 1.0666226179115441e-06 1.0666226179115441e-06 1.2203229371525975e-06
7 0.001 -10 1.312117923051417e-06 1.5287157891991297e-06 1.312117923051417e-06 1.312117923051417e-06 1.312117923051417e-06 3.8720599909247316e-07
