5 0.181 -10 0.9233610341643582 0.9686057248384118 0.9233610341643582 0.9233610341643582 0.9233610341643582 0.8725761772853186
5 0.128 -10 0.8045052292839904 0.917135961383749 0.8045052292839904 0.8045052292839904 0.8045052292839904 0.8213998390989542
5 0.090496 -10 0.6548788474132285 0.77079240340537 0.6548788474132285 0.6548788474132285 0.6548788474132285 0.6044531761624099
5 0.064 -10 0.5125576627370579 0.6248077908764736 0.5125576627370579 0.5125576627370579 0.5125576627370579 0.4654023577652486
5 0.045249 -10 0.36683785766691124 0.48899486426999267 0.36683785766691124 0.36683785766691124 0.36683785766691124 0.37527512839325017
5 0.032 -10 0.2767783005812344 0.3899806255189593 0.2767783005812344 0.2767783005812344 0.2767783005812344 0.2911707722114586
5 0.022624 -10 0.19301293186643506 0.242231229492376 0.19301293186643506 0.19301293186643506 0.19301293186643506 0.10094576336614554
5 0.016 -10 0.13831258644536654 0.17538035961272475 0.13831258644536654 0.13831258644536654 0.13831258644536654 0.07551867219917012
5 0.011312 -10 0.10465724751439037 0.1326007326007326 0.10465724751439037 0.10465724751439037 0.10465724751439037 0.05661957090528519
5 0.008 -10 0.07042749489400663 0.09211916332136066 0.07042749489400663 0.07042749489400663 0.07042749489400663 0.03965067962532573
5 0.005656 -10 0.05124788602470148 0.060984984369394764 0.05124788602470148 0.05124788602470148 0.05124788602470148 0.011325782811459028
5 0.004 -10 0.035522716777379136 0.04362189620262158 0.035522716777379136 0.035522716777379136 0.035522716777379136 0.009093815495009058
5 0.002828 -10 0.025289565525264276 0.031308482120277176 0.025289565525264276 0.025289565525264276 0.025289565525264276 0.006474128774467655
5 0.002 -10 0.018081874728771877 0.02157167655142485 0.018081874728771877 0.018081874728771877 0.018081874728771877 0.0037610299435845507
5 0.001414 -10 0.011775095672652341 0.014824845451869297 0.011775095672652341 0.011775095672652341 0.011775095672652341 0.0031439505445981747
5 0.001 -10 0.009193626977779003 0.011252999420801501 0.009193626977779003 0.009193626977779003 0.009193626977779003 0.002086953323955834
