4 0.181 -10 0.547945205479452 0.823013698630137 0.547945205479452 0.547945205479452 0.547945205479452 0.7386301369863014
4 0.128 -10 0.38080731150038083 0.587966488956588 0.38080731150038083 0.38080731150038083 0.38080731150038083 0.46877380045696876
4 0.090496 -10 0.22644927536231885 0.38383152173913043 0.22644927536231885 0.22644927536231885 0.22644927536231885 0.3041213768115942
4 0.064 -10 0.12506253126563283 0.21435717858929465 0.12506253126563283 0.12506253126563283 0.12506253126563283 0.1642071035517759
4 0.045249 -10 0.0622975330176925 0.1246573635684027 0.0622975330176925 0.0622975330176925 0.0622975330176925 0.10098430102167955
4 0.032 -10 0.028672190842102246 0.06909997992946641 0.028672190842102246 0.028672190842102246 0.028672190842102246 0.05771712016515182
4 0.022624 -10 0.013460580689450942 0.033786057530521864 0.013460580689450942 0.013460580689450942 0.013460580689450942 0.028886406159561725
4 0.016 -10 0.006865397025910008 0.019154457702288925 0.006865397025910008 0.006865397025910008 0.006865397025910008 0.016895742080764532
4 0.011312 -10 0.003171673152738264 0.009635543038018847 0.003171673152738264 0.003171673152738264 0.003171673152738264 0.008541315800324144
4 0.008 -10 0.001633149005248941 0.005126454727476425 0.001633149005248941 0.001633149005248941 0.001633149005248941 0.0046267111318702495
4 0.005656 -10 0.0007603481482101025 0.0025281575927985907 0.0007603481482101025 0.0007603481482101025 0.0007603481482101025 0.0023190618520408123
4 0.004 -10 0.0004090782648536318 0.0012628246036031614 0.0004090782648536318 0.0004090782648536318 0.0004090782648536318 0.0011585096460654852
4 0.002828 -10 0.00019854336673560754 0.0006367285771210934 0.00019854336673560754 0.00019854336673560754 0.00019854336673560754 0.0005861000186035135
4 0.002 -10 9.858852776568425e-05 0.0003205113037662395 9.858852776568425e-05 9.858852776568425e-05 9.858852776568425e-05 0.0002935966356862077
4 0.001414 -10 4.943412021082861e-05 0.00016807600871681727 4.943412021082861e-05 4.943412021082861e-05 4.943412021082861e-05 0.00015542087394284515
4 0.001 -10 2.4271252017487146e-05 8.164849178682676e-05 2.4271252017487146e-05 2.4271252017487146e-05 2.4271252017487146e-05 7.577484879859487e-05
