5 0.181 -10 1.0 1.0 1.0 1.0 1.0 1.0
5 0.128 -10 1.0 1.0 1.0 1.0 1.0 0.0
5 0.090496 -10 0.5 0.5 0.5 0.5 0.5 0.0
5 0.064 -10 0.08333333333333333 0.3333333333333333 0.08333333333333333 0.08333333333333333 0.08333333333333333 0.3333333333333333
5 0.045249 -10 0.07142857142857142 0.07142857142857142 0.07142857142857142 0.07142857142857142 0.07142857142857142 0.07142857142857142
5 0.032 -10 0.03125 0.09375 0.03125 0.03125 0.03125 0.09375
5 0.022624 -10 0.0034129692832764505 0.023890784982935155 0.0034129692832764505 0.0034129692832764505 0.0034129692832764505 0.023890784982935155
5 0.016 -10 0.0036900369003690036 0.014760147601476014 0.0036900369003690036 0.0036900369003690036 0.0036900369003690036 0.014760147601476014
5 0.011312 -10 0.0012345679012345679 0.006172839506172839 0.0012345679012345679 0.0012345679012345679 0.0012345679012345679 0.006172839506172839
5 0.008 -10 0.0019047619047619048 0.0019047619047619048 0.0019047619047619048 0.0019047619047619048 0.0019047619047619048 0.0019047619047619048
5 0.005656 -10 0.002777777777777778 0.002777777777777778 0.002777777777777778 0.002777777777777778 0.002777777777777778 0.002777777777777778
5 0.004 -10 0.00013890818169190166 0.00041672454507570494 0.00013890818169190166 0.00013890818169190166 0.00013890818169190166 0.0002778163633838033
5 0.002828 -10 8.1913499344692e-05 0.000327653997378768 8.1913499344692e-05 8.1913499344692e-05 8.1913499344692e-05 0.000327653997378768
5 0.002 -10 3.867125565567114e-06 6.960826018020805e-05 3.867125565567114e-06 3.867125565567114e-06 3.867125565567114e-06 6.574113461464093e-05
5 0.001414 -10 3.970601665270338e-06 2.779421165689237e-05 3.970601665270338e-06 3.970601665270338e-06 3.970601665270338e-06 2.779421165689237e-05
5 0.001 -10 9.698850686193686e-07 1.4548276029290528e-05 9.698850686193686e-07 9.698850686193686e-07 9.698850686193686e-07 1.4548276029290528e-05
