3 0.181 -10 0.3448275862068966 0.8275862068965517 0.3448275862068966 0.3448275862068966 0.3448275862068966 0.8275862068965517
3 0.128 -10 0.3448275862068966 0.7241379310344828 0.3448275862068966 0.3448275862068966 0.3448275862068966 0.7241379310344828
3 0.090496 -10 0.24390243902439024 0.24390243902439024 0.24390243902439024 0.24390243902439024 0.24390243902439024 0.04878048780487805
3 0.064 -10 0.13157894736842105 0.13157894736842105 0.13157894736842105 0.13157894736842105 0.13157894736842105 0.02631578947368421
3 0.045249 -10 0.12048192771084337 0.12048192771084337 0.12048192771084337 0.12048192771084337 0.12048192771084337 0.04819277108433735
3 0.032 -10 0.1282051282051282 0.1282051282051282 0.1282051282051282 0.1282051282051282 0.1282051282051282 0.05128205128205128
3 0.022624 -10 0.011641443538998836 0.011641443538998836 0.011641443538998836 0.011641443538998836 0.011641443538998836 0.004656577415599534
3 0.016 -10 0.010626992561105207 0.010626992561105207 0.010626992561105207 0.010626992561105207 0.010626992561105207 0.0010626992561105207
3 0.011312 -10 0.0040290088638195 0.0040290088638195 0.0040290088638195 0.0040290088638195 0.0040290088638195 0.0
3 0.008 -10 0.0011824524062906468 0.0015371881281778408 0.0011824524062906468 0.0011824524062906468 0.0011824524062906468 0.0008277166844034528
3 0.005656 -10 0.0018304960644334614 0.0020135456708768075 0.0018304960644334614 0.0018304960644334614 0.0018304960644334614 0.0005491488193300384
3 0.004 -10 0.00046550600502746485 0.0006051578065357043 0.00046550600502746485 0.00046550600502746485 0.00046550600502746485 0.00023275300251373243
3 0.002828 -10 0.0005176251358765981 0.0005176251358765981 0.0005176251358765981 0.0005176251358765981 0.0005176251358765981 0.00010352502717531963
3 0.002 -10 0.00012544061014312775 0.00015052873217175327 0.00012544061014312775 0.00012544061014312775 0.00012544061014312775 5.0176244057251095e-05
3 0.001414 -10 6.122124132188904e-05 6.122124132188904e-05 6.122124132188904e-05 6.122124132188904e-05 6.122124132188904e-05 6.1221241321889045e-06
3 0.001 -10 5.4765112432775826e-05 5.4765112432775826e-05 5.4765112432775826e-05 5.4765112432775826e-05 5.4765112432775826e-05 5.476511243277582e-06
