4 0.181 -10 0.5 0.5 0.5 0.5 0.5 0.5
4 0.128 -10 0.5 1.0 0.5 0.5 0.5 0.5
4 0.090496 -10 0.25 0.75 0.25 0.25 0.25 0.5
4 0.064 -10 0.25 0.25 0.25 0.25 0.25 0.25
4 0.045249 -10 0.018518518518518517 0.07407407407407407 0.018518518518518517 0.018518518518518517 0.018518518518518517 0.05555555555555555
4 0.032 -10 0.010752688172043012 0.053763440860215055 0.010752688172043012 0.010752688172043012 0.010752688172043012 0.053763440860215055
4 0.022624 -10 0.017543859649122806 0.017543859649122806 0.017543859649122806 0.017543859649122806 0.017543859649122806 0.0
4 0.016 -10 0.010638297872340425 0.010638297872340425 0.010638297872340425 0.010638297872340425 0.010638297872340425 0.010638297872340425
4 0.011312 -10 0.037037037037037035 0.07407407407407407 0.037037037037037035 0.037037037037037035 0.037037037037037035 0.07407407407407407
4 0.008 -10 0.0021598272138228943 0.0064794816414686825 0.0021598272138228943 0.0021598272138228943 0.0021598272138228943 0.0064794816414686825
4 0.005656 -10 0.00045351473922902497 0.0031746031746031746 0.00045351473922902497 0.00045351473922902497 0.00045351473922902497 0.0031746031746031746
4 0.004 -10 0.0003614022406938923 0.0007228044813877846 0.0003614022406938923 0.0003614022406938923 0.0003614022406938923 0.0003614022406938923
4 0.002828 -10 0.002136752136752137 0.002136752136752137 0.002136752136752137 0.002136752136752137 0.002136752136752137 0.002136752136752137
4 0.002 -10 0.0005455537370430987 0.0005455537370430987 0.0005455537370430987 0.0005455537370430987 0.0005455537370430987 0.0
4 0.001414 -10 0.00016963528413910093 0.00016963528413910093 0.00016963528413910093 0.00016963528413910093 0.00016963528413910093 0.00016963528413910093
4 0.001 -10 2.420252674379205e-05 9.68101069751682e-05 2.420252674379205e-05 2.420252674379205e-05 2.420252674379205e-05 9.68101069751682e-05
