3 0.181 -10 0.4833252779120348 0.8482358627356211 0.4833252779120348 0.4833252779120348 0.4833252779120348 0.8298695021749638
3 0.128 -10 0.33377837116154874 0.6949265687583445 0.33377837116154874 0.33377837116154874 0.33377837116154874 0.6618825100133512
3 0.090496 -10 0.2163097555699762 0.2262600043261951 0.2163097555699762 0.2163097555699762 0.2163097555699762 0.07938568029418126
3 0.064 -10 0.12619888944977284 0.13137304391721352 0.12619888944977284 0.12619888944977284 0.12619888944977284 0.048965169106511865
3 0.045249 -10 0.06718172657037286 0.06859254282835069 0.06718172657037286 0.06718172657037286 0.06718172657037286 0.024521330198186093
3 0.032 -10 0.0372079178449174 0.037952076201815746 0.0372079178449174 0.0372079178449174 0.0372079178449174 0.014325048370293199
3 0.022624 -10 0.018670301151957582 0.019435783499187842 0.018670301151957582 0.018670301151957582 0.018670301151957582 0.006235880584753832
3 0.016 -10 0.01013787510137875 0.010218978102189781 0.01013787510137875 0.01013787510137875 0.01013787510137875 0.0019464720194647203
3 0.011312 -10 0.0046465594550515075 0.00514838787619707 0.0046465594550515075 0.0046465594550515075 0.0046465594550515075 0.0010872949124820527
3 0.008 -10 0.0023376884469099267 0.0027491216135660736 0.0023376884469099267 0.0023376884469099267 0.0023376884469099267 0.0009724783939145294
3 0.005656 -10 0.0013610034406166978 0.0014317756195287661 0.0013610034406166978 0.0013610034406166978 0.0013610034406166978 0.00041646705282870957
3 0.004 -10 0.0005799222788161931 0.0006732897657056001 0.0005799222788161931 0.0005799222788161931 0.0005799222788161931 0.00022269015506541813
3 0.002828 -10 0.00030704128569239805 0.00035463268497471976 0.00030704128569239805 0.00030704128569239805 0.00030704128569239805 9.45687159932586e-05
3 0.002 -10 0.00015256414559501543 0.00017438081841510264 0.00015256414559501543 0.00015256414559501543 0.00015256414559501543 3.142821399257318e-05
3 0.001414 -10 8.193542619900001e-05 8.480316611596501e-05 8.193542619900001e-05 8.193542619900001e-05 8.193542619900001e-05 1.1552895094059001e-05
3 0.001 -10 4.3887906775063946e-05 4.3887906775063946e-05 4.3887906775063946e-05 4.3887906775063946e-05 4.3887906775063946e-05 6.2320827620590805e-06
