7 0.181 -10 0.746268656716418 1.0 0.746268656716418 0.746268656716418 0.746268656716418 1.0
7 0.128 -10 0.7936507936507936 1.0 0.7936507936507936 0.7936507936507936 0.7936507936507936 1.0
7 0.090496 -10 0.6756756756756757 1.0 0.6756756756756757 0.6756756756756757 0.6756756756756757 1.0
7 0.064 -10 0.4807692307692308 0.9903846153846154 0.4807692307692308 0.4807692307692308 0.4807692307692308 0.9903846153846154
7 0.045249 -10 0.14836795252225518 0.7804154302670623 0.14836795252225518 0.14836795252225518 0.14836795252225518 0.7774480712166172
7 0.032 -10 0.03875968992248062 0.44651162790697674 0.03875968992248062 0.03875968992248062 0.03875968992248062 0.4441860465116279
7 0.022624 -10 0.01150483202945237 0.21813161527841693 0.01150483202945237 0.01150483202945237 0.01150483202945237 0.21744132535664978
7 0.016 -10 0.003588087549336204 0.1004664513814137 0.003588087549336204 0.003588087549336204 0.003588087549336204 0.10010764262648009
7 0.011312 -10 0.0009154994049253868 0.046617229698800694 0.0009154994049253868 0.0009154994049253868 0.0009154994049253868 0.046397509841618605
7 0.008 -10 0.00022292170098174718 0.023112521957787548 0.00022292170098174718 0.00022292170098174718 0.00022292170098174718 0.023054562315532292
7 0.005656 -10 0.00011242523721725053 0.01048702612762513 0.00011242523721725053 0.00011242523721725053 0.00011242523721725053 0.01046004407069299
7 0.004 -10 2.2329293666385167e-05 0.004607873040995244 2.2329293666385167e-05 2.2329293666385167e-05 2.2329293666385167e-05 0.004600281081148672
7 0.002828 -10 8.322354760345311e-06 0.0023099527872814446 8.322354760345311e-06 8.322354760345311e-06 8.322354760345311e-06 0.00230695673956772
7 0.002 -10 2.740681887134883e-06 0.0010924358002119643 2.740681887134883e-06 2.740681887134883e-06 2.740681887134883e-06 0.0010913395274571103
7 0.001414 -10 7.837369688446058e-07 0.0005061530092192233 7.837369688446058e-07 7.837369688446058e-07 7.837369688446058e-07 0.0005058708639104393
7 0.001 -10 2.3460800350470574e-07 0.00021968693448180644 2.3460800350470574e-07 2.3460800350470574e-07 2.3460800350470574e-07 0.00021960716776061486
