7 0.181 -10 0.7692307692307693 1.0 0.7692307692307693 0.7692307692307693 0.7692307692307693 1.0
7 0.128 -10 0.8064516129032258 1.0 0.8064516129032258 0.8064516129032258 0.8064516129032258 1.0
7 0.090496 -10 0.684931506849315 1.0 0.684931506849315 0.684931506849315 0.684931506849315 1.0
7 0.064 -10 0.7692307692307693 1.0 0.7692307692307693 0.7692307692307693 0.7692307692307693 1.0
7 0.045249 -10 0.78125 1.0 0.78125 0.78125 0.78125 1.0
7 0.032 -10 0.7246376811594203 1.0 0.7246376811594203 0.7246376811594203 0.7246376811594203 1.0
7 0.022624 -10 0.7692307692307693 1.0 0.7692307692307693 0.7692307692307693 0.7692307692307693 1.0
7 0.016 -10 0.746268656716418 1.0 0.746268656716418 0.746268656716418 0.746268656716418 1.0
7 0.011312 -10 0.6944444444444444 1.0 0.6944444444444444 0.6944444444444444 0.6944444444444444 1.0
7 0.008 -10 0.5 0.98 0.5 0.5 0.5 0.98
7 0.005656 -10 0.23255813953488372 0.7348837209302326 0.23255813953488372 0.23255813953488372 0.23255813953488372 0.7348837209302326
7 0.004 -10 0.08038585209003216 0.5 0.08038585209003216 0.08038585209003216 0.08038585209003216 0.5
7 0.002828 -10 0.03679175864606328 0.2913907284768212 0.03679175864606328 0.03679175864606328 0.03679175864606328 0.29065489330389993
7 0.002 -10 0.017593244194229415 0.18296973961998592 0.017593244194229415 0.017593244194229415 0.017593244194229415 0.18261787473610133
7 0.001414 -10 0.005095801059926621 0.0993681206685691 0.005095801059926621 0.005095801059926621 0.005095801059926621 0.09896045658377498
7 0.001 -10 0.002962962962962963 0.05594074074074074 0.002962962962962963 0.002962962962962963 0.002962962962962963 0.05570370370370371
7 0.181 -10 0.7598784194528876 1.0 0.7598784194528876 0.7598784194528876 0.7598784194528876 1.0
7 0.128 -10 0.7598784194528876 1.0 0.7598784194528876 0.7598784194528876 0.7598784194528876 1.0
7 0.090496 -10 0.7507507507507507 1.0 0.7507507507507507 0.7507507507507507 0.7507507507507507 1.0
7 0.064 -10 0.7552870090634441 1.0 0.7552870090634441 0.7552870090634441 0.7552870090634441 1.0
7 0.045249 -10 0.7692307692307693 1.0 0.7692307692307693 0.7692307692307693 0.7692307692307693 1.0
7 0.032 -10 0.7739938080495357 1.0 0.7739938080495357 0.7739938080495357 0.7739938080495357 1.0
7 0.022624 -10 0.7739938080495357 1.0 0.7739938080495357 0.7739938080495357 0.7739938080495357 1.0
7 0.016 -10 0.7396449704142012 1.0 0.7396449704142012 0.7396449704142012 0.7396449704142012 1.0
7 0.011312 -10 0.6738544474393531 1.0 0.6738544474393531 0.6738544474393531 0.6738544474393531 1.0
7 0.008 -10 0.4770992366412214 0.9637404580152672 0.4770992366412214 0.4770992366412214 0.4770992366412214 0.9637404580152672
7 0.005656 -10 0.22123893805309736 0.7734513274336283 0.22123893805309736 0.22123893805309736 0.22123893805309736 0.7734513274336283
7 0.004 -10 0.08463100880162491 0.5016926201760324 0.08463100880162491 0.08463100880162491 0.08463100880162491 0.5010155721056195
7 0.002828 -10 0.03508279539713725 0.2983440920572551 0.03508279539713725 0.03508279539713725 0.03508279539713725 0.29750210496772383
7 0.002 -10 0.01227054088544223 0.17522332384411504 0.01227054088544223 0.01227054088544223 0.01227054088544223 0.17473250220869735
7 0.001414 -10 0.005292685508627077 0.09694082777601355 0.005292685508627077 0.005292685508627077 0.005292685508627077 0.09670794961363396
7 0.001 -10 0.002695737499865213 0.0541519748972924 0.002695737499865213 0.002695737499865213 0.002695737499865213 0.05401179654729941
