7 0.181 -10 0.7936507936507936 1.0 0.7936507936507936 0.7936507936507936 0.7936507936507936 1.0
7 0.128 -10 0.6756756756756757 1.0 0.6756756756756757 0.6756756756756757 0.6756756756756757 1.0
7 0.090496 -10 0.8620689655172413 1.0 0.8620689655172413 0.8620689655172413 0.8620689655172413 1.0
7 0.064 -10 0.8064516129032258 1.0 0.8064516129032258 0.8064516129032258 0.8064516129032258 1.0
7 0.045249 -10 0.819672131147541 1.0 0.819672131147541 0.819672131147541 0.819672131147541 1.0
7 0.032 -10 0.7352941176470589 1.0 0.7352941176470589 0.7352941176470589 0.7352941176470589 1.0
7 0.022624 -10 0.625 1.0 0.625 0.625 0.625 1.0
7 0.016 -10 0.6578947368421053 1.0 0.6578947368421053 0.6578947368421053 0.6578947368421053 1.0
7 0.011312 -10 0.32051282051282054 0.9615384615384616 0.32051282051282054 0.32051282051282054 0.32051282051282054 0.9615384615384616
7 0.008 -10 0.13054830287206268 0.8015665796344648 0.13054830287206268 0.13054830287206268 0.13054830287206268 0.8015665796344648
7 0.005656 -10 0.033647375504710635 0.5652759084791387 0.033647375504710635 0.033647375504710635 0.033647375504710635 0.5652759084791387
7 0.004 -10 0.011715089034676664 0.3212277413308341 0.011715089034676664 0.011715089034676664 0.011715089034676664 0.3212277413308341
7 0.002828 -10 0.0025055121266786932 0.17603728202044497 0.0025055121266786932 0.0025055121266786932 0.0025055121266786932 0.17588695129284426
7 0.002 -10 0.0010824385174922064 0.0848198822306893 0.0010824385174922064 0.0010824385174922064 0.0010824385174922064 0.08477658468998961
7 0.001414 -10 0.00024488436560256245 0.04154708146813075 0.00024488436560256245 0.00024488436560256245 0.00024488436560256245 0.04151769534425844
7 0.001 -10 9.110986391830725e-05 0.021286908605873307 9.110986391830725e-05 9.110986391830725e-05 9.110986391830725e-05 0.02128144201403821
7 0.181 -10 0.7331378299120235 1.0 0.7331378299120235 0.7331378299120235 0.7331378299120235 1.0
7 0.128 -10 0.7668711656441718 1.0 0.7668711656441718 0.7668711656441718 0.7668711656441718 1.0
7 0.090496 -10 0.7861635220125787 1.0 0.7861635220125787 0.7861635220125787 0.7861635220125787 1.0
7 0.064 -10 0.78125 1.0 0.78125 0.78125 0.78125 1.0
7 0.045249 -10 0.7886435331230284 1.0 0.7886435331230284 0.7886435331230284 0.7886435331230284 1.0
7 0.032 -10 0.7331378299120235 1.0 0.7331378299120235 0.7331378299120235 0.7331378299120235 1.0
7 0.022624 -10 0.7183908045977011 1.0 0.7183908045977011 0.7183908045977011 0.7183908045977011 1.0
7 0.016 -10 0.6561679790026247 1.0 0.6561679790026247 0.6561679790026247 0.6561679790026247 1.0
7 0.011312 -10 0.3429355281207133 0.9725651577503429 0.3429355281207133 0.3429355281207133 0.3429355281207133 0.9725651577503429
7 0.008 -10 0.12315270935960591 0.8133004926108375 0.12315270935960591 0.12315270935960591 0.12315270935960591 0.8123152709359606
7 0.005656 -10 0.03474152306837132 0.5514174541411896 0.03474152306837132 0.03474152306837132 0.03474152306837132 0.5508615897720957
7 0.004 -10 0.010548078140162863 0.3259778068435931 0.010548078140162863 0.010548078140162863 0.010548078140162863 0.32585122990591114
7 0.002828 -10 0.00259330719279683 0.17528681977552332 0.00259330719279683 0.00259330719279683 0.00259330719279683 0.1751519678014979
7 0.002 -10 0.0008198226559630621 0.08308082795529671 0.0008198226559630621 0.0008198226559630621 0.0008198226559630621 0.08303491788656278
7 0.001414 -10 0.00026488662852299215 0.041788514515787245 0.00026488662852299215 0.00026488662852299215 0.00026488662852299215 0.04177050222504768
7 0.001 -10 8.649776766561209e-05 0.021190569113792312 8.649776766561209e-05 8.649776766561209e-05 8.649776766561209e-05 0.021182265328096413
