3 0.181 -10 0.8064516129032258 1.0 0.8064516129032258 0.8064516129032258 0.8064516129032258 1.0
3 0.128 -10 0.7246376811594203 1.0 0.7246376811594203 0.7246376811594203 0.7246376811594203 1.0
3 0.090496 -10 0.7246376811594203 1.0 0.7246376811594203 0.7246376811594203 0.7246376811594203 1.0
3 0.064 -10 0.7352941176470589 1.0 0.7352941176470589 0.7352941176470589 0.7352941176470589 1.0
3 0.045249 -10 0.7575757575757576 1.0 0.7575757575757576 0.7575757575757576 0.7575757575757576 1.0
3 0.032 -10 0.684931506849315 1.0 0.684931506849315 0.684931506849315 0.684931506849315 1.0
3 0.022624 -10 0.5952380952380952 0.9047619047619048 0.5952380952380952 0.5952380952380952 0.5952380952380952 0.9047619047619048
3 0.016 -10 0.3937007874015748 0.7007874015748031 0.3937007874015748 0.3937007874015748 0.3937007874015748 0.7007874015748031
3 0.011312 -10 0.22935779816513763 0.573394495412844 0.22935779816513763 0.22935779816513763 0.22935779816513763 0.555045871559633
3 0.008 -10 0.11600928074245939 0.3433874709976798 0.11600928074245939 0.11600928074245939 0.11600928074245939 0.33178654292343385
3 0.005656 -10 0.07564296520423601 0.22844175491679275 0.07564296520423601 0.07564296520423601 0.07564296520423601 0.22390317700453857
3 0.004 -10 0.05263157894736842 0.12210526315789473 0.05263157894736842 0.05263157894736842 0.05263157894736842 0.11894736842105263
3 0.002828 -10 0.02077274615704196 0.061487328624844205 0.02077274615704196 0.02077274615704196 0.02077274615704196 0.059410054009140005
3 0.002 -10 0.010843634786380394 0.031229668184775537 0.010843634786380394 0.010843634786380394 0.010843634786380394 0.02775970505313381
3 0.001414 -10 0.008226390259953932 0.020236920039486673 0.008226390259953932 0.008226390259953932 0.008226390259953932 0.01809805857189865
3 0.001 -10 0.004219409282700422 0.01130801687763713 0.004219409282700422 0.004219409282700422 0.004219409282700422 0.010126582278481013
