3 0.181 -10 0.7692307692307693 1.0 0.7692307692307693 0.7692307692307693 0.7692307692307693 1.0
3 0.128 -10 0.704225352112676 1.0 0.704225352112676 0.704225352112676 0.704225352112676 1.0
3 0.090496 -10 0.5102040816326531 0.8979591836734694 0.5102040816326531 0.5102040816326531 0.5102040816326531 0.8163265306122449
3 0.064 -10 0.4 0.624 0.4 0.4 0.4 0.504
3 0.045249 -10 0.2702702702702703 0.4540540540540541 0.2702702702702703 0.2702702702702703 0.2702702702702703 0.3891891891891892
3 0.032 -10 0.1187648456057007 0.2327790973871734 0.1187648456057007 0.1187648456057007 0.1187648456057007 0.1828978622327791
3 0.022624 -10 0.08417508417508418 0.12962962962962962 0.08417508417508418 0.08417508417508418 0.08417508417508418 0.1026936026936027
3 0.016 -10 0.031525851197982346 0.05548549810844893 0.031525851197982346 0.031525851197982346 0.031525851197982346 0.04287515762925599
3 0.011312 -10 0.02679528403001072 0.03804930332261522 0.02679528403001072 0.02679528403001072 0.02679528403001072 0.021436227224008574
3 0.008 -10 0.008598452278589854 0.012209802235597592 0.008598452278589854 0.008598452278589854 0.008598452278589854 0.007910576096302666
3 0.005656 -10 0.004182000669120107 0.0072766811642689866 0.004182000669120107 0.004182000669120107 0.004182000669120107 0.004851120776179324
3 0.004 -10 0.0018344584678602876 0.0030085118872908716 0.0018344584678602876 0.0018344584678602876 0.0018344584678602876 0.0019078368065746992
3 0.002828 -10 0.0013428947439099723 0.002229205274890554 0.0013428947439099723 0.0013428947439099723 0.0013428947439099723 0.0014771842183009696
3 0.002 -10 0.0006559355608904981 0.001023259474989177 0.0006559355608904981 0.0006559355608904981 0.0006559355608904981 0.0006165794272370682
3 0.001414 -10 0.00033622034536553877 0.0005177793318629297 0.00033622034536553877 0.00033622034536553877 0.00033622034536553877 0.00032277153155091723
3 0.001 -10 0.0007299483196589681 0.0007591462524453268 0.0007299483196589681 0.0007299483196589681 0.0007299483196589681 7.299483196589681e-05
