5 0.181 -10 0.704225352112676 1.0 0.704225352112676 0.704225352112676 0.704225352112676 1.0
5 0.128 -10 0.6944444444444444 1.0 0.6944444444444444 0.6944444444444444 0.6944444444444444 1.0
5 0.090496 -10 0.7142857142857143 1.0 0.7142857142857143 0.7142857142857143 0.7142857142857143 1.0
5 0.064 -10 0.819672131147541 1.0 0.819672131147541 0.819672131147541 0.819672131147541 1.0
5 0.045249 -10 0.78125 1.0 0.78125 0.78125 0.78125 1.0
5 0.032 -10 0.7936507936507936 1.0 0.7936507936507936 0.7936507936507936 0.7936507936507936 1.0
5 0.022624 -10 0.7246376811594203 0.9855072463768116 0.7246376811594203 0.7246376811594203 0.7246376811594203 0.9855072463768116
5 0.016 -10 0.5813953488372093 0.9534883720930233 0.5813953488372093 0.5813953488372093 0.5813953488372093 0.9534883720930233
5 0.011312 -10 0.25773195876288657 0.6958762886597938 0.25773195876288657 0.25773195876288657 0.25773195876288657 0.6958762886597938
5 0.008 -10 0.1519756838905775 0.5227963525835866 0.1519756838905775 0.1519756838905775 0.1519756838905775 0.5197568389057751
5 0.005656 -10 0.07194244604316546 0.32805755395683456 0.07194244604316546 0.07194244604316546 0.07194244604316546 0.3251798561151079
5 0.004 -10 0.03736920777279522 0.17713004484304934 0.03736920777279522 0.03736920777279522 0.03736920777279522 0.17638266068759342
5 0.002828 -10 0.015659254619480114 0.10303789539617914 0.015659254619480114 0.015659254619480114 0.015659254619480114 0.10303789539617914
5 0.002 -10 0.008605851979345954 0.062478485370051635 0.008605851979345954 0.008605851979345954 0.008605851979345954 0.06230636833046472
5 0.001414 -10 0.003631609529343405 0.03522661243463103 0.003631609529343405 0.003631609529343405 0.003631609529343405 0.035008715862870424
5 0.001 -10 0.001430246860608141 0.017792270945965274 0.001430246860608141 0.001430246860608141 0.001430246860608141 0.017792270945965274
5 0.181 -10 0.746268656716418 1.0 0.746268656716418 0.746268656716418 0.746268656716418 1.0
5 0.128 -10 0.7692307692307693 1.0 0.7692307692307693 0.7692307692307693 0.7692307692307693 1.0
5 0.090496 -10 0.7352941176470589 1.0 0.7352941176470589 0.7352941176470589 0.7352941176470589 1.0
5 0.064 -10 0.7716049382716049 1.0 0.7716049382716049 0.7716049382716049 0.7716049382716049 1.0
5 0.045249 -10 0.7692307692307693 1.0 0.7692307692307693 0.7692307692307693 0.7692307692307693 1.0
5 0.032 -10 0.7142857142857143 0.9914285714285714 0.7142857142857143 0.7142857142857143 0.7142857142857143 0.9914285714285714
5 0.022624 -10 0.6756756756756757 0.9837837837837838 0.6756756756756757 0.6756756756756757 0.6756756756756757 0.9837837837837838
5 0.016 -10 0.4798464491362764 0.8867562380038387 0.4798464491362764 0.4798464491362764 0.4798464491362764 0.8867562380038387
5 0.011312 -10 0.2834467120181406 0.7312925170068028 0.2834467120181406 0.2834467120181406 0.2834467120181406 0.7301587301587301
5 0.008 -10 0.1753155680224404 0.5266479663394109 0.1753155680224404 0.1753155680224404 0.1753155680224404 0.5245441795231417
5 0.005656 -10 0.08059316569954868 0.3168923275306254 0.08059316569954868 0.08059316569954868 0.08059316569954868 0.31495809155383625
5 0.004 -10 0.037125037125037126 0.17805167805167804 0.037125037125037126 0.037125037125037126 0.037125037125037126 0.17745767745767746
5 0.002828 -10 0.019007070630274462 0.10674370865962138 0.019007070630274462 0.019007070630274462 0.019007070630274462 0.10628753896449479
5 0.002 -10 0.008067639086097844 0.06021685813863431 0.008067639086097844 0.008067639086097844 0.008067639086097844 0.05999096424422357
5 0.001414 -10 0.0034785512529741614 0.03431242955933713 0.0034785512529741614 0.0034785512529741614 0.0034785512529741614 0.03413154489418247
5 0.001 -10 0.0017267459127924243 0.018448553332274263 0.0017267459127924243 0.0017267459127924243 0.0017267459127924243 0.0183035066755997
