5 0.181 -10 0.8333333333333334 1.0 0.8333333333333334 0.8333333333333334 0.8333333333333334 1.0
5 0.128 -10 0.6666666666666666 1.0 0.6666666666666666 0.6666666666666666 0.6666666666666666 1.0
5 0.090496 -10 0.6493506493506493 0.961038961038961 0.6493506493506493 0.6493506493506493 0.6493506493506493 0.961038961038961
5 0.064 -10 0.34965034965034963 0.8251748251748252 0.34965034965034963 0.34965034965034963 0.34965034965034963 0.8181818181818182
5 0.045249 -10 0.18518518518518517 0.6222222222222222 0.18518518518518517 0.18518518518518517 0.18518518518518517 0.6074074074074074
5 0.032 -10 0.06361323155216285 0.2824427480916031 0.06361323155216285 0.06361323155216285 0.06361323155216285 0.27353689567430023
5 0.022624 -10 0.03654970760233918 0.14912280701754385 0.03654970760233918 0.03654970760233918 0.03654970760233918 0.1425438596491228
5 0.016 -10 0.010897994768962511 0.057759372275501306 0.010897994768962511 0.010897994768962511 0.010897994768962511 0.05448997384481256
5 0.011312 -10 0.0036067229315443986 0.029358724662771406 0.0036067229315443986 0.0036067229315443986 0.0036067229315443986 0.0287816489937243
5 0.008 -10 0.0012624668602449186 0.012801413962883474 0.0012624668602449186 0.0012624668602449186 0.0012624668602449186 0.012271177881580608
5 0.005656 -10 0.0004304630060092636 0.005527144997158944 0.0004304630060092636 0.0004304630060092636 0.0004304630060092636 0.005346350534635054
5 0.004 -10 0.00017659669905450127 0.0024405663809332076 0.00017659669905450127 0.00017659669905450127 0.00017659669905450127 0.002348736097424867
5 0.002828 -10 6.766339356277539e-05 0.0011191525295283049 6.766339356277539e-05 6.766339356277539e-05 6.766339356277539e-05 0.0010785544933906398
5 0.002 -10 3.4778737670937495e-05 0.0005140297427764562 3.4778737670937495e-05 3.4778737670937495e-05 3.4778737670937495e-05 0.0004917713506670562
5 0.001414 -10 1.5038973499824797e-05 0.0002418266938771827 1.5038973499824797e-05 1.5038973499824797e-05 1.5038973499824797e-05 0.00023009629454731937
5 0.001 -10 6.389565685885373e-06 0.00010389433805249616 6.389565685885373e-06 6.389565685885373e-06 6.389565685885373e-06 9.891047681750556e-05
