5 0.181 -10 0.7936507936507936 1.0 0.7936507936507936 0.7936507936507936 0.7936507936507936 1.0
5 0.128 -10 0.746268656716418 1.0 0.746268656716418 0.746268656716418 0.746268656716418 1.0
5 0.090496 -10 0.7142857142857143 1.0 0.7142857142857143 0.7142857142857143 0.7142857142857143 1.0
5 0.064 -10 0.704225352112676 1.0 0.704225352112676 0.704225352112676 0.704225352112676 1.0
5 0.045249 -10 0.8771929824561403 1.0 0.8771929824561403 0.8771929824561403 0.8771929824561403 1.0
5 0.032 -10 0.6666666666666666 1.0 0.6666666666666666 0.6666666666666666 0.6666666666666666 1.0
5 0.022624 -10 0.625 1.0 0.625 0.625 0.625 1.0
5 0.016 -10 0.625 1.0 0.625 0.625 0.625 1.0
5 0.011312 -10 0.352112676056338 0.8661971830985915 0.352112676056338 0.352112676056338 0.352112676056338 0.8661971830985915
5 0.008 -10 0.12531328320802004 0.5889724310776943 0.12531328320802004 0.12531328320802004 0.12531328320802004 0.5839598997493735
5 0.005656 -10 0.03579098067287044 0.33786685755189694 0.03579098067287044 0.03579098067287044 0.03579098067287044 0.3364352183249821
5 0.004 -10 0.0195160031225605 0.18032786885245902 0.0195160031225605 0.0195160031225605 0.0195160031225605 0.1791569086651054
5 0.002828 -10 0.005661231884057971 0.09397644927536232 0.005661231884057971 0.005661231884057971 0.005661231884057971 0.09307065217391304
5 0.002 -10 0.0023603833262521834 0.04635792852759288 0.0023603833262521834 0.0023603833262521834 0.0023603833262521834 0.04593305952886749
5 0.001414 -10 0.0007186282823346795 0.020524023743478448 0.0007186282823346795 0.0007186282823346795 0.0007186282823346795 0.020394670652658205
5 0.001 -10 0.00035655199954361344 0.01074647726624451 0.00035655199954361344 0.00035655199954361344 0.00035655199954361344 0.010639511666381425
5 0.181 -10 0.7598784194528876 1.0 0.7598784194528876 0.7598784194528876 0.7598784194528876 1.0
5 0.128 -10 0.7396449704142012 1.0 0.7396449704142012 0.7396449704142012 0.7396449704142012 1.0
5 0.090496 -10 0.7621951219512195 1.0 0.7621951219512195 0.7621951219512195 0.7621951219512195 1.0
5 0.064 -10 0.7374631268436578 1.0 0.7374631268436578 0.7374631268436578 0.7374631268436578 1.0
5 0.045249 -10 0.7331378299120235 1.0 0.7331378299120235 0.7331378299120235 0.7331378299120235 1.0
5 0.032 -10 0.7204610951008645 1.0 0.7204610951008645 0.7204610951008645 0.7204610951008645 1.0
5 0.022624 -10 0.6476683937823834 1.0 0.6476683937823834 0.6476683937823834 0.6476683937823834 1.0
5 0.016 -10 0.5458515283842795 0.9781659388646288 0.5458515283842795 0.5458515283842795 0.5458515283842795 0.9781659388646288
5 0.011312 -10 0.31806615776081426 0.8460559796437659 0.31806615776081426 0.31806615776081426 0.31806615776081426 0.8460559796437659
5 0.008 -10 0.13347570742124934 0.5723438334223171 0.13347570742124934 0.13347570742124934 0.13347570742124934 0.5707421249332622
5 0.005656 -10 0.05152514427040396 0.33676834295136027 0.05152514427040396 0.05152514427040396 0.05152514427040396 0.3351195383347073
5 0.004 -10 0.019081056327278276 0.1856205159517631 0.019081056327278276 0.019081056327278276 0.019081056327278276 0.18439932834681727
5 0.002828 -10 0.0055683007773347885 0.09276789095039757 0.0055683007773347885 0.0055683007773347885 0.0055683007773347885 0.09203287524778939
5 0.002 -10 0.0021831201152687422 0.0417237916430162 0.0021831201152687422 0.0021831201152687422 0.0021831201152687422 0.041330830022267825
5 0.001414 -10 0.0007665137727194682 0.020557899384336137 0.0007665137727194682 0.0007665137727194682 0.0007665137727194682 0.020398464519610488
5 0.001 -10 0.00034302069512457827 0.010836709800375677 0.00034302069512457827 0.00034302069512457827 0.00034302069512457827 0.010737919840179798
