4 0.181 -10 0.7142857142857143 1.0 0.7142857142857143 0.7142857142857143 0.7142857142857143 1.0
4 0.128 -10 0.7936507936507936 1.0 0.7936507936507936 0.7936507936507936 0.7936507936507936 1.0
4 0.090496 -10 0.7142857142857143 1.0 0.7142857142857143 0.7142857142857143 0.7142857142857143 1.0
4 0.064 -10 0.7246376811594203 1.0 0.7246376811594203 0.7246376811594203 0.7246376811594203 1.0
4 0.045249 -10 0.7692307692307693 1.0 0.7692307692307693 0.7692307692307693 0.7692307692307693 1.0
4 0.032 -10 0.6493506493506493 1.0 0.6493506493506493 0.6493506493506493 0.6493506493506493 1.0
4 0.022624 -10 0.3937007874015748 0.905511811023622 0.3937007874015748 0.3937007874015748 0.3937007874015748 0.8976377952755905
4 0.016 -10 0.1968503937007874 0.7244094488188977 0.1968503937007874 0.1968503937007874 0.1968503937007874 0.7244094488188977
4 0.011312 -10 0.08650519031141868 0.41695501730103807 0.08650519031141868 0.08650519031141868 0.08650519031141868 0.4117647058823529
4 0.008 -10 0.03518648838845883 0.23363828289936664 0.03518648838845883 0.03518648838845883 0.03518648838845883 0.22448979591836735
4 0.005656 -10 0.014602803738317757 0.11302570093457943 0.014602803738317757 0.014602803738317757 0.014602803738317757 0.10835280373831775
4 0.004 -10 0.0049178715451952395 0.054293301858955444 0.0049178715451952395 0.0049178715451952395 0.0049178715451952395 0.052817940395396876
4 0.002828 -10 0.003044881554107545 0.025333414530174778 0.003044881554107545 0.003044881554107545 0.003044881554107545 0.023932769015285304
4 0.002 -10 0.0010564793880871385 0.010564793880871384 0.0010564793880871385 0.0010564793880871385 0.0010564793880871385 0.010015424599066073
4 0.001414 -10 0.0004677049717038492 0.005032505495533418 0.0004677049717038492 0.0004677049717038492 0.0004677049717038492 0.004751882512511108
4 0.001 -10 0.0002277375188452797 0.0024049081990061534 0.0002277375188452797 0.0002277375188452797 0.0002277375188452797 0.002250046686191363
4 0.181 -10 0.7911392405063291 1.0 0.7911392405063291 0.7911392405063291 0.7911392405063291 1.0
4 0.128 -10 0.7122507122507122 1.0 0.7122507122507122 0.7122507122507122 0.7122507122507122 1.0
4 0.090496 -10 0.7692307692307693 1.0 0.7692307692307693 0.7692307692307693 0.7692307692307693 1.0
4 0.064 -10 0.7062146892655368 1.0 0.7062146892655368 0.7062146892655368 0.7062146892655368 1.0
4 0.045249 -10 0.6963788300835655 1.0 0.6963788300835655 0.6963788300835655 0.6963788300835655 1.0
4 0.032 -10 0.6188118811881188 1.0 0.6188118811881188 0.6188118811881188 0.6188118811881188 1.0
4 0.022624 -10 0.4098360655737705 0.9262295081967213 0.4098360655737705 0.4098360655737705 0.4098360655737705 0.9229508196721311
4 0.016 -10 0.17568517217146873 0.7322557976106817 0.17568517217146873 0.17568517217146873 0.17568517217146873 0.7259311314125088
4 0.011312 -10 0.09345794392523364 0.4422429906542056 0.09345794392523364 0.09345794392523364 0.09345794392523364 0.428411214953271
4 0.008 -10 0.03292506255761886 0.2278414328987225 0.03292506255761886 0.03292506255761886 0.03292506255761886 0.22072961938627683
4 0.005656 -10 0.01427837112342224 0.11188531612313667 0.01427837112342224 0.01427837112342224 0.01427837112342224 0.10685932948769204
4 0.004 -10 0.005618861393927135 0.05162609848740251 0.005618861393927135 0.005618861393927135 0.005618861393927135 0.04937855392983166
4 0.002828 -10 0.0024530727188876787 0.023529873519570615 0.0024530727188876787 0.0024530727188876787 0.0024530727188876787 0.022175777378744616
4 0.002 -10 0.0010357542362348262 0.010643410531549075 0.0010357542362348262 0.0010357542362348262 0.0010357542362348262 0.010055102125367693
4 0.001414 -10 0.0005105708590661046 0.0050566937881907 0.0005105708590661046 0.0005105708590661046 0.0005105708590661046 0.004738097572133451
4 0.001 -10 0.0002352730814656572 0.0026378817893929485 0.0002352730814656572 0.0002352730814656572 0.0002352730814656572 0.002481660463299752
