5 0.181 -10 0.7936507936507936 1.0 0.7936507936507936 0.7936507936507936 0.7936507936507936 1.0
5 0.128 -10 0.7575757575757576 1.0 0.7575757575757576 0.7575757575757576 0.7575757575757576 1.0
5 0.090496 -10 0.7142857142857143 1.0 0.7142857142857143 0.7142857142857143 0.7142857142857143 1.0
5 0.064 -10 0.6666666666666666 1.0 0.6666666666666666 0.6666666666666666 0.6666666666666666 1.0
5 0.045249 -10 0.8333333333333334 1.0 0.8333333333333334 0.8333333333333334 0.8333333333333334 1.0
5 0.032 -10 0.7936507936507936 1.0 0.7936507936507936 0.7936507936507936 0.7936507936507936 1.0
5 0.022624 -10 0.4854368932038835 1.0 0.4854368932038835 0.4854368932038835 0.4854368932038835 1.0
5 0.016 -10 0.19083969465648856 0.9427480916030534 0.19083969465648856 0.19083969465648856 0.19083969465648856 0.9351145038167938
5 0.011312 -10 0.06631299734748011 0.6856763925729443 0.06631299734748011 0.06631299734748011 0.06631299734748011 0.6830238726790451
5 0.008 -10 0.019936204146730464 0.4003189792663477 0.019936204146730464 0.019936204146730464 0.019936204146730464 0.39872408293460926
5 0.005656 -10 0.007267441860465116 0.19854651162790699 0.007267441860465116 0.007267441860465116 0.007267441860465116 0.19796511627906976
5 0.004 -10 0.0020705648500911047 0.09797912870631108 0.0020705648500911047 0.0020705648500911047 0.0020705648500911047 0.09768924962729833
5 0.002828 -10 0.0005156765676567656 0.04424504950495049 0.0005156765676567656 0.0005156765676567656 0.0005156765676567656 0.04414191419141914
5 0.002 -10 0.00012506065441739243 0.021052710564623843 0.00012506065441739243 0.00012506065441739243 0.00012506065441739243 0.021015192368298626
5 0.001414 -10 6.152899553914782e-05 0.009162898015689893 6.152899553914782e-05 6.152899553914782e-05 6.152899553914782e-05 0.009137055837563452
5 0.001 -10 1.9746112385393564e-05 0.00484767059061412 1.9746112385393564e-05 1.9746112385393564e-05 1.9746112385393564e-05 0.0048374026121737156
5 0.181 -10 0.7163323782234957 1.0 0.7163323782234957 0.7163323782234957 0.7163323782234957 1.0
5 0.128 -10 0.7763975155279503 1.0 0.7763975155279503 0.7763975155279503 0.7763975155279503 1.0
5 0.090496 -10 0.7575757575757576 1.0 0.7575757575757576 0.7575757575757576 0.7575757575757576 1.0
5 0.064 -10 0.7225433526011561 1.0 0.7225433526011561 0.7225433526011561 0.7225433526011561 1.0
5 0.045249 -10 0.7530120481927711 1.0 0.7530120481927711 0.7530120481927711 0.7530120481927711 1.0
5 0.032 -10 0.6983240223463687 1.0 0.6983240223463687 0.6983240223463687 0.6983240223463687 1.0
5 0.022624 -10 0.44563279857397503 0.9964349376114082 0.44563279857397503 0.44563279857397503 0.44563279857397503 0.9964349376114082
5 0.016 -10 0.21132713440405748 0.9298393913778529 0.21132713440405748 0.21132713440405748 0.21132713440405748 0.9281487743026204
5 0.011312 -10 0.06938662225922843 0.688037746322509 0.06938662225922843 0.06938662225922843 0.06938662225922843 0.6863724673882875
5 0.008 -10 0.02230151650312221 0.4063336306868867 0.02230151650312221 0.02230151650312221 0.02230151650312221 0.4045495093666369
5 0.005656 -10 0.0062389259065159346 0.20506101669536572 0.0062389259065159346 0.0062389259065159346 0.0062389259065159346 0.20413765566120137
5 0.004 -10 0.0019508845310463765 0.09508611204320039 0.0019508845310463765 0.0019508845310463765 0.0019508845310463765 0.09468813159886692
5 0.002828 -10 0.0005284741893205936 0.044121253117997715 0.0005284741893205936 0.0005284741893205936 0.0005284741893205936 0.04400076100283262
5 0.002 -10 0.0001594431479944922 0.020912563290957597 0.0001594431479944922 0.0001594431479944922 0.0001594431479944922 0.020864730346559248
5 0.001414 -10 6.076583423955448e-05 0.009159355726596525 6.076583423955448e-05 6.076583423955448e-05 6.076583423955448e-05 0.009138938406292034
5 0.001 -10 1.7713746285161697e-05 0.004828412962409376 1.7713746285161697e-05 1.7713746285161697e-05 1.7713746285161697e-05 0.004821823448791295
