5 0.181 -10 0.847457627118644 1.0 0.847457627118644 0.847457627118644 0.847457627118644 1.0
5 0.128 -10 0.7575757575757576 1.0 0.7575757575757576 0.7575757575757576 0.7575757575757576 1.0
5 0.090496 -10 0.7575757575757576 1.0 0.7575757575757576 0.7575757575757576 0.7575757575757576 1.0
5 0.064 -10 0.36231884057971014 0.9782608695652174 0.36231884057971014 0.36231884057971014 0.36231884057971014 0.9637681159420289
5 0.045249 -10 0.12953367875647667 0.8264248704663213 0.12953367875647667 0.12953367875647667 0.12953367875647667 0.8238341968911918
5 0.032 -10 0.05040322580645161 0.5100806451612904 0.05040322580645161 0.05040322580645161 0.05040322580645161 0.5040322580645161
5 0.022624 -10 0.012416190712689347 0.25428358579587784 0.012416190712689347 0.012416190712689347 0.012416190712689347 0.250558728582071
5 0.016 -10 0.0040099446627636535 0.11941615205710161 0.0040099446627636535 0.0040099446627636535 0.0040099446627636535 0.11805277087176197
5 0.011312 -10 0.0012868687908580841 0.05384259020950224 0.0012868687908580841 0.0012868687908580841 0.0012868687908580841 0.053224893189890356
5 0.008 -10 0.00034395938527578666 0.024173465597182284 0.00034395938527578666 0.00034395938527578666 0.00034395938527578666 0.02398772752913336
5 0.005656 -10 0.00011186783486517689 0.010804195491278784 0.00011186783486517689 0.00011186783486517689 0.00011186783486517689 0.010754973643938105
5 0.004 -10 3.81623456714741e-05 0.004806929060778878 3.81623456714741e-05 3.81623456714741e-05 3.81623456714741e-05 0.004787847887943141
5 0.002828 -10 1.5966682005325847e-05 0.0023087822179701173 1.5966682005325847e-05 1.5966682005325847e-05 1.5966682005325847e-05 0.002296966873286176
5 0.002 -10 5.275573818888707e-06 0.0011067098757264729 5.275573818888707e-06 5.275573818888707e-06 5.275573818888707e-06 0.0011044941347225397
5 0.001414 -10 2.8254699844390064e-06 0.0005569566433326169 2.8254699844390064e-06 2.8254699844390064e-06 2.8254699844390064e-06 0.0005553178707416424
5 0.001 -10 7.023130032634519e-07 0.00025897089682336527 7.023130032634519e-07 7.023130032634519e-07 7.023130032634519e-07 0.00025860569406166824
