5 0.181 -10 1.0 1.0 1.0 1.0 1.0 0.0
5 0.128 -10 1.0 1.0 1.0 1.0 1.0 0.0
5 0.090496 -10 0.9950248756218906 0.9950248756218906 0.9950248756218906 0.9950248756218906 0.9950248756218906 0.0
5 0.064 -10 0.9250693802035153 0.9250693802035153 0.9250693802035153 0.9250693802035153 0.9250693802035153 0.0
5 0.045249 -10 0.6693440428380187 0.6693440428380187 0.6693440428380187 0.6693440428380187 0.6693440428380187 0.0
5 0.032 -10 0.4020908725371934 0.4020908725371934 0.4020908725371934 0.4020908725371934 0.4020908725371934 0.0
5 0.022624 -10 0.20859407592824364 0.20859407592824364 0.20859407592824364 0.20859407592824364 0.20859407592824364 0.0
5 0.016 -10 0.10158472165786266 0.10158472165786266 0.10158472165786266 0.10158472165786266 0.10158472165786266 0.0
5 0.011312 -10 0.04977353043651386 0.04977353043651386 0.04977353043651386 0.04977353043651386 0.04977353043651386 0.0
5 0.008 -10 0.02217983409484097 0.02217983409484097 0.02217983409484097 0.02217983409484097 0.02217983409484097 0.0
