10 0.181 -10 1.0 1.0 1.0 1.0 1.0 0.0
10 0.128 -10 1.0 1.0 1.0 1.0 1.0 0.0
10 0.090496 -10 1.0 1.0 1.0 1.0 1.0 0.0
10 0.064 -10 0.998003992015968 0.998003992015968 0.998003992015968 0.998003992015968 0.998003992015968 0.0
10 0.045249 -10 0.8865248226950354 0.8865248226950354 0.8865248226950354 0.8865248226950354 0.8865248226950354 0.0
10 0.032 -10 0.4185851820845542 0.4185851820845542 0.4185851820845542 0.4185851820845542 0.4185851820845542 0.0
10 0.022624 -10 0.10435145570280706 0.10435145570280706 0.10435145570280706 0.10435145570280706 0.10435145570280706 0.0
10 0.016 -10 0.021385342486259916 0.021385342486259916 0.021385342486259916 0.021385342486259916 0.021385342486259916 0.0
10 0.011312 -10 0.004015096763832008 0.004015096763832008 0.004015096763832008 0.004015096763832008 0.004015096763832008 0.0
10 0.008 -10 0.0008249130335434387 0.0008249130335434387 0.0008249130335434387 0.0008249130335434387 0.0008249130335434387 0.0
