6 0.181 -10 1.0 1.0 1.0 1.0 1.0 0.0
6 0.128 -10 1.0 1.0 1.0 1.0 1.0 0.0
6 0.090496 -10 0.999000999000999 0.999000999000999 0.999000999000999 0.999000999000999 0.999000999000999 0.0
6 0.064 -10 0.9689922480620154 0.9689922480620154 0.9689922480620154 0.9689922480620154 0.9689922480620154 0.0
6 0.045249 -10 0.7961783439490446 0.7961783439490446 0.7961783439490446 0.7961783439490446 0.7961783439490446 0.0
6 0.032 -10 0.546448087431694 0.546448087431694 0.546448087431694 0.546448087431694 0.546448087431694 0.0
6 0.022624 -10 0.32102728731942215 0.32102728731942215 0.32102728731942215 0.32102728731942215 0.32102728731942215 0.0
6 0.016 -10 0.1677289500167729 0.1677289500167729 0.1677289500167729 0.1677289500167729 0.1677289500167729 0.0
6 0.011312 -10 0.08104384471999351 0.08104384471999351 0.08104384471999351 0.08104384471999351 0.08104384471999351 0.0
6 0.008 -10 0.037484069270560014 0.037484069270560014 0.037484069270560014 0.037484069270560014 0.037484069270560014 0.0
