5 0.181 -10 1.0 1.0 1.0 1.0 1.0 0.0
5 0.128 -10 1.0 1.0 1.0 1.0 1.0 0.0
5 0.090496 -10 1.0 1.0 1.0 1.0 1.0 0.0
5 0.064 -10 0.9433962264150944 0.9433962264150944 0.9433962264150944 0.9433962264150944 0.9433962264150944 0.0
5 0.045249 -10 0.7440476190476191 0.7440476190476191 0.7440476190476191 0.7440476190476191 0.7440476190476191 0.0
5 0.032 -10 0.44543429844098 0.44543429844098 0.44543429844098 0.44543429844098 0.44543429844098 0.0
5 0.022624 -10 0.2565418163160595 0.2565418163160595 0.2565418163160595 0.2565418163160595 0.2565418163160595 0.0
5 0.016 -10 0.12169891687963977 0.12169891687963977 0.12169891687963977 0.12169891687963977 0.12169891687963977 0.0
5 0.011312 -10 0.06346385733324872 0.06346385733324872 0.06346385733324872 0.06346385733324872 0.06346385733324872 0.0
5 0.008 -10 0.029335836658061488 0.029335836658061488 0.029335836658061488 0.029335836658061488 0.029335836658061488 0.0
