10 0.181 -10 1.0 1.0 1.0 1.0 1.0 0.0
10 0.128 -10 1.0 1.0 1.0 1.0 1.0 0.0
10 0.090496 -10 1.0 1.0 1.0 1.0 1.0 0.0
10 0.064 -10 0.999000999000999 0.999000999000999 0.999000999000999 0.999000999000999 0.999000999000999 0.0
10 0.045249 -10 0.8417508417508418 0.8417508417508418 0.8417508417508418 0.8417508417508418 0.8417508417508418 0.0
10 0.032 -10 0.27472527472527475 0.27472527472527475 0.27472527472527475 0.27472527472527475 0.27472527472527475 0.0
10 0.022624 -10 0.044497841854670046 0.044497841854670046 0.044497841854670046 0.044497841854670046 0.044497841854670046 0.0
10 0.016 -10 0.006556603155037438 0.006556603155037438 0.006556603155037438 0.006556603155037438 0.006556603155037438 0.0
10 0.011312 -10 0.0009337756940054402 0.0009337756940054402 0.0009337756940054402 0.0009337756940054402 0.0009337756940054402 0.0
10 0.008 -10 0.00015614301763557312 0.00015614301763557312 0.00015614301763557312 0.00015614301763557312 0.00015614301763557312 0.0
