8 0.181 -10 1.0 1.0 1.0 1.0 1.0 0.0
8 0.128 -10 1.0 1.0 1.0 1.0 1.0 0.0
8 0.090496 -10 1.0 1.0 1.0 1.0 1.0 0.0
8 0.064 -10 0.9900990099009901 0.9900990099009901 0.9900990099009901 0.9900990099009901 0.9900990099009901 0.0
8 0.045249 -10 0.7680491551459293 0.7680491551459293 0.7680491551459293 0.7680491551459293 0.7680491551459293 0.0
8 0.032 -10 0.3141690229343387 0.3141690229343387 0.3141690229343387 0.3141690229343387 0.3141690229343387 0.0
8 0.022624 -10 0.08844078889183692 0.08844078889183692 0.08844078889183692 0.08844078889183692 0.08844078889183692 0.0
8 0.016 -10 0.02001120627551429 0.02001120627551429 0.02001120627551429 0.02001120627551429 0.02001120627551429 0.0
8 0.011312 -10 0.004809472737503788 0.004809472737503788 0.004809472737503788 0.004809472737503788 0.004809472737503788 0.0
8 0.008 -10 0.0011718219018200737 0.0011718219018200737 0.0011718219018200737 0.0011718219018200737 0.0011718219018200737 0.0
