9 0.181 -10 1.0 1.0 1.0 1.0 1.0 0.0
9 0.128 -10 1.0 1.0 1.0 1.0 1.0 0.0
9 0.090496 -10 1.0 1.0 1.0 1.0 1.0 0.0
9 0.064 -10 1.0 1.0 1.0 1.0 1.0 0.0
9 0.045249 -10 0.9615384615384616 0.9615384615384616 0.9615384615384616 0.9615384615384616 0.9615384615384616 0.0
9 0.032 -10 0.7331378299120235 0.7331378299120235 0.7331378299120235 0.7331378299120235 0.7331378299120235 0.0
9 0.022624 -10 0.4694835680751174 0.4694835680751174 0.4694835680751174 0.4694835680751174 0.4694835680751174 0.0
9 0.016 -10 0.2630194634402946 0.2630194634402946 0.2630194634402946 0.2630194634402946 0.2630194634402946 0.0
9 0.011312 -10 0.1538698261270965 0.1538698261270965 0.1538698261270965 0.1538698261270965 0.1538698261270965 0.0
9 0.008 -10 0.07250580046403712 0.07250580046403712 0.07250580046403712 0.07250580046403712 0.07250580046403712 0.0
