10 0.181 -10 1.0 1.0 1.0 1.0 1.0 0.0
10 0.128 -10 1.0 1.0 1.0 1.0 1.0 0.0
10 0.090496 -10 1.0 1.0 1.0 1.0 1.0 0.0
10 0.064 -10 0.999000999000999 0.999000999000999 0.999000999000999 0.999000999000999 0.999000999000999 0.0
10 0.045249 -10 0.9433962264150944 0.9433962264150944 0.9433962264150944 0.9433962264150944 0.9433962264150944 0.0
10 0.032 -10 0.727802037845706 0.727802037845706 0.727802037845706 0.727802037845706 0.727802037845706 0.0
10 0.022624 -10 0.44130626654898497 0.44130626654898497 0.44130626654898497 0.44130626654898497 0.44130626654898497 0.0
10 0.016 -10 0.27948574622694244 0.27948574622694244 0.27948574622694244 0.27948574622694244 0.27948574622694244 0.0
10 0.011312 -10 0.1558846453624318 0.1558846453624318 0.1558846453624318 0.1558846453624318 0.1558846453624318 0.0
10 0.008 -10 0.08547739123001966 0.08547739123001966 0.08547739123001966 0.08547739123001966 0.08547739123001966 0.0
