6 0.181 -10 1.0 1.0 1.0 1.0 1.0 0.0
6 0.128 -10 1.0 1.0 1.0 1.0 1.0 0.0
6 0.090496 -10 1.0 1.0 1.0 1.0 1.0 0.0
6 0.064 -10 0.9587727708533078 0.9587727708533078 0.9587727708533078 0.9587727708533078 0.9587727708533078 0.0
6 0.045249 -10 0.7204610951008645 0.7204610951008645 0.7204610951008645 0.7204610951008645 0.7204610951008645 0.0
6 0.032 -10 0.38565368299267255 0.38565368299267255 0.38565368299267255 0.38565368299267255 0.38565368299267255 0.0
6 0.022624 -10 0.1724435247456458 0.1724435247456458 0.1724435247456458 0.1724435247456458 0.1724435247456458 0.0
6 0.016 -10 0.0657418973111564 0.0657418973111564 0.0657418973111564 0.0657418973111564 0.0657418973111564 0.0
6 0.011312 -10 0.024891101431238332 0.024891101431238332 0.024891101431238332 0.024891101431238332 0.024891101431238332 0.0
6 0.008 -10 0.008743245842586601 0.008743245842586601 0.008743245842586601 0.008743245842586601 0.008743245842586601 0.0
