7 0.181 -10 1.0 1.0 1.0 1.0 1.0 0.0
7 0.128 -10 1.0 1.0 1.0 1.0 1.0 0.0
7 0.090496 -10 1.0 1.0 1.0 1.0 1.0 0.0
7 0.064 -10 0.9910802775024777 0.9910802775024777 0.9910802775024777 0.9910802775024777 0.9910802775024777 0.0
7 0.045249 -10 0.8216926869350862 0.8216926869350862 0.8216926869350862 0.8216926869350862 0.8216926869350862 0.0
7 0.032 -10 0.4646840148698885 0.4646840148698885 0.4646840148698885 0.4646840148698885 0.4646840148698885 0.0
7 0.022624 -10 0.18796992481203006 0.18796992481203006 0.18796992481203006 0.18796992481203006 0.18796992481203006 0.0
7 0.016 -10 0.061557402277623886 0.061557402277623886 0.061557402277623886 0.061557402277623886 0.061557402277623886 0.0
7 0.011312 -10 0.02217983409484097 0.02217983409484097 0.02217983409484097 0.02217983409484097 0.02217983409484097 0.0
7 0.008 -10 0.006697161073420977 0.006697161073420977 0.006697161073420977 0.006697161073420977 0.006697161073420977 0.0
