7 0.004 -10 0.3125 0.3125 0.3125 0.3125 0.3125 0.0
7 0.005656 -10 0.3872966692486445 0.3872966692486445 0.3872966692486445 0.3872966692486445 0.3872966692486445 0.0
7 0.008 -10 0.5115089514066496 0.5115089514066496 0.5115089514066496 0.5115089514066496 0.5115089514066496 0.0
7 0.011312 -10 0.6618133686300464 0.6618133686300464 0.6618133686300464 0.6618133686300464 0.6618133686300464 0.0
7 0.016 -10 0.819672131147541 0.819672131147541 0.819672131147541 0.819672131147541 0.819672131147541 0.0
7 0.022624 -10 0.922509225092251 0.922509225092251 0.922509225092251 0.922509225092251 0.922509225092251 0.0
7 0.032 -10 0.9775171065493646 0.9775171065493646 0.9775171065493646 0.9775171065493646 0.9775171065493646 0.0
7 0.045249 -10 1.0 1.0 1.0 1.0 1.0 0.0
7 0.064 -10 1.0 1.0 1.0 1.0 1.0 0.0
7 0.090496 -10 1.0 1.0 1.0 1.0 1.0 0.0
7 0.128 -10 1.0 1.0 1.0 1.0 1.0 0.0
7 0.181 -10 1.0 1.0 1.0 1.0 1.0 0.0
7 0.256 -10 1.0 1.0 1.0 1.0 1.0 0.0
7 0.362 -10 1.0 1.0 1.0 1.0 1.0 0.0
