3 0.004 -10 0.00499438132101386 0.00499438132101386 0.00499438132101386 0.00499438132101386 0.00499438132101386 0.0
3 0.005656 -10 0.009885916523320878 0.009885916523320878 0.009885916523320878 0.009885916523320878 0.009885916523320878 0.0
3 0.008 -10 0.017395842393667912 0.017395842393667912 0.017395842393667912 0.017395842393667912 0.017395842393667912 0.0
3 0.011312 -10 0.03438907802881805 0.03438907802881805 0.03438907802881805 0.03438907802881805 0.03438907802881805 0.0
3 0.016 -10 0.07023951675212474 0.07023951675212474 0.07023951675212474 0.07023951675212474 0.07023951675212474 0.0
3 0.022624 -10 0.1273074474856779 0.1273074474856779 0.1273074474856779 0.1273074474856779 0.1273074474856779 0.0
3 0.032 -10 0.24600246002460024 0.24600246002460024 0.24600246002460024 0.24600246002460024 0.24600246002460024 0.0
3 0.045249 -10 0.4384042086804033 0.4384042086804033 0.4384042086804033 0.4384042086804033 0.4384042086804033 0.0
3 0.064 -10 0.6574621959237343 0.6574621959237343 0.6574621959237343 0.6574621959237343 0.6574621959237343 0.0
3 0.090496 -10 0.8952551477170994 0.8952551477170994 0.8952551477170994 0.8952551477170994 0.8952551477170994 0.0
3 0.128 -10 0.9930486593843099 0.9930486593843099 0.9930486593843099 0.9930486593843099 0.9930486593843099 0.0
3 0.181 -10 1.0 1.0 1.0 1.0 1.0 0.0
3 0.256 -10 1.0 1.0 1.0 1.0 1.0 0.0
3 0.362 -10 1.0 1.0 1.0 1.0 1.0 0.0
