7 0.002 -10 0.0003365740930842775 0.0003365740930842775 0.0003365740930842775 0.0003365740930842775 0.0003365740930842775 0.0
7 0.002828 -10 0.0006529200871517732 0.0006529200871517732 0.0006529200871517732 0.0006529200871517732 0.0006529200871517732 0.0
7 0.004 -10 0.0012285389600417704 0.0012285389600417704 0.0012285389600417704 0.0012285389600417704 0.0012285389600417704 0.0
7 0.005656 -10 0.0023923444976076554 0.0023923444976076554 0.0023923444976076554 0.0023923444976076554 0.0023923444976076554 0.0
7 0.008 -10 0.00521028719102997 0.00521028719102997 0.00521028719102997 0.00521028719102997 0.00521028719102997 0.0
7 0.011312 -10 0.010011212558065034 0.010011212558065034 0.010011212558065034 0.010011212558065034 0.010011212558065034 0.0
7 0.016 -10 0.018974972011916284 0.018974972011916284 0.018974972011916284 0.018974972011916284 0.018974972011916284 0.0
7 0.022624 -10 0.03965107057890563 0.03965107057890563 0.03965107057890563 0.03965107057890563 0.03965107057890563 0.0
7 0.032 -10 0.07914523149980214 0.07914523149980214 0.07914523149980214 0.07914523149980214 0.07914523149980214 0.0
7 0.045249 -10 0.1501726986033939 0.1501726986033939 0.1501726986033939 0.1501726986033939 0.1501726986033939 0.0
7 0.064 -10 0.2589331952356292 0.2589331952356292 0.2589331952356292 0.2589331952356292 0.2589331952356292 0.0
7 0.090496 -10 0.482392667631452 0.482392667631452 0.482392667631452 0.482392667631452 0.482392667631452 0.0
7 0.128 -10 0.6901311249137336 0.6901311249137336 0.6901311249137336 0.6901311249137336 0.6901311249137336 0.0
7 0.181 -10 0.9009009009009009 0.9009009009009009 0.9009009009009009 0.9009009009009009 0.9009009009009009 0.0
7 0.256 -10 0.9970089730807578 0.9970089730807578 0.9970089730807578 0.9970089730807578 0.9970089730807578 0.0
