3 0.002 -10 6.984732283244025e-05 6.984732283244025e-05 6.984732283244025e-05 6.984732283244025e-05 6.984732283244025e-05 0.0
3 0.002828 -10 0.00016421701409786643 0.00016421701409786643 0.00016421701409786643 0.00016421701409786643 0.00016421701409786643 0.0
3 0.004 -10 0.0003279908005140272 0.0003279908005140272 0.0003279908005140272 0.0003279908005140272 0.0003279908005140272 0.0
3 0.005656 -10 0.0005835187464150067 0.0005835187464150067 0.0005835187464150067 0.0005835187464150067 0.0005835187464150067 0.0
3 0.008 -10 0.001253891766570493 0.001253891766570493 0.001253891766570493 0.001253891766570493 0.001253891766570493 0.0
3 0.011312 -10 0.0023152328429670173 0.0023152328429670173 0.0023152328429670173 0.0023152328429670173 0.0023152328429670173 0.0
3 0.016 -10 0.004376674077834772 0.004376674077834772 0.004376674077834772 0.004376674077834772 0.004376674077834772 0.0
3 0.022624 -10 0.009680823257209793 0.009680823257209793 0.009680823257209793 0.009680823257209793 0.009680823257209793 0.0
3 0.032 -10 0.016129552566211812 0.016129552566211812 0.016129552566211812 0.016129552566211812 0.016129552566211812 0.0
3 0.045249 -10 0.029654231658857718 0.029654231658857718 0.029654231658857718 0.029654231658857718 0.029654231658857718 0.0
3 0.064 -10 0.05595970900951315 0.05595970900951315 0.05595970900951315 0.05595970900951315 0.05595970900951315 0.0
3 0.090496 -10 0.10147133434804667 0.10147133434804667 0.10147133434804667 0.10147133434804667 0.10147133434804667 0.0
3 0.128 -10 0.1812250815512867 0.1812250815512867 0.1812250815512867 0.1812250815512867 0.1812250815512867 0.0
3 0.181 -10 0.26441036488630354 0.26441036488630354 0.26441036488630354 0.26441036488630354 0.26441036488630354 0.0
3 0.256 -10 0.38880248833592534 0.38880248833592534 0.38880248833592534 0.38880248833592534 0.38880248833592534 0.0
