3 0.256 -10 0.5393743257820928 0.5393743257820928 0.5393743257820928 0.5393743257820928 0.5393743257820928 0.0
3 0.181 -10 0.38880248833592534 0.38880248833592534 0.38880248833592534 0.38880248833592534 0.38880248833592534 0.0
3 0.128 -10 0.24177949709864605 0.24177949709864605 0.24177949709864605 0.24177949709864605 0.24177949709864605 0.0
3 0.090496 -10 0.14392630972941853 0.14392630972941853 0.14392630972941853 0.14392630972941853 0.14392630972941853 0.0
3 0.064 -10 0.08151952392598028 0.08151952392598028 0.08151952392598028 0.08151952392598028 0.08151952392598028 0.0
3 0.045249 -10 0.03843936190659235 0.03843936190659235 0.03843936190659235 0.03843936190659235 0.03843936190659235 0.0
3 0.032 -10 0.018850852058513046 0.018850852058513046 0.018850852058513046 0.018850852058513046 0.018850852058513046 0.0
3 0.022624 -10 0.008849165966107695 0.008849165966107695 0.008849165966107695 0.008849165966107695 0.008849165966107695 0.0
3 0.016 -10 0.004365744621402627 0.004365744621402627 0.004365744621402627 0.004365744621402627 0.004365744621402627 0.0
3 0.011312 -10 0.0021739272212644863 0.0021739272212644863 0.0021739272212644863 0.0021739272212644863 0.0021739272212644863 0.0
3 0.008 -10 0.001137846716117485 0.001137846716117485 0.001137846716117485 0.001137846716117485 0.001137846716117485 0.0
3 0.005656 -10 0.000563859641802524 0.000563859641802524 0.000563859641802524 0.000563859641802524 0.000563859641802524 0.0
3 0.004 -10 0.00029083954324231413 0.00029083954324231413 0.00029083954324231413 0.00029083954324231413 0.00029083954324231413 0.0
3 0.002828 -10 0.00013778729857391524 0.00013778729857391524 0.00013778729857391524 0.00013778729857391524 0.00013778729857391524 0.0
3 0.002 -10 6.928501673406366e-05 6.928501673406366e-05 6.928501673406366e-05 6.928501673406366e-05 6.928501673406366e-05 0.0
