3 0.002 -10 7.041400619079943e-05 7.041400619079943e-05 7.041400619079943e-05 7.041400619079943e-05 7.041400619079943e-05 0.0
3 0.002828 -10 0.00016168611454200064 0.00016168611454200064 0.00016168611454200064 0.00016168611454200064 0.00016168611454200064 0.0
3 0.004 -10 0.00033226278264764266 0.00033226278264764266 0.00033226278264764266 0.00033226278264764266 0.00033226278264764266 0.0
3 0.005656 -10 0.0005682273409403822 0.0005682273409403822 0.0005682273409403822 0.0005682273409403822 0.0005682273409403822 0.0
3 0.008 -10 0.0013037673661813176 0.0013037673661813176 0.0013037673661813176 0.0013037673661813176 0.0013037673661813176 0.0
3 0.011312 -10 0.002267342334682402 0.002267342334682402 0.002267342334682402 0.002267342334682402 0.002267342334682402 0.0
3 0.016 -10 0.004374242709230964 0.004374242709230964 0.004374242709230964 0.004374242709230964 0.004374242709230964 0.0
3 0.022624 -10 0.009768486861385171 0.009768486861385171 0.009768486861385171 0.009768486861385171 0.009768486861385171 0.0
3 0.032 -10 0.016547524490336245 0.016547524490336245 0.016547524490336245 0.016547524490336245 0.016547524490336245 0.0
3 0.045249 -10 0.03174200101574403 0.03174200101574403 0.03174200101574403 0.03174200101574403 0.03174200101574403 0.0
3 0.064 -10 0.05670220004536176 0.05670220004536176 0.05670220004536176 0.05670220004536176 0.05670220004536176 0.0
3 0.090496 -10 0.09905894006934125 0.09905894006934125 0.09905894006934125 0.09905894006934125 0.09905894006934125 0.0
3 0.128 -10 0.1707941929974381 0.1707941929974381 0.1707941929974381 0.1707941929974381 0.1707941929974381 0.0
3 0.181 -10 0.27442371020856204 0.27442371020856204 0.27442371020856204 0.27442371020856204 0.27442371020856204 0.0
3 0.256 -10 0.37285607755406414 0.37285607755406414 0.37285607755406414 0.37285607755406414 0.37285607755406414 0.0
