7 0.002 -10 0.0003946843906270351 0.0003946843906270351 0.0003946843906270351 0.0003946843906270351 0.0003946843906270351 0.0
7 0.002828 -10 0.0008128600970229812 0.0008128600970229812 0.0008128600970229812 0.0008128600970229812 0.0008128600970229812 0.0
7 0.004 -10 0.0015634747287762215 0.0015634747287762215 0.0015634747287762215 0.0015634747287762215 0.0015634747287762215 0.0
7 0.005656 -10 0.003258029413489545 0.003258029413489545 0.003258029413489545 0.003258029413489545 0.003258029413489545 0.0
7 0.008 -10 0.0063055678163818655 0.0063055678163818655 0.0063055678163818655 0.0063055678163818655 0.0063055678163818655 0.0
7 0.011312 -10 0.01258209819069428 0.01258209819069428 0.01258209819069428 0.01258209819069428 0.01258209819069428 0.0
7 0.016 -10 0.024296613052140533 0.024296613052140533 0.024296613052140533 0.024296613052140533 0.024296613052140533 0.0
7 0.022624 -10 0.04270401844813597 0.04270401844813597 0.04270401844813597 0.04270401844813597 0.04270401844813597 0.0
7 0.032 -10 0.08492569002123142 0.08492569002123142 0.08492569002123142 0.08492569002123142 0.08492569002123142 0.0
7 0.045249 -10 0.1509433962264151 0.1509433962264151 0.1509433962264151 0.1509433962264151 0.1509433962264151 0.0
7 0.064 -10 0.26574541589157585 0.26574541589157585 0.26574541589157585 0.26574541589157585 0.26574541589157585 0.0
7 0.090496 -10 0.4526935264825713 0.4526935264825713 0.4526935264825713 0.4526935264825713 0.4526935264825713 0.0
7 0.128 -10 0.6653359946773121 0.6653359946773121 0.6653359946773121 0.6653359946773121 0.6653359946773121 0.0
7 0.181 -10 0.9115770282588879 0.9115770282588879 0.9115770282588879 0.9115770282588879 0.9115770282588879 0.0
7 0.256 -10 0.998003992015968 0.998003992015968 0.998003992015968 0.998003992015968 0.998003992015968 0.0
