7 0.002 -10 0.0001223561137985272 0.0001223561137985272 0.0001223561137985272 0.0001223561137985272 0.0001223561137985272 0.0
7 0.002828 -10 0.0002390800200827217 0.0002390800200827217 0.0002390800200827217 0.0002390800200827217 0.0002390800200827217 0.0
7 0.004 -10 0.0004604810553489019 0.0004604810553489019 0.0004604810553489019 0.0004604810553489019 0.0004604810553489019 0.0
7 0.005656 -10 0.0010253465671396932 0.0010253465671396932 0.0010253465671396932 0.0010253465671396932 0.0010253465671396932 0.0
7 0.008 -10 0.0020325657687468622 0.0020325657687468622 0.0020325657687468622 0.0020325657687468622 0.0020325657687468622 0.0
7 0.011312 -10 0.0047701047992024384 0.0047701047992024384 0.0047701047992024384 0.0047701047992024384 0.0047701047992024384 0.0
7 0.016 -10 0.010679995300802068 0.010679995300802068 0.010679995300802068 0.010679995300802068 0.010679995300802068 0.0
7 0.022624 -10 0.02114611968703743 0.02114611968703743 0.02114611968703743 0.02114611968703743 0.02114611968703743 0.0
7 0.032 -10 0.047719030349303304 0.047719030349303304 0.047719030349303304 0.047719030349303304 0.047719030349303304 0.0
7 0.045249 -10 0.104942806170637 0.104942806170637 0.104942806170637 0.104942806170637 0.104942806170637 0.0
7 0.064 -10 0.23277467411545624 0.23277467411545624 0.23277467411545624 0.23277467411545624 0.23277467411545624 0.0
7 0.090496 -10 0.4424778761061947 0.4424778761061947 0.4424778761061947 0.4424778761061947 0.4424778761061947 0.0
7 0.128 -10 0.6939625260235948 0.6939625260235948 0.6939625260235948 0.6939625260235948 0.6939625260235948 0.0
7 0.181 -10 0.9149130832570905 0.9149130832570905 0.9149130832570905 0.9149130832570905 0.9149130832570905 0.0
7 0.256 -10 1.0 1.0 1.0 1.0 1.0 0.0
