3 0.002 -10 6.797194091090422e-05 6.797194091090422e-05 6.797194091090422e-05 6.797194091090422e-05 6.797194091090422e-05 0.0
3 0.002828 -10 0.00014680099349040354 0.00014680099349040354 0.00014680099349040354 0.00014680099349040354 0.00014680099349040354 0.0
3 0.004 -10 0.000264480086368617 0.000264480086368617 0.000264480086368617 0.000264480086368617 0.000264480086368617 0.0
3 0.005656 -10 0.0005621846495481441 0.0005621846495481441 0.0005621846495481441 0.0005621846495481441 0.0005621846495481441 0.0
3 0.008 -10 0.0011405850973432352 0.0011405850973432352 0.0011405850973432352 0.0011405850973432352 0.0011405850973432352 0.0
3 0.011312 -10 0.0020094403507679077 0.0020094403507679077 0.0020094403507679077 0.0020094403507679077 0.0020094403507679077 0.0
3 0.016 -10 0.004055906616806055 0.004055906616806055 0.004055906616806055 0.004055906616806055 0.004055906616806055 0.0
3 0.022624 -10 0.008413967185527976 0.008413967185527976 0.008413967185527976 0.008413967185527976 0.008413967185527976 0.0
3 0.032 -10 0.016420091624111264 0.016420091624111264 0.016420091624111264 0.016420091624111264 0.016420091624111264 0.0
3 0.045249 -10 0.02981781316158273 0.02981781316158273 0.02981781316158273 0.02981781316158273 0.02981781316158273 0.0
3 0.064 -10 0.05488775454196169 0.05488775454196169 0.05488775454196169 0.05488775454196169 0.05488775454196169 0.0
3 0.090496 -10 0.101615689462453 0.101615689462453 0.101615689462453 0.101615689462453 0.101615689462453 0.0
3 0.128 -10 0.17562346329469616 0.17562346329469616 0.17562346329469616 0.17562346329469616 0.17562346329469616 0.0
3 0.181 -10 0.2828054298642534 0.2828054298642534 0.2828054298642534 0.2828054298642534 0.2828054298642534 0.0
3 0.256 -10 0.39603960396039606 0.39603960396039606 0.39603960396039606 0.39603960396039606 0.39603960396039606 0.0
