7 0.002 -10 7.906440413779283e-08 0.00023945983075120074 3.5112501877593795e-07 7.914346854193062e-08 7.906440413779283e-08 0.00023940986204778566
7 0.002828 -10 3.004158289512445e-07 0.0004481044562852816 1.040640431487111e-06 3.004158289512445e-07 3.004158289512445e-07 0.000447923605956253
7 0.004 -10 1.2438460978625545e-06 0.0008961687242802091 3.674321373085986e-06 1.2475776361561422e-06 1.2438460978625545e-06 0.0008954261481597851
7 0.005656 -10 5.0363446045667955e-06 0.0019069564847285668 1.0918795102700811e-05 5.0363446045667955e-06 5.0363446045667955e-06 0.0019040706592701499
7 0.008 -10 1.7988340173759452e-05 0.003893828067372666 3.6516330552731685e-05 1.802431685410697e-05 1.7988340173759452e-05 0.0038830890282889313
7 0.011312 -10 7.108234456014991e-05 0.007192324869629649 0.00011465582177552181 7.108234456014991e-05 7.108234456014991e-05 0.007151736850885803
7 0.016 -10 0.00026262131791781213 0.014199672038498184 0.0003469227609694298 0.00026288393923572993 0.00026262131791781213 0.01404761429542377
7 0.022624 -10 0.0009796103893559454 0.02937361752483802 0.0011608383113867952 0.0009825492205240132 0.0009796103893559454 0.028807402719790286
7 0.032 -10 0.003540224025376326 0.05768795049350723 0.004110200093461914 0.0035508446974524548 0.003540224025376326 0.05598156251327584
7 0.045249 -10 0.012390806021931726 0.12067405984759308 0.014360944179418871 0.012427978439997522 0.012390806021931726 0.11511058794374573
7 0.064 -10 0.03619909502262444 0.23467873303167422 0.0429683257918552 0.036307692307692305 0.03619909502262444 0.22030769230769232
7 0.090496 -10 0.0999000999000999 0.4398601398601399 0.12237762237762238 0.1002997002997003 0.0999000999000999 0.4132867132867133
7 0.128 -10 0.230361667818475 0.7009905551716195 0.2941718498041926 0.23197419949320433 0.230361667818475 0.6604469016355679
7 0.181 -10 0.378931413414172 0.9033724895793861 0.5096627510420614 0.3857521788556271 0.378931413414172 0.8738158393330807
7 0.256 -10 0.5 0.997 0.6945 0.519 0.5 0.995
