7 0.256 -10 0.8058017727639001 0.8058017727639001 0.8058017727639001 0.8058017727639001 0.8058017727639001 0.0
7 0.181 -10 0.6195786864931846 0.6195786864931846 0.6195786864931846 0.6195786864931846 0.6195786864931846 0.0
7 0.128 -10 0.37147102526002973 0.37147102526002973 0.37147102526002973 0.37147102526002973 0.37147102526002973 0.0
7 0.090496 -10 0.1841620626151013 0.1841620626151013 0.1841620626151013 0.1841620626151013 0.1841620626151013 0.0
7 0.064 -10 0.07535227187099691 0.07535227187099691 0.07535227187099691 0.07535227187099691 0.07535227187099691 0.0
7 0.045249 -10 0.03137451761679164 0.03137451761679164 0.03137451761679164 0.03137451761679164 0.03137451761679164 0.0
7 0.032 -10 0.011679650544855699 0.011679650544855699 0.011679650544855699 0.011679650544855699 0.011679650544855699 0.0
7 0.022624 -10 0.004300723811817529 0.004300723811817529 0.004300723811817529 0.004300723811817529 0.004300723811817529 0.0
7 0.016 -10 0.0018122935118079983 0.0018122935118079983 0.0018122935118079983 0.0018122935118079983 0.0018122935118079983 0.0
7 0.011312 -10 0.0006783307907234195 0.0006783307907234195 0.0006783307907234195 0.0006783307907234195 0.0006783307907234195 0.0
7 0.008 -10 0.0002951349076419577 0.0002951349076419577 0.0002951349076419577 0.0002951349076419577 0.0002951349076419577 0.0
7 0.005656 -10 0.0001251030692912123 0.0001251030692912123 0.0001251030692912123 0.0001251030692912123 0.0001251030692912123 0.0
7 0.004 -10 5.925042875091505e-05 5.925042875091505e-05 5.925042875091505e-05 5.925042875091505e-05 5.925042875091505e-05 0.0
7 0.002828 -10 2.8123763345393648e-05 2.8123763345393648e-05 2.8123763345393648e-05 2.8123763345393648e-05 2.8123763345393648e-05 0.0
7 0.002 -10 1.2685176622690965e-05 1.2685176622690965e-05 1.2685176622690965e-05 1.2685176622690965e-05 1.2685176622690965e-05 0.0
