3 0.002 -10 7.25923723419577e-05 7.25923723419577e-05 7.25923723419577e-05 7.25923723419577e-05 7.25923723419577e-05 0.0
3 0.002828 -10 0.00013825688211651377 0.00013825688211651377 0.00013825688211651377 0.00013825688211651377 0.00013825688211651377 0.0
3 0.004 -10 0.000288653437487191 0.000288653437487191 0.000288653437487191 0.000288653437487191 0.000288653437487191 0.0
3 0.005656 -10 0.0005427543916971604 0.0005427543916971604 0.0005427543916971604 0.0005427543916971604 0.0005427543916971604 0.0
3 0.008 -10 0.0011001269546505666 0.0011001269546505666 0.0011001269546505666 0.0011001269546505666 0.0011001269546505666 0.0
3 0.011312 -10 0.0022641441082442014 0.0022641441082442014 0.0022641441082442014 0.0022641441082442014 0.0022641441082442014 0.0
3 0.016 -10 0.0042646287427448 0.0042646287427448 0.0042646287427448 0.0042646287427448 0.0042646287427448 0.0
3 0.022624 -10 0.008361273923695014 0.008361273923695014 0.008361273923695014 0.008361273923695014 0.008361273923695014 0.0
3 0.032 -10 0.016076395029178656 0.016076395029178656 0.016076395029178656 0.016076395029178656 0.016076395029178656 0.0
3 0.045249 -10 0.03209757663296421 0.03209757663296421 0.03209757663296421 0.03209757663296421 0.03209757663296421 0.0
3 0.064 -10 0.060613407685780094 0.060613407685780094 0.060613407685780094 0.060613407685780094 0.060613407685780094 0.0
3 0.090496 -10 0.10357327809425168 0.10357327809425168 0.10357327809425168 0.10357327809425168 0.10357327809425168 0.0
3 0.128 -10 0.1793400286944046 0.1793400286944046 0.1793400286944046 0.1793400286944046 0.1793400286944046 0.0
3 0.181 -10 0.2748007694421544 0.2748007694421544 0.2748007694421544 0.2748007694421544 0.2748007694421544 0.0
3 0.256 -10 0.3949447077409163 0.3949447077409163 0.3949447077409163 0.3949447077409163 0.3949447077409163 0.0
