5 0.002 -10 2.2513406114222353e-06 5.8676690355497715e-05 2.253591952033657e-06 2.2513406114222353e-06 2.2513406114222353e-06 5.6659489167663394e-05
5 0.002828 -10 6.6234648083591195e-06 0.00012037484942711865 6.630088273167479e-06 6.6234648083591195e-06 6.6234648083591195e-06 0.0001144203545644038
5 0.004 -10 1.8054307175440652e-05 0.00024786758321162475 1.8054307175440652e-05 1.8054307175440652e-05 1.8054307175440652e-05 0.00023176314121113167
5 0.005656 -10 5.285378180965218e-05 0.00045533533029015353 5.301234315508113e-05 5.285378180965218e-05 5.285378180965218e-05 0.0004076083653160376
5 0.008 -10 0.00014288692457470778 0.0012641206217124399 0.0001430298114992825 0.00014288692457470778 0.00014288692457470778 0.0011370941457655246
5 0.011312 -10 0.00040040601169585963 0.0026791166242569964 0.00040160722973094716 0.00040040601169585963 0.00040040601169585963 0.0023259585219412484
5 0.016 -10 0.0010503837577058779 0.00560589811487627 0.0010514341414635836 0.0010503837577058779 0.0010503837577058779 0.004672106954275745
5 0.022624 -10 0.0029425785227078787 0.012014548108216267 0.00295434883679871 0.0029425785227078787 0.0029425785227078787 0.009483930578687492
5 0.032 -10 0.00761719047546503 0.027513291997379688 0.007655276427842354 0.00761719047546503 0.00761719047546503 0.021358602093203942
5 0.045249 -10 0.0191508512553383 0.054541624375203476 0.019227454660359654 0.0191508512553383 0.0191508512553383 0.03912518911465614
5 0.064 -10 0.0463070155128502 0.1186385737439222 0.0468626996990044 0.0463070155128502 0.0463070155128502 0.08316739986107895
5 0.090496 -10 0.1001201441730076 0.23117741289547458 0.10342410893071687 0.1001201441730076 0.1001201441730076 0.16680016019223068
5 0.128 -10 0.20366598778004075 0.4268839103869654 0.21466395112016293 0.20366598778004075 0.20366598778004075 0.3136456211812627
5 0.181 -10 0.31496062992125984 0.6573228346456693 0.36283464566929136 0.3165354330708661 0.31496062992125984 0.552755905511811
5 0.256 -10 0.45248868778280543 0.8986425339366516 0.5968325791855204 0.45520361990950226 0.45248868778280543 0.8239819004524886
