3 0.256 -10 0.44052863436123346 0.44052863436123346 0.44052863436123346 0.44052863436123346 0.44052863436123346 0.0
3 0.181 -10 0.3362474781439139 0.3362474781439139 0.3362474781439139 0.3362474781439139 0.3362474781439139 0.0
3 0.128 -10 0.2246686137946529 0.2246686137946529 0.2246686137946529 0.2246686137946529 0.2246686137946529 0.0
3 0.090496 -10 0.13415615776764153 0.13415615776764153 0.13415615776764153 0.13415615776764153 0.13415615776764153 0.0
3 0.064 -10 0.06420133538777606 0.06420133538777606 0.06420133538777606 0.06420133538777606 0.06420133538777606 0.0
3 0.045249 -10 0.03550884170158369 0.03550884170158369 0.03550884170158369 0.03550884170158369 0.03550884170158369 0.0
3 0.032 -10 0.01719808757266192 0.01719808757266192 0.01719808757266192 0.01719808757266192 0.01719808757266192 0.0
3 0.022624 -10 0.008754804198804094 0.008754804198804094 0.008754804198804094 0.008754804198804094 0.008754804198804094 0.0
3 0.016 -10 0.004268852319054022 0.004268852319054022 0.004268852319054022 0.004268852319054022 0.004268852319054022 0.0
3 0.011312 -10 0.002206132164965739 0.002206132164965739 0.002206132164965739 0.002206132164965739 0.002206132164965739 0.0
3 0.008 -10 0.0011393284797940094 0.0011393284797940094 0.0011393284797940094 0.0011393284797940094 0.0011393284797940094 0.0
3 0.005656 -10 0.0005468177123006098 0.0005468177123006098 0.0005468177123006098 0.0005468177123006098 0.0005468177123006098 0.0
3 0.004 -10 0.00028872819560757796 0.00028872819560757796 0.00028872819560757796 0.00028872819560757796 0.00028872819560757796 0.0
3 0.002828 -10 0.00013395963930027522 0.00013395963930027522 0.00013395963930027522 0.00013395963930027522 0.00013395963930027522 0.0
3 0.002 -10 7.306279301376495e-05 7.306279301376495e-05 7.306279301376495e-05 7.306279301376495e-05 7.306279301376495e-05 0.0
