3 0.002 -10 0.00010173320832356694 0.00010173320832356694 0.00010173320832356694 0.00010173320832356694 0.00010173320832356694 0.0
3 0.002828 -10 0.0016644834192484192 0.0016644834192484192 0.0016644834192484192 0.0016644834192484192 0.0016644834192484192 0.0
3 0.004 -10 0.0015360699956375613 0.0015360699956375613 0.0015360699956375613 0.0015360699956375613 0.0015360699956375613 0.0
3 0.005656 -10 0.0010913146631220767 0.0010913146631220767 0.0010913146631220767 0.0010913146631220767 0.0010913146631220767 0.0
3 0.008 -10 0.0034916444947241253 0.0034916444947241253 0.0034916444947241253 0.0034916444947241253 0.0034916444947241253 0.0
3 0.011312 -10 0.003182169666922301 0.003182169666922301 0.003182169666922301 0.003182169666922301 0.003182169666922301 0.0
3 0.016 -10 0.005226052919011858 0.005226052919011858 0.005226052919011858 0.005226052919011858 0.005226052919011858 0.0
3 0.022624 -10 0.019566025553229373 0.019566025553229373 0.019566025553229373 0.019566025553229373 0.019566025553229373 0.0
3 0.032 -10 0.018518518518518517 0.018518518518518517 0.018518518518518517 0.018518518518518517 0.018518518518518517 0.0
3 0.045249 -10 0.03355479498020267 0.03355479498020267 0.03355479498020267 0.03355479498020267 0.03355479498020267 0.0
3 0.064 -10 0.05472255663784612 0.05472255663784612 0.05472255663784612 0.05472255663784612 0.05472255663784612 0.0
3 0.090496 -10 0.10305028854080792 0.10305028854080792 0.10305028854080792 0.10305028854080792 0.10305028854080792 0.0
3 0.128 -10 0.16857720836142953 0.16857720836142953 0.16857720836142953 0.16857720836142953 0.16857720836142953 0.0
3 0.181 -10 0.27670171555063644 0.27670171555063644 0.27670171555063644 0.27670171555063644 0.27670171555063644 0.0
3 0.256 -10 0.39308176100628933 0.39308176100628933 0.39308176100628933 0.39308176100628933 0.39308176100628933 0.0
