5 0.256 -10 0.856898029134533 0.856898029134533 0.856898029134533 0.856898029134533 0.856898029134533 0.0
5 0.181 -10 0.670690811535882 0.670690811535882 0.670690811535882 0.670690811535882 0.670690811535882 0.0
5 0.128 -10 0.4434589800443459 0.4434589800443459 0.4434589800443459 0.4434589800443459 0.4434589800443459 0.0
5 0.090496 -10 0.23663038334122102 0.23663038334122102 0.23663038334122102 0.23663038334122102 0.23663038334122102 0.0
5 0.064 -10 0.11064394777605666 0.11064394777605666 0.11064394777605666 0.11064394777605666 0.11064394777605666 0.0
5 0.045249 -10 0.04746084480303749 0.04746084480303749 0.04746084480303749 0.04746084480303749 0.04746084480303749 0.0
5 0.032 -10 0.020279039584685268 0.020279039584685268 0.020279039584685268 0.020279039584685268 0.020279039584685268 0.0
5 0.022624 -10 0.008843453191602256 0.008843453191602256 0.008843453191602256 0.008843453191602256 0.008843453191602256 0.0
5 0.016 -10 0.0036631244253473557 0.0036631244253473557 0.0036631244253473557 0.0036631244253473557 0.0036631244253473557 0.0
5 0.011312 -10 0.0016858630270007822 0.0016858630270007822 0.0016858630270007822 0.0016858630270007822 0.0016858630270007822 0.0
5 0.008 -10 0.0006964404233522045 0.0006964404233522045 0.0006964404233522045 0.0006964404233522045 0.0006964404233522045 0.0
5 0.005656 -10 0.0003159202314052511 0.0003159202314052511 0.0003159202314052511 0.0003159202314052511 0.0003159202314052511 0.0
5 0.004 -10 0.00013862000458554977 0.00013862000458554977 0.00013862000458554977 0.00013862000458554977 0.00013862000458554977 0.0
5 0.002828 -10 6.968865964107413e-05 6.968865964107413e-05 6.968865964107413e-05 6.968865964107413e-05 6.968865964107413e-05 0.0
5 0.002 -10 3.3091639718214096e-05 3.3091639718214096e-05 3.3091639718214096e-05 3.3091639718214096e-05 3.3091639718214096e-05 0.0
