5 0.002 -10 4.1484587355713496e-05 4.1484587355713496e-05 4.1484587355713496e-05 4.1484587355713496e-05 4.1484587355713496e-05 0.0
5 0.002828 -10 9.275629026782451e-05 9.275629026782451e-05 9.275629026782451e-05 9.275629026782451e-05 9.275629026782451e-05 0.0
5 0.004 -10 0.00020035033259156962 0.00020035033259156962 0.00020035033259156962 0.00020035033259156962 0.00020035033259156962 0.0
5 0.005656 -10 0.0004364317514573547 0.0004364317514573547 0.0004364317514573547 0.0004364317514573547 0.0004364317514573547 0.0
5 0.008 -10 0.0012284182272696562 0.0012284182272696562 0.0012284182272696562 0.0012284182272696562 0.0012284182272696562 0.0
5 0.011312 -10 0.002898853213668673 0.002898853213668673 0.002898853213668673 0.002898853213668673 0.002898853213668673 0.0
5 0.016 -10 0.005629077563059742 0.005629077563059742 0.005629077563059742 0.005629077563059742 0.005629077563059742 0.0
5 0.022624 -10 0.012100677637947725 0.012100677637947725 0.012100677637947725 0.012100677637947725 0.012100677637947725 0.0
5 0.032 -10 0.02648094695866324 0.02648094695866324 0.02648094695866324 0.02648094695866324 0.02648094695866324 0.0
5 0.045249 -10 0.05837370848169984 0.05837370848169984 0.05837370848169984 0.05837370848169984 0.05837370848169984 0.0
5 0.064 -10 0.11531365313653137 0.11531365313653137 0.11531365313653137 0.11531365313653137 0.11531365313653137 0.0
5 0.090496 -10 0.23180343069077422 0.23180343069077422 0.23180343069077422 0.23180343069077422 0.23180343069077422 0.0
5 0.128 -10 0.4139072847682119 0.4139072847682119 0.4139072847682119 0.4139072847682119 0.4139072847682119 0.0
5 0.181 -10 0.6578947368421053 0.6578947368421053 0.6578947368421053 0.6578947368421053 0.6578947368421053 0.0
5 0.256 -10 0.8984725965858041 0.8984725965858041 0.8984725965858041 0.8984725965858041 0.8984725965858041 0.0
