7 0.256 -10 0.983284169124877 0.983284169124877 0.983284169124877 0.983284169124877 0.983284169124877 0.0
7 0.181 -10 0.8865248226950354 0.8865248226950354 0.8865248226950354 0.8865248226950354 0.8865248226950354 0.0
7 0.128 -10 0.670690811535882 0.670690811535882 0.670690811535882 0.670690811535882 0.670690811535882 0.0
7 0.090496 -10 0.361794500723589 0.361794500723589 0.361794500723589 0.361794500723589 0.361794500723589 0.0
7 0.064 -10 0.16688918558077437 0.16688918558077437 0.16688918558077437 0.16688918558077437 0.16688918558077437 0.0
7 0.045249 -10 0.07032843378577959 0.07032843378577959 0.07032843378577959 0.07032843378577959 0.07032843378577959 0.0
7 0.032 -10 0.028393764729265452 0.028393764729265452 0.028393764729265452 0.028393764729265452 0.028393764729265452 0.0
7 0.022624 -10 0.011601331832894416 0.011601331832894416 0.011601331832894416 0.011601331832894416 0.011601331832894416 0.0
7 0.016 -10 0.004631881238565044 0.004631881238565044 0.004631881238565044 0.004631881238565044 0.004631881238565044 0.0
7 0.011312 -10 0.0020484121733038633 0.0020484121733038633 0.0020484121733038633 0.0020484121733038633 0.0020484121733038633 0.0
7 0.008 -10 0.0009484003804982327 0.0009484003804982327 0.0009484003804982327 0.0009484003804982327 0.0009484003804982327 0.0
7 0.005656 -10 0.0004482865591137554 0.0004482865591137554 0.0004482865591137554 0.0004482865591137554 0.0004482865591137554 0.0
7 0.004 -10 0.00019623380237136776 0.00019623380237136776 0.00019623380237136776 0.00019623380237136776 0.00019623380237136776 0.0
7 0.002828 -10 0.00010163077762078081 0.00010163077762078081 0.00010163077762078081 0.00010163077762078081 0.00010163077762078081 0.0
7 0.002 -10 4.948909928354631e-05 4.948909928354631e-05 4.948909928354631e-05 4.948909928354631e-05 4.948909928354631e-05 0.0
