5 0.002 -10 0.00010634813273948536 0.00010634813273948536 0.00010634813273948536 0.00010634813273948536 0.00010634813273948536 0.0
5 0.002828 -10 0.00020751920953442858 0.00020751920953442858 0.00020751920953442858 0.00020751920953442858 0.00020751920953442858 0.0
5 0.004 -10 0.00036720560208866544 0.00036720560208866544 0.00036720560208866544 0.00036720560208866544 0.00036720560208866544 0.0
5 0.005656 -10 0.0009860036777937181 0.0009860036777937181 0.0009860036777937181 0.0009860036777937181 0.0009860036777937181 0.0
5 0.008 -10 0.0021631724221474243 0.0021631724221474243 0.0021631724221474243 0.0021631724221474243 0.0021631724221474243 0.0
5 0.011312 -10 0.004627080451047802 0.004627080451047802 0.004627080451047802 0.004627080451047802 0.004627080451047802 0.0
5 0.016 -10 0.008985129610494632 0.008985129610494632 0.008985129610494632 0.008985129610494632 0.008985129610494632 0.0
5 0.022624 -10 0.01824884119858389 0.01824884119858389 0.01824884119858389 0.01824884119858389 0.01824884119858389 0.0
5 0.032 -10 0.03558845510516388 0.03558845510516388 0.03558845510516388 0.03558845510516388 0.03558845510516388 0.0
5 0.045249 -10 0.06595000989250148 0.06595000989250148 0.06595000989250148 0.06595000989250148 0.06595000989250148 0.0
5 0.064 -10 0.1397819401733296 0.1397819401733296 0.1397819401733296 0.1397819401733296 0.1397819401733296 0.0
5 0.090496 -10 0.24148756339048538 0.24148756339048538 0.24148756339048538 0.24148756339048538 0.24148756339048538 0.0
5 0.128 -10 0.42122999157540014 0.42122999157540014 0.42122999157540014 0.42122999157540014 0.42122999157540014 0.0
5 0.181 -10 0.6788866259334692 0.6788866259334692 0.6788866259334692 0.6788866259334692 0.6788866259334692 0.0
5 0.256 -10 0.8771929824561403 0.8771929824561403 0.8771929824561403 0.8771929824561403 0.8771929824561403 0.0
