5 0.362 -10 0.9090909090909091 0.9090909090909091 0.9090909090909091 0.9090909090909091 0.9090909090909091 0.0
5 0.256 -10 0.8333333333333334 0.8333333333333334 0.8333333333333334 0.8333333333333334 0.8333333333333334 0.0
5 0.181 -10 0.5882352941176471 0.5882352941176471 0.5882352941176471 0.5882352941176471 0.5882352941176471 0.0
5 0.128 -10 0.5263157894736842 0.5263157894736842 0.5263157894736842 0.5263157894736842 0.5263157894736842 0.0
5 0.090496 -10 0.20408163265306123 0.20408163265306123 0.20408163265306123 0.20408163265306123 0.20408163265306123 0.0
5 0.064 -10 0.18181818181818182 0.18181818181818182 0.18181818181818182 0.18181818181818182 0.18181818181818182 0.0
5 0.045249 -10 0.07352941176470588 0.07352941176470588 0.07352941176470588 0.07352941176470588 0.07352941176470588 0.0
5 0.032 -10 0.02518891687657431 0.02518891687657431 0.02518891687657431 0.02518891687657431 0.02518891687657431 0.0
5 0.022624 -10 0.011337868480725623 0.011337868480725623 0.011337868480725623 0.011337868480725623 0.011337868480725623 0.0
5 0.016 -10 0.004816955684007707 0.004816955684007707 0.004816955684007707 0.004816955684007707 0.004816955684007707 0.0
5 0.011312 -10 0.00397456279809221 0.00397456279809221 0.00397456279809221 0.00397456279809221 0.00397456279809221 0.0
5 0.008 -10 0.0008093889113719142 0.0008093889113719142 0.0008093889113719142 0.0008093889113719142 0.0008093889113719142 0.0
5 0.005656 -10 0.00041574855527377045 0.00041574855527377045 0.00041574855527377045 0.00041574855527377045 0.00041574855527377045 0.0
5 0.004 -10 0.0003226639132679401 0.0003226639132679401 0.0003226639132679401 0.0003226639132679401 0.0003226639132679401 0.0
5 0.002828 -10 0.0002756035718222908 0.0002756035718222908 0.0002756035718222908 0.0002756035718222908 0.0002756035718222908 0.0
5 0.002 -10 5.887825155144193e-05 5.887825155144193e-05 5.887825155144193e-05 5.887825155144193e-05 5.887825155144193e-05 0.0
