7 0.362 -10 0.9999986666666667
7 0.256 -10 0.9999833333333333
7 0.181 -10 0.9838906666666667
7 0.128 -10 0.8181116666666667
7 0.090496 -10 0.5489456666666667
7 0.064 -10 0.334453
7 0.045249 -10 0.180618
7 0.032 -10 0.08690166666666667
7 0.022624 -10 0.030913
7 0.016 -10 0.015372666666666666
7 0.011312 -10 0.00462778947368421
7 0.008 -10 0.001615525114155251
7 0.005656 -10 0.0006110059760956175
7 0.004 -10 0.0002155814828754234
7 0.002828 -10 0.00021388525509250607
7 0.002 -10 2.9367275410440878e-05
7 0.001414 -10 9.345000924665019e-06
7 0.001 -10 3.64231567829273e-06
