7 0.362 -10 0.9999985
7 0.256 -10 0.999983
7 0.181 -10 0.9838615
7 0.128 -10 0.8180665
7 0.090496 -10 0.549181
7 0.064 -10 0.334513
7 0.045249 -10 0.1805485
7 0.032 -10 0.0869245
7 0.022624 -10 0.0310345
7 0.016 -10 0.015396
7 0.011312 -10 0.004603
7 0.008 -10 0.0015890995260663507
7 0.005656 -10 0.0006062111801242236
7 0.004 -10 0.00021764705882352942
7 0.002828 -10 0.00021435406698564594
7 0.002 -10 3.1315644002211165e-05
7 0.001414 -10 9.518917993494264e-06
7 0.001 -10 3.5134102057718035e-06
