5 0.362 -10 0.999539
5 0.256 -10 0.9948203333333333
5 0.181 -10 0.972169
5 0.128 -10 0.9146453333333333
5 0.090496 -10 0.764202
5 0.064 -10 0.6330573333333334
5 0.045249 -10 0.4830023333333333
5 0.032 -10 0.3693746666666667
5 0.022624 -10 0.24582533333333334
5 0.016 -10 0.20305533333333334
5 0.011312 -10 0.14779766666666666
5 0.008 -10 0.10675866666666667
5 0.005656 -10 0.07641133333333333
5 0.004 -10 0.054720333333333336
5 0.002828 -10 0.039059
5 0.002 -10 0.027778666666666667
5 0.001414 -10 0.019752333333333334
5 0.001 -10 0.013899666666666666
