7 0.362 -10 0.999999
7 0.256 -10 0.999984
7 0.181 -10 0.983717
7 0.128 -10 0.817875
7 0.090496 -10 0.549764
7 0.064 -10 0.334721
7 0.045249 -10 0.180507
7 0.032 -10 0.087083
7 0.022624 -10 0.03089
7 0.016 -10 0.015285
7 0.011312 -10 0.004591636363636364
7 0.008 -10 0.0016357575757575758
7 0.005656 -10 0.0005947856315179606
7 0.004 -10 0.00020746360467500512
7 0.002828 -10 0.00020977334165107092
7 0.002 -10 2.773179037125218e-05
7 0.001414 -10 9.130069725842368e-06
7 0.001 -10 3.5004952210295696e-06
