6 0.362 -10 0.9997356666666667
6 0.256 -10 0.9984203333333334
6 0.181 -10 0.9571773333333333
6 0.128 -10 0.7802556666666667
6 0.090496 -10 0.563316
6 0.064 -10 0.33115933333333336
6 0.045249 -10 0.19978233333333334
6 0.032 -10 0.10208666666666667
6 0.022624 -10 0.05904333333333334
6 0.016 -10 0.031467
6 0.011312 -10 0.016392666666666666
6 0.008 -10 0.00731575
6 0.005656 -10 0.0034159851301115243
6 0.004 -10 0.0017003562945368171
6 0.002828 -10 0.0007854545454545455
6 0.002 -10 0.0003900397088021178
6 0.001414 -10 0.0001973397823458283
6 0.001 -10 0.00010876363285397162
