7 0.362 -10 0.749683
7 0.256 -10 0.7337105
7 0.181 -10 0.6325745
7 0.128 -10 0.429756
7 0.090496 -10 0.22948
7 0.064 -10 0.110575
7 0.045249 -10 0.05919
7 0.032 -10 0.0274175
7 0.022624 -10 0.0086455
7 0.016 -10 0.0059735
7 0.011312 -10 0.0011955665024630541
7 0.008 -10 0.0004106617647058824
7 0.005656 -10 0.00012307692307692307
7 0.004 -10 4.818383988139362e-05
7 0.002828 -10 1.70961485175949e-05
7 0.002 -10 5.819592628516004e-06
7 0.001414 -10 1.979774022465988e-06
7 0.001 -10 8.231807704972012e-07
