3 0.0007 -10 3.526545720254645e-05 5.0782258371666885e-05 3.526545720254645e-05 3.526545720254645e-05 3.526545720254645e-05 76.0
3 0.001 -10 7.487854699677124e-05 0.00010707632220538287 7.487854699677124e-05 7.487854699677124e-05 7.487854699677124e-05 76.0
3 0.003 -10 0.0007486150621350501 0.0009956580326396167 0.0007486150621350501 0.0007486150621350501 0.0007486150621350501 76.0
3 0.005 -10 0.0018733257151420917 0.002735055544107454 0.0018733257151420917 0.0018733257151420917 0.0018733257151420917 76.0
3 0.007 -10 0.003647106021372041 0.005653014333126664 0.003647106021372041 0.003647106021372041 0.003647106021372041 76.0
3 0.009 -10 0.005565139963270076 0.009015526740497524 0.005565139963270076 0.005565139963270076 0.005565139963270076 76.0
3 0.011 -10 0.008684324793747287 0.013026487190620929 0.008684324793747287 0.008684324793747287 0.008684324793747287 76.0
3 0.013 -10 0.013029315960912053 0.019153094462540717 0.013029315960912053 0.013029315960912053 0.013029315960912053 76.0
3 0.015 -10 0.01652892561983471 0.026611570247933883 0.01652892561983471 0.01652892561983471 0.01652892561983471 76.0
3 0.0007 -10 3.526545720254645e-05 5.0782258371666885e-05 3.526545720254645e-05 3.526545720254645e-05 3.526545720254645e-05 76.0
3 0.001 -10 7.487854699677124e-05 0.00010707632220538287 7.487854699677124e-05 7.487854699677124e-05 7.487854699677124e-05 76.0
3 0.003 -10 0.0007486150621350501 0.0009956580326396167 0.0007486150621350501 0.0007486150621350501 0.0007486150621350501 76.0
3 0.005 -10 0.0018733257151420917 0.002735055544107454 0.0018733257151420917 0.0018733257151420917 0.0018733257151420917 76.0
3 0.007 -10 0.003647106021372041 0.005653014333126664 0.003647106021372041 0.003647106021372041 0.003647106021372041 76.0
3 0.009 -10 0.005565139963270076 0.009015526740497524 0.005565139963270076 0.005565139963270076 0.005565139963270076 76.0
3 0.011 -10 0.008684324793747287 0.013026487190620929 0.008684324793747287 0.008684324793747287 0.008684324793747287 76.0
3 0.013 -10 0.013029315960912053 0.019153094462540717 0.013029315960912053 0.013029315960912053 0.013029315960912053 76.0
3 0.015 -10 0.01652892561983471 0.026611570247933883 0.01652892561983471 0.01652892561983471 0.01652892561983471 76.0
