5 0.003 -10 3.355962589071442e-05 0.0023891097671599596 3.355962589071442e-05 3.355962589071442e-05 3.355962589071442e-05 418.0
5 0.005 -10 0.00017629937043494817 0.007496249230893997 0.00017629937043494817 0.00017629937043494817 0.00017629937043494817 418.0
5 0.007 -10 0.0005970683941845539 0.01568498671522823 0.0005970683941845539 0.0005970683941845539 0.0005970683941845539 418.0
5 0.009 -10 0.001143392904103637 0.027361392195200035 0.001143392904103637 0.001143392904103637 0.001143392904103637 418.0
5 0.011 -10 0.001885333986915782 0.039818253803661316 0.001885333986915782 0.001885333986915782 0.001885333986915782 418.0
5 0.013 -10 0.002809462268921728 0.05807158509861213 0.002809462268921728 0.002809462268921728 0.002809462268921728 418.0
5 0.015 -10 0.00511849311562676 0.0864001637917797 0.00511849311562676 0.00511849311562676 0.00511849311562676 418.0
5 0.003 -10 3.355962589071442e-05 0.0023891097671599596 3.355962589071442e-05 3.355962589071442e-05 3.355962589071442e-05 418.0
5 0.005 -10 0.00017629937043494817 0.007496249230893997 0.00017629937043494817 0.00017629937043494817 0.00017629937043494817 418.0
5 0.007 -10 0.0005970683941845539 0.01568498671522823 0.0005970683941845539 0.0005970683941845539 0.0005970683941845539 418.0
5 0.009 -10 0.001143392904103637 0.027361392195200035 0.001143392904103637 0.001143392904103637 0.001143392904103637 418.0
5 0.011 -10 0.001885333986915782 0.039818253803661316 0.001885333986915782 0.001885333986915782 0.001885333986915782 418.0
5 0.013 -10 0.002809462268921728 0.05807158509861213 0.002809462268921728 0.002809462268921728 0.002809462268921728 418.0
5 0.015 -10 0.00511849311562676 0.0864001637917797 0.00511849311562676 0.00511849311562676 0.00511849311562676 418.0
