5 0.181 -10 1.0 1.0 1.0 1.0 1.0 0.0
5 0.128 -10 1.0 1.0 1.0 1.0 1.0 0.0
5 0.090496 -10 0.998003992015968 0.998003992015968 0.998003992015968 0.998003992015968 0.998003992015968 0.0
5 0.064 -10 0.9276437847866419 0.9276437847866419 0.9276437847866419 0.9276437847866419 0.9276437847866419 0.0
5 0.045249 -10 0.6949270326615705 0.6949270326615705 0.6949270326615705 0.6949270326615705 0.6949270326615705 0.0
5 0.032 -10 0.41118421052631576 0.41118421052631576 0.41118421052631576 0.41118421052631576 0.41118421052631576 0.0
5 0.022624 -10 0.19557989438685702 0.19557989438685702 0.19557989438685702 0.19557989438685702 0.19557989438685702 0.0
5 0.016 -10 0.0907605736068252 0.0907605736068252 0.0907605736068252 0.0907605736068252 0.0907605736068252 0.0
5 0.011312 -10 0.04043998705920414 0.04043998705920414 0.04043998705920414 0.04043998705920414 0.04043998705920414 0.0
5 0.008 -10 0.017883648979737824 0.017883648979737824 0.017883648979737824 0.017883648979737824 0.017883648979737824 0.0
