5 0.181 -10 1.0 1.0 1.0 1.0 1.0 0.0
5 0.128 -10 1.0 1.0 1.0 1.0 1.0 0.0
5 0.090496 -10 0.999000999000999 0.999000999000999 0.999000999000999 0.999000999000999 0.999000999000999 0.0
5 0.064 -10 0.9560229445506692 0.9560229445506692 0.9560229445506692 0.9560229445506692 0.9560229445506692 0.0
5 0.045249 -10 0.7704160246533128 0.7704160246533128 0.7704160246533128 0.7704160246533128 0.7704160246533128 0.0
5 0.032 -10 0.5136106831022085 0.5136106831022085 0.5136106831022085 0.5136106831022085 0.5136106831022085 0.0
5 0.022624 -10 0.2849002849002849 0.2849002849002849 0.2849002849002849 0.2849002849002849 0.2849002849002849 0.0
5 0.016 -10 0.14878738282993603 0.14878738282993603 0.14878738282993603 0.14878738282993603 0.14878738282993603 0.0
5 0.011312 -10 0.0693433187712364 0.0693433187712364 0.0693433187712364 0.0693433187712364 0.0693433187712364 0.0
5 0.008 -10 0.03277076847452073 0.03277076847452073 0.03277076847452073 0.03277076847452073 0.03277076847452073 0.0
