7 0.181 -10 1.0 1.0 1.0 1.0 1.0 0.0
7 0.128 -10 1.0 1.0 1.0 1.0 1.0 0.0
7 0.090496 -10 1.0 1.0 1.0 1.0 1.0 0.0
7 0.064 -10 0.9940357852882704 0.9940357852882704 0.9940357852882704 0.9940357852882704 0.9940357852882704 0.0
7 0.045249 -10 0.8936550491510277 0.8936550491510277 0.8936550491510277 0.8936550491510277 0.8936550491510277 0.0
7 0.032 -10 0.5449591280653951 0.5449591280653951 0.5449591280653951 0.5449591280653951 0.5449591280653951 0.0
7 0.022624 -10 0.23551577955723033 0.23551577955723033 0.23551577955723033 0.23551577955723033 0.23551577955723033 0.0
7 0.016 -10 0.08213552361396304 0.08213552361396304 0.08213552361396304 0.08213552361396304 0.08213552361396304 0.0
7 0.011312 -10 0.028919286272014805 0.028919286272014805 0.028919286272014805 0.028919286272014805 0.028919286272014805 0.0
7 0.008 -10 0.00869421573826933 0.00869421573826933 0.00869421573826933 0.00869421573826933 0.00869421573826933 0.0
