10 0.181 -10 1.0 1.0 1.0 1.0 1.0 0.0
10 0.128 -10 1.0 1.0 1.0 1.0 1.0 0.0
10 0.090496 -10 1.0 1.0 1.0 1.0 1.0 0.0
10 0.064 -10 1.0 1.0 1.0 1.0 1.0 0.0
10 0.045249 -10 0.9090909090909091 0.9090909090909091 0.9090909090909091 0.9090909090909091 0.9090909090909091 0.0
10 0.032 -10 0.40584415584415584 0.40584415584415584 0.40584415584415584 0.40584415584415584 0.40584415584415584 0.0
10 0.022624 -10 0.07185456635769204 0.07185456635769204 0.07185456635769204 0.07185456635769204 0.07185456635769204 0.0
10 0.016 -10 0.011225360334066724 0.011225360334066724 0.011225360334066724 0.011225360334066724 0.011225360334066724 0.0
10 0.011312 -10 0.0016884020287838777 0.0016884020287838777 0.0016884020287838777 0.0016884020287838777 0.0016884020287838777 0.0
10 0.008 -10 0.0003329405744356907 0.0003329405744356907 0.0003329405744356907 0.0003329405744356907 0.0003329405744356907 0.0
