10 0.181 -10 1.0 1.0 1.0 1.0 1.0 0.0
10 0.128 -10 1.0 1.0 1.0 1.0 1.0 0.0
10 0.090496 -10 1.0 1.0 1.0 1.0 1.0 0.0
10 0.064 -10 1.0 1.0 1.0 1.0 1.0 0.0
10 0.045249 -10 0.949667616334283 0.949667616334283 0.949667616334283 0.949667616334283 0.949667616334283 0.0
10 0.032 -10 0.5128205128205128 0.5128205128205128 0.5128205128205128 0.5128205128205128 0.5128205128205128 0.0
10 0.022624 -10 0.1386577925679423 0.1386577925679423 0.1386577925679423 0.1386577925679423 0.1386577925679423 0.0
10 0.016 -10 0.03200102403276905 0.03200102403276905 0.03200102403276905 0.03200102403276905 0.03200102403276905 0.0
10 0.011312 -10 0.006363752068219423 0.006363752068219423 0.006363752068219423 0.006363752068219423 0.006363752068219423 0.0
10 0.008 -10 0.0014009722747586825 0.0014009722747586825 0.0014009722747586825 0.0014009722747586825 0.0014009722747586825 0.0
