10 0.181 -10 1.0 1.0 1.0 1.0 1.0 0.0
10 0.128 -10 1.0 1.0 1.0 1.0 1.0 0.0
10 0.090496 -10 1.0 1.0 1.0 1.0 1.0 0.0
10 0.064 -10 1.0 1.0 1.0 1.0 1.0 0.0
10 0.045249 -10 0.8952551477170994 0.8952551477170994 0.8952551477170994 0.8952551477170994 0.8952551477170994 0.0
10 0.032 -10 0.3171582619727244 0.3171582619727244 0.3171582619727244 0.3171582619727244 0.3171582619727244 0.0
10 0.022624 -10 0.048400367842795604 0.048400367842795604 0.048400367842795604 0.048400367842795604 0.048400367842795604 0.0
10 0.016 -10 0.005666236032728179 0.005666236032728179 0.005666236032728179 0.005666236032728179 0.005666236032728179 0.0
10 0.011312 -10 0.0008029916256003366 0.0008029916256003366 0.0008029916256003366 0.0008029916256003366 0.0008029916256003366 0.0
10 0.008 -10 0.00014320359326456218 0.00014320359326456218 0.00014320359326456218 0.00014320359326456218 0.00014320359326456218 0.0
