10 0.181 -10 1.0 1.0 1.0 1.0 1.0 0.0
10 0.128 -10 1.0 1.0 1.0 1.0 1.0 0.0
10 0.090496 -10 1.0 1.0 1.0 1.0 1.0 0.0
10 0.064 -10 1.0 1.0 1.0 1.0 1.0 0.0
10 0.045249 -10 0.9233610341643582 0.9233610341643582 0.9233610341643582 0.9233610341643582 0.9233610341643582 0.0
10 0.032 -10 0.43821209465381245 0.43821209465381245 0.43821209465381245 0.43821209465381245 0.43821209465381245 0.0
10 0.022624 -10 0.10300782859497322 0.10300782859497322 0.10300782859497322 0.10300782859497322 0.10300782859497322 0.0
10 0.016 -10 0.016988312041315574 0.016988312041315574 0.016988312041315574 0.016988312041315574 0.016988312041315574 0.0
10 0.011312 -10 0.002944311296144719 0.002944311296144719 0.002944311296144719 0.002944311296144719 0.002944311296144719 0.0
10 0.008 -10 0.000516215090309249 0.000516215090309249 0.000516215090309249 0.000516215090309249 0.000516215090309249 0.0
