8 0.181 -10 1.0 1.0 1.0 1.0 1.0 0.0
8 0.128 -10 1.0 1.0 1.0 1.0 1.0 0.0
8 0.090496 -10 1.0 1.0 1.0 1.0 1.0 0.0
8 0.064 -10 1.0 1.0 1.0 1.0 1.0 0.0
8 0.045249 -10 0.8628127696289906 0.8628127696289906 0.8628127696289906 0.8628127696289906 0.8628127696289906 0.0
8 0.032 -10 0.4137360364087712 0.4137360364087712 0.4137360364087712 0.4137360364087712 0.4137360364087712 0.0
8 0.022624 -10 0.1181753722524226 0.1181753722524226 0.1181753722524226 0.1181753722524226 0.1181753722524226 0.0
8 0.016 -10 0.026607774791794162 0.026607774791794162 0.026607774791794162 0.026607774791794162 0.026607774791794162 0.0
8 0.011312 -10 0.006644341678626482 0.006644341678626482 0.006644341678626482 0.006644341678626482 0.006644341678626482 0.0
8 0.008 -10 0.0014917268827084986 0.0014917268827084986 0.0014917268827084986 0.0014917268827084986 0.0014917268827084986 0.0
