7 0.181 -10 1.0 1.0 1.0 1.0 1.0 0.0
7 0.128 -10 1.0 1.0 1.0 1.0 1.0 0.0
7 0.090496 -10 1.0 1.0 1.0 1.0 1.0 0.0
7 0.064 -10 0.9910802775024777 0.9910802775024777 0.9910802775024777 0.9910802775024777 0.9910802775024777 0.0
7 0.045249 -10 0.8250825082508251 0.8250825082508251 0.8250825082508251 0.8250825082508251 0.8250825082508251 0.0
7 0.032 -10 0.43649061545176776 0.43649061545176776 0.43649061545176776 0.43649061545176776 0.43649061545176776 0.0
7 0.022624 -10 0.1590836780146357 0.1590836780146357 0.1590836780146357 0.1590836780146357 0.1590836780146357 0.0
7 0.016 -10 0.05082075519642222 0.05082075519642222 0.05082075519642222 0.05082075519642222 0.05082075519642222 0.0
7 0.011312 -10 0.01477890754315441 0.01477890754315441 0.01477890754315441 0.01477890754315441 0.01477890754315441 0.0
7 0.008 -10 0.004146487096132157 0.004146487096132157 0.004146487096132157 0.004146487096132157 0.004146487096132157 0.0
