6 0.181 -10 1.0 1.0 1.0 1.0 1.0 0.0
6 0.128 -10 1.0 1.0 1.0 1.0 1.0 0.0
6 0.090496 -10 0.9970089730807578 0.9970089730807578 0.9970089730807578 0.9970089730807578 0.9970089730807578 0.0
6 0.064 -10 0.9442870632672332 0.9442870632672332 0.9442870632672332 0.9442870632672332 0.9442870632672332 0.0
6 0.045249 -10 0.6770480704129993 0.6770480704129993 0.6770480704129993 0.6770480704129993 0.6770480704129993 0.0
6 0.032 -10 0.35323207347227126 0.35323207347227126 0.35323207347227126 0.35323207347227126 0.35323207347227126 0.0
6 0.022624 -10 0.14492753623188406 0.14492753623188406 0.14492753623188406 0.14492753623188406 0.14492753623188406 0.0
6 0.016 -10 0.04826487764853516 0.04826487764853516 0.04826487764853516 0.04826487764853516 0.04826487764853516 0.0
6 0.011312 -10 0.01818512456810329 0.01818512456810329 0.01818512456810329 0.01818512456810329 0.01818512456810329 0.0
6 0.008 -10 0.006242703839887132 0.006242703839887132 0.006242703839887132 0.006242703839887132 0.006242703839887132 0.0
