8 0.181 -10 1.0 1.0 1.0 1.0 1.0 0.0
8 0.128 -10 1.0 1.0 1.0 1.0 1.0 0.0
8 0.090496 -10 1.0 1.0 1.0 1.0 1.0 0.0
8 0.064 -10 0.9940357852882704 0.9940357852882704 0.9940357852882704 0.9940357852882704 0.9940357852882704 0.0
8 0.045249 -10 0.823045267489712 0.823045267489712 0.823045267489712 0.823045267489712 0.823045267489712 0.0
8 0.032 -10 0.33079722130334105 0.33079722130334105 0.33079722130334105 0.33079722130334105 0.33079722130334105 0.0
8 0.022624 -10 0.08329862557267805 0.08329862557267805 0.08329862557267805 0.08329862557267805 0.08329862557267805 0.0
8 0.016 -10 0.017828807787623243 0.017828807787623243 0.017828807787623243 0.017828807787623243 0.017828807787623243 0.0
8 0.011312 -10 0.004149394810766849 0.004149394810766849 0.004149394810766849 0.004149394810766849 0.004149394810766849 0.0
8 0.008 -10 0.0008982579185926814 0.0008982579185926814 0.0008982579185926814 0.0008982579185926814 0.0008982579185926814 0.0
