5 0.002 -10 0.01565582240035069 0.01565582240035069 0.01565582240035069 0.01565582240035069 0.01565582240035069 0.0
5 0.002828 -10 0.023789699060306885 0.023789699060306885 0.023789699060306885 0.023789699060306885 0.023789699060306885 0.0
5 0.004 -10 0.032790110502672394 0.032790110502672394 0.032790110502672394 0.032790110502672394 0.032790110502672394 0.0
5 0.005656 -10 0.04515284237142728 0.04515284237142728 0.04515284237142728 0.04515284237142728 0.04515284237142728 0.0
5 0.008 -10 0.06247266820765915 0.06247266820765915 0.06247266820765915 0.06247266820765915 0.06247266820765915 0.0
5 0.011312 -10 0.0892458723784025 0.0892458723784025 0.0892458723784025 0.0892458723784025 0.0892458723784025 0.0
5 0.016 -10 0.12457954403886881 0.12457954403886881 0.12457954403886881 0.12457954403886881 0.12457954403886881 0.0
5 0.022624 -10 0.17038677798602828 0.17038677798602828 0.17038677798602828 0.17038677798602828 0.17038677798602828 0.0
5 0.032 -10 0.24715768660405338 0.24715768660405338 0.24715768660405338 0.24715768660405338 0.24715768660405338 0.0
5 0.045249 -10 0.32289312237649337 0.32289312237649337 0.32289312237649337 0.32289312237649337 0.32289312237649337 0.0
5 0.064 -10 0.449842555105713 0.449842555105713 0.449842555105713 0.449842555105713 0.449842555105713 0.0
5 0.090496 -10 0.5851375073142189 0.5851375073142189 0.5851375073142189 0.5851375073142189 0.5851375073142189 0.0
5 0.128 -10 0.7380073800738007 0.7380073800738007 0.7380073800738007 0.7380073800738007 0.7380073800738007 0.0
5 0.181 -10 0.8818342151675485 0.8818342151675485 0.8818342151675485 0.8818342151675485 0.8818342151675485 0.0
5 0.256 -10 0.9699321047526673 0.9699321047526673 0.9699321047526673 0.9699321047526673 0.9699321047526673 0.0
5 0.362 -10 0.9910802775024777 0.9910802775024777 0.9910802775024777 0.9910802775024777 0.9910802775024777 0.0
