3 0.002 -10 0.007851142341210647 0.007851142341210647 0.007851142341210647 0.007851142341210647 0.007851142341210647 0.0
3 0.002828 -10 0.011301222792306128 0.011301222792306128 0.011301222792306128 0.011301222792306128 0.011301222792306128 0.0
3 0.004 -10 0.016671946116270153 0.016671946116270153 0.016671946116270153 0.016671946116270153 0.016671946116270153 0.0
3 0.005656 -10 0.021864614308203602 0.021864614308203602 0.021864614308203602 0.021864614308203602 0.021864614308203602 0.0
3 0.008 -10 0.03180155827635554 0.03180155827635554 0.03180155827635554 0.03180155827635554 0.03180155827635554 0.0
3 0.011312 -10 0.04490950734270445 0.04490950734270445 0.04490950734270445 0.04490950734270445 0.04490950734270445 0.0
3 0.016 -10 0.06312334301224592 0.06312334301224592 0.06312334301224592 0.06312334301224592 0.06312334301224592 0.0
3 0.022624 -10 0.09076881183625306 0.09076881183625306 0.09076881183625306 0.09076881183625306 0.09076881183625306 0.0
3 0.032 -10 0.13000520020800832 0.13000520020800832 0.13000520020800832 0.13000520020800832 0.13000520020800832 0.0
3 0.045249 -10 0.17304031839418585 0.17304031839418585 0.17304031839418585 0.17304031839418585 0.17304031839418585 0.0
3 0.064 -10 0.24137098720733768 0.24137098720733768 0.24137098720733768 0.24137098720733768 0.24137098720733768 0.0
3 0.090496 -10 0.3341129301703976 0.3341129301703976 0.3341129301703976 0.3341129301703976 0.3341129301703976 0.0
3 0.128 -10 0.4168403501458941 0.4168403501458941 0.4168403501458941 0.4168403501458941 0.4168403501458941 0.0
3 0.181 -10 0.544069640914037 0.544069640914037 0.544069640914037 0.544069640914037 0.544069640914037 0.0
3 0.256 -10 0.6389776357827476 0.6389776357827476 0.6389776357827476 0.6389776357827476 0.6389776357827476 0.0
3 0.362 -10 0.7304601899196493 0.7304601899196493 0.7304601899196493 0.7304601899196493 0.7304601899196493 0.0
