7 0.002 -10 0.02249668173944343 0.02249668173944343 0.02249668173944343 0.02249668173944343 0.02249668173944343 0.0
7 0.002828 -10 0.03478018920422927 0.03478018920422927 0.03478018920422927 0.03478018920422927 0.03478018920422927 0.0
7 0.004 -10 0.04638434064659771 0.04638434064659771 0.04638434064659771 0.04638434064659771 0.04638434064659771 0.0
7 0.005656 -10 0.06825006825006825 0.06825006825006825 0.06825006825006825 0.06825006825006825 0.06825006825006825 0.0
7 0.008 -10 0.09163383121048291 0.09163383121048291 0.09163383121048291 0.09163383121048291 0.09163383121048291 0.0
7 0.011312 -10 0.13489815189531904 0.13489815189531904 0.13489815189531904 0.13489815189531904 0.13489815189531904 0.0
7 0.016 -10 0.18925056775170326 0.18925056775170326 0.18925056775170326 0.18925056775170326 0.18925056775170326 0.0
7 0.022624 -10 0.2518257365902795 0.2518257365902795 0.2518257365902795 0.2518257365902795 0.2518257365902795 0.0
7 0.032 -10 0.3512469265893923 0.3512469265893923 0.3512469265893923 0.3512469265893923 0.3512469265893923 0.0
7 0.045249 -10 0.45787545787545786 0.45787545787545786 0.45787545787545786 0.45787545787545786 0.45787545787545786 0.0
7 0.064 -10 0.6101281269066504 0.6101281269066504 0.6101281269066504 0.6101281269066504 0.6101281269066504 0.0
7 0.090496 -10 0.7974481658692185 0.7974481658692185 0.7974481658692185 0.7974481658692185 0.7974481658692185 0.0
7 0.128 -10 0.9090909090909091 0.9090909090909091 0.9090909090909091 0.9090909090909091 0.9090909090909091 0.0
7 0.181 -10 0.9775171065493646 0.9775171065493646 0.9775171065493646 0.9775171065493646 0.9775171065493646 0.0
7 0.256 -10 0.999000999000999 0.999000999000999 0.999000999000999 0.999000999000999 0.999000999000999 0.0
7 0.362 -10 1.0 1.0 1.0 1.0 1.0 0.0
