7 0.002 -10 0.0008145597671010714 0.0008145597671010714 0.0008145597671010714 0.0008145597671010714 0.0008145597671010714 0.0
7 0.002828 -10 0.0015015488476363369 0.0015015488476363369 0.0015015488476363369 0.0015015488476363369 0.0015015488476363369 0.0
7 0.004 -10 0.0030847916685946613 0.0030847916685946613 0.0030847916685946613 0.0030847916685946613 0.0030847916685946613 0.0
7 0.005656 -10 0.0063443322907480604 0.0063443322907480604 0.0063443322907480604 0.0063443322907480604 0.0063443322907480604 0.0
7 0.008 -10 0.012595886183572446 0.012595886183572446 0.012595886183572446 0.012595886183572446 0.012595886183572446 0.0
7 0.011312 -10 0.024096966191956434 0.024096966191956434 0.024096966191956434 0.024096966191956434 0.024096966191956434 0.0
7 0.016 -10 0.046897716081226844 0.046897716081226844 0.046897716081226844 0.046897716081226844 0.046897716081226844 0.0
7 0.022624 -10 0.08725242125468982 0.08725242125468982 0.08725242125468982 0.08725242125468982 0.08725242125468982 0.0
7 0.032 -10 0.16144656118824668 0.16144656118824668 0.16144656118824668 0.16144656118824668 0.16144656118824668 0.0
7 0.045249 -10 0.2968239833778569 0.2968239833778569 0.2968239833778569 0.2968239833778569 0.2968239833778569 0.0
7 0.064 -10 0.4694835680751174 0.4694835680751174 0.4694835680751174 0.4694835680751174 0.4694835680751174 0.0
7 0.090496 -10 0.7507507507507507 0.7507507507507507 0.7507507507507507 0.7507507507507507 0.7507507507507507 0.0
7 0.128 -10 0.9505703422053232 0.9505703422053232 0.9505703422053232 0.9505703422053232 0.9505703422053232 0.0
7 0.181 -10 0.999000999000999 0.999000999000999 0.999000999000999 0.999000999000999 0.999000999000999 0.0
7 0.256 -10 1.0 1.0 1.0 1.0 1.0 0.0
7 0.362 -10 1.0 1.0 1.0 1.0 1.0 0.0
