3 0.002 -10 0.00022814262473070616 0.00022814262473070616 0.00022814262473070616 0.00022814262473070616 0.00022814262473070616 0.0
3 0.002828 -10 0.00045530166922697974 0.00045530166922697974 0.00045530166922697974 0.00045530166922697974 0.00045530166922697974 0.0
3 0.004 -10 0.0008489663410314771 0.0008489663410314771 0.0008489663410314771 0.0008489663410314771 0.0008489663410314771 0.0
3 0.005656 -10 0.0016179318624175462 0.0016179318624175462 0.0016179318624175462 0.0016179318624175462 0.0016179318624175462 0.0
3 0.008 -10 0.0028510172429522854 0.0028510172429522854 0.0028510172429522854 0.0028510172429522854 0.0028510172429522854 0.0
3 0.011312 -10 0.005372791111254386 0.005372791111254386 0.005372791111254386 0.005372791111254386 0.005372791111254386 0.0
3 0.016 -10 0.012132977432661975 0.012132977432661975 0.012132977432661975 0.012132977432661975 0.012132977432661975 0.0
3 0.022624 -10 0.022968441361569204 0.022968441361569204 0.022968441361569204 0.022968441361569204 0.022968441361569204 0.0
3 0.032 -10 0.04320587599913588 0.04320587599913588 0.04320587599913588 0.04320587599913588 0.04320587599913588 0.0
3 0.045249 -10 0.08325008325008325 0.08325008325008325 0.08325008325008325 0.08325008325008325 0.08325008325008325 0.0
3 0.064 -10 0.1734906315058987 0.1734906315058987 0.1734906315058987 0.1734906315058987 0.1734906315058987 0.0
3 0.090496 -10 0.2727024815925825 0.2727024815925825 0.2727024815925825 0.2727024815925825 0.2727024815925825 0.0
3 0.128 -10 0.46860356138706655 0.46860356138706655 0.46860356138706655 0.46860356138706655 0.46860356138706655 0.0
3 0.181 -10 0.7598784194528876 0.7598784194528876 0.7598784194528876 0.7598784194528876 0.7598784194528876 0.0
3 0.256 -10 0.9940357852882704 0.9940357852882704 0.9940357852882704 0.9940357852882704 0.9940357852882704 0.0
3 0.362 -10 0.998003992015968 0.998003992015968 0.998003992015968 0.998003992015968 0.998003992015968 0.0
