6 0.362 -10 1.0 1.0 1.0 1.0 1.0 0.0
6 0.256 -10 0.998003992015968 0.998003992015968 0.998003992015968 0.998003992015968 0.998003992015968 0.0
6 0.181 -10 0.9671179883945842 0.9671179883945842 0.9671179883945842 0.9671179883945842 0.9671179883945842 0.0
6 0.128 -10 0.7843137254901961 0.7843137254901961 0.7843137254901961 0.7843137254901961 0.7843137254901961 0.0
6 0.090496 -10 0.5165289256198347 0.5165289256198347 0.5165289256198347 0.5165289256198347 0.5165289256198347 0.0
6 0.064 -10 0.27909572983533354 0.27909572983533354 0.27909572983533354 0.27909572983533354 0.27909572983533354 0.0
6 0.045249 -10 0.1281722635221738 0.1281722635221738 0.1281722635221738 0.1281722635221738 0.1281722635221738 0.0
6 0.032 -10 0.054923930356456305 0.054923930356456305 0.054923930356456305 0.054923930356456305 0.054923930356456305 0.0
6 0.022624 -10 0.023692191053828658 0.023692191053828658 0.023692191053828658 0.023692191053828658 0.023692191053828658 0.0
6 0.016 -10 0.008811892530158702 0.008811892530158702 0.008811892530158702 0.008811892530158702 0.008811892530158702 0.0
6 0.011312 -10 0.003646574043685957 0.003646574043685957 0.003646574043685957 0.003646574043685957 0.003646574043685957 0.0
6 0.008 -10 0.0013412538846065633 0.0013412538846065633 0.0013412538846065633 0.0013412538846065633 0.0013412538846065633 0.0
6 0.005656 -10 0.0005258126697717658 0.0005258126697717658 0.0005258126697717658 0.0005258126697717658 0.0005258126697717658 0.0
6 0.004 -10 0.000197637246715516 0.000197637246715516 0.000197637246715516 0.000197637246715516 0.000197637246715516 0.0
6 0.002828 -10 8.127310086300655e-05 8.127310086300655e-05 8.127310086300655e-05 8.127310086300655e-05 8.127310086300655e-05 0.0
6 0.002 -10 3.1094638553589356e-05 3.1094638553589356e-05 3.1094638553589356e-05 3.1094638553589356e-05 3.1094638553589356e-05 0.0
