10 0.362 -10 1.0 1.0 1.0 1.0 1.0 0.0
10 0.256 -10 1.0 1.0 1.0 1.0 1.0 0.0
10 0.181 -10 0.998003992015968 0.998003992015968 0.998003992015968 0.998003992015968 0.998003992015968 0.0
10 0.128 -10 0.9107468123861566 0.9107468123861566 0.9107468123861566 0.9107468123861566 0.9107468123861566 0.0
10 0.090496 -10 0.5449591280653951 0.5449591280653951 0.5449591280653951 0.5449591280653951 0.5449591280653951 0.0
10 0.064 -10 0.20366598778004075 0.20366598778004075 0.20366598778004075 0.20366598778004075 0.20366598778004075 0.0
10 0.045249 -10 0.05157297576070139 0.05157297576070139 0.05157297576070139 0.05157297576070139 0.05157297576070139 0.0
10 0.032 -10 0.009817781966698084 0.009817781966698084 0.009817781966698084 0.009817781966698084 0.009817781966698084 0.0
10 0.022624 -10 0.0016782465679857684 0.0016782465679857684 0.0016782465679857684 0.0016782465679857684 0.0016782465679857684 0.0
10 0.016 -10 0.0002644465147668256 0.0002644465147668256 0.0002644465147668256 0.0002644465147668256 0.0002644465147668256 0.0
10 0.011312 -10 4.156622189146594e-05 4.156622189146594e-05 4.156622189146594e-05 4.156622189146594e-05 4.156622189146594e-05 0.0
10 0.008 -10 6.822398044667973e-06 6.822398044667973e-06 6.822398044667973e-06 6.822398044667973e-06 6.822398044667973e-06 0.0
10 0.005656 -10 1.1235086912177487e-06 1.1235086912177487e-06 1.1235086912177487e-06 1.1235086912177487e-06 1.1235086912177487e-06 0.0
10 0.004 -10 2.2243272108181154e-07 2.2243272108181154e-07 2.2243272108181154e-07 2.2243272108181154e-07 2.2243272108181154e-07 0.0
10 0.002828 -10 4.288937182561745e-08 4.288937182561745e-08 4.288937182561745e-08 4.288937182561745e-08 4.288937182561745e-08 0.0
10 0.002 -10 8.91469994405274e-09 8.91469994405274e-09 8.91469994405274e-09 8.91469994405274e-09 8.91469994405274e-09 0.0
