10 0.362 -10 1.0 1.0 1.0 1.0 1.0 0.0
10 0.256 -10 1.0 1.0 1.0 1.0 1.0 0.0
10 0.181 -10 0.9979633401221996 0.9979633401221996 0.9979633401221996 0.9979633401221996 0.9979633401221996 0.0
10 0.128 -10 0.9023941068139963 0.9023941068139963 0.9023941068139963 0.9023941068139963 0.9023941068139963 0.0
10 0.090496 -10 0.5402425578831312 0.5402425578831312 0.5402425578831312 0.5402425578831312 0.5402425578831312 0.0
10 0.064 -10 0.19922748526123196 0.19922748526123196 0.19922748526123196 0.19922748526123196 0.19922748526123196 0.0
10 0.045249 -10 0.05202250769720777 0.05202250769720777 0.05202250769720777 0.05202250769720777 0.05202250769720777 0.0
10 0.032 -10 0.011648085197423158 0.011648085197423158 0.011648085197423158 0.011648085197423158 0.011648085197423158 0.0
10 0.022624 -10 0.0018897358419255252 0.0018897358419255252 0.0018897358419255252 0.0018897358419255252 0.0018897358419255252 0.0
10 0.016 -10 0.0003254289518863257 0.0003254289518863257 0.0003254289518863257 0.0003254289518863257 0.0003254289518863257 0.0
10 0.011312 -10 4.9965946677769304e-05 4.9965946677769304e-05 4.9965946677769304e-05 4.9965946677769304e-05 4.9965946677769304e-05 0.0
10 0.008 -10 8.663831312941132e-06 8.663831312941132e-06 8.663831312941132e-06 8.663831312941132e-06 8.663831312941132e-06 0.0
10 0.005656 -10 1.4697807425181734e-06 1.4697807425181734e-06 1.4697807425181734e-06 1.4697807425181734e-06 1.4697807425181734e-06 0.0
10 0.004 -10 2.7865995825725575e-07 2.7865995825725575e-07 2.7865995825725575e-07 2.7865995825725575e-07 2.7865995825725575e-07 0.0
10 0.002828 -10 5.527642475615074e-08 5.527642475615074e-08 5.527642475615074e-08 5.527642475615074e-08 5.527642475615074e-08 0.0
10 0.002 -10 1.1842065966594714e-08 1.1842065966594714e-08 1.1842065966594714e-08 1.1842065966594714e-08 1.1842065966594714e-08 0.0
