10 0.362 -10 1.0 1.0 1.0 1.0 1.0 0.0
10 0.256 -10 1.0 1.0 1.0 1.0 1.0 0.0
10 0.181 -10 1.0 1.0 1.0 1.0 1.0 0.0
10 0.128 -10 0.9671179883945842 0.9671179883945842 0.9671179883945842 0.9671179883945842 0.9671179883945842 0.0
10 0.090496 -10 0.7358351729212657 0.7358351729212657 0.7358351729212657 0.7358351729212657 0.7358351729212657 0.0
10 0.064 -10 0.41271151465125877 0.41271151465125877 0.41271151465125877 0.41271151465125877 0.41271151465125877 0.0
10 0.045249 -10 0.17009695526450078 0.17009695526450078 0.17009695526450078 0.17009695526450078 0.17009695526450078 0.0
10 0.032 -10 0.048555474629764506 0.048555474629764506 0.048555474629764506 0.048555474629764506 0.048555474629764506 0.0
10 0.022624 -10 0.012326200571935706 0.012326200571935706 0.012326200571935706 0.012326200571935706 0.012326200571935706 0.0
10 0.016 -10 0.00274905020315481 0.00274905020315481 0.00274905020315481 0.00274905020315481 0.00274905020315481 0.0
10 0.011312 -10 0.000616017692028115 0.000616017692028115 0.000616017692028115 0.000616017692028115 0.000616017692028115 0.0
10 0.008 -10 0.00012448759350418758 0.00012448759350418758 0.00012448759350418758 0.00012448759350418758 0.00012448759350418758 0.0
10 0.005656 -10 2.9828262881611237e-05 2.9828262881611237e-05 2.9828262881611237e-05 2.9828262881611237e-05 2.9828262881611237e-05 0.0
10 0.004 -10 7.091873964861211e-06 7.091873964861211e-06 7.091873964861211e-06 7.091873964861211e-06 7.091873964861211e-06 0.0
10 0.002828 -10 1.6626481624434124e-06 1.6626481624434124e-06 1.6626481624434124e-06 1.6626481624434124e-06 1.6626481624434124e-06 0.0
10 0.002 -10 4.1252865821634466e-07 4.1252865821634466e-07 4.1252865821634466e-07 4.1252865821634466e-07 4.1252865821634466e-07 0.0
