5 0.362 -10 1.0 1.0 1.0 1.0 1.0 0.0
5 0.256 -10 0.999000999000999 0.999000999000999 0.999000999000999 0.999000999000999 0.999000999000999 0.0
5 0.181 -10 0.9861932938856016 0.9861932938856016 0.9861932938856016 0.9861932938856016 0.9861932938856016 0.0
5 0.128 -10 0.8424599831508003 0.8424599831508003 0.8424599831508003 0.8424599831508003 0.8424599831508003 0.0
5 0.090496 -10 0.5995203836930456 0.5995203836930456 0.5995203836930456 0.5995203836930456 0.5995203836930456 0.0
5 0.064 -10 0.3849114703618168 0.3849114703618168 0.3849114703618168 0.3849114703618168 0.3849114703618168 0.0
5 0.045249 -10 0.22779043280182232 0.22779043280182232 0.22779043280182232 0.22779043280182232 0.22779043280182232 0.0
5 0.032 -10 0.11653653420347279 0.11653653420347279 0.11653653420347279 0.11653653420347279 0.11653653420347279 0.0
5 0.022624 -10 0.05582849486377847 0.05582849486377847 0.05582849486377847 0.05582849486377847 0.05582849486377847 0.0
5 0.016 -10 0.02762354631087539 0.02762354631087539 0.02762354631087539 0.02762354631087539 0.02762354631087539 0.0
5 0.011312 -10 0.013175577749084297 0.013175577749084297 0.013175577749084297 0.013175577749084297 0.013175577749084297 0.0
5 0.008 -10 0.006314087993130272 0.006314087993130272 0.006314087993130272 0.006314087993130272 0.006314087993130272 0.0
5 0.005656 -10 0.0031511446532953096 0.0031511446532953096 0.0031511446532953096 0.0031511446532953096 0.0031511446532953096 0.0
5 0.004 -10 0.0014204525277662957 0.0014204525277662957 0.0014204525277662957 0.0014204525277662957 0.0014204525277662957 0.0
5 0.002828 -10 0.0006080960694494359 0.0006080960694494359 0.0006080960694494359 0.0006080960694494359 0.0006080960694494359 0.0
5 0.002 -10 0.0002979005459027504 0.0002979005459027504 0.0002979005459027504 0.0002979005459027504 0.0002979005459027504 0.0
