10 0.362 -10 1.0 1.0 1.0 1.0 1.0 0.0
10 0.256 -10 1.0 1.0 1.0 1.0 1.0 0.0
10 0.181 -10 0.999000999000999 0.999000999000999 0.999000999000999 0.999000999000999 0.999000999000999 0.0
10 0.128 -10 0.9398496240601504 0.9398496240601504 0.9398496240601504 0.9398496240601504 0.9398496240601504 0.0
10 0.090496 -10 0.6195786864931846 0.6195786864931846 0.6195786864931846 0.6195786864931846 0.6195786864931846 0.0
10 0.064 -10 0.25265285497726125 0.25265285497726125 0.25265285497726125 0.25265285497726125 0.25265285497726125 0.0
10 0.045249 -10 0.07923930269413629 0.07923930269413629 0.07923930269413629 0.07923930269413629 0.07923930269413629 0.0
10 0.032 -10 0.015789556787140984 0.015789556787140984 0.015789556787140984 0.015789556787140984 0.015789556787140984 0.0
10 0.022624 -10 0.0030021915998679036 0.0030021915998679036 0.0030021915998679036 0.0030021915998679036 0.0030021915998679036 0.0
10 0.016 -10 0.0005128063120303335 0.0005128063120303335 0.0005128063120303335 0.0005128063120303335 0.0005128063120303335 0.0
10 0.011312 -10 8.593859773130696e-05 8.593859773130696e-05 8.593859773130696e-05 8.593859773130696e-05 8.593859773130696e-05 0.0
10 0.008 -10 1.502270636999706e-05 1.502270636999706e-05 1.502270636999706e-05 1.502270636999706e-05 1.502270636999706e-05 0.0
10 0.005656 -10 2.776932548933196e-06 2.776932548933196e-06 2.776932548933196e-06 2.776932548933196e-06 2.776932548933196e-06 0.0
10 0.004 -10 4.975047487636714e-07 4.975047487636714e-07 4.975047487636714e-07 4.975047487636714e-07 4.975047487636714e-07 0.0
10 0.002828 -10 1.0013314460915137e-07 1.0013314460915137e-07 1.0013314460915137e-07 1.0013314460915137e-07 1.0013314460915137e-07 0.0
10 0.002 -10 2.178360496311028e-08 2.178360496311028e-08 2.178360496311028e-08 2.178360496311028e-08 2.178360496311028e-08 0.0
