8 0.362 -10 1.0 1.0 1.0 1.0 1.0 0.0
8 0.256 -10 1.0 1.0 1.0 1.0 1.0 0.0
8 0.181 -10 0.9960159362549801 0.9960159362549801 0.9960159362549801 0.9960159362549801 0.9960159362549801 0.0
8 0.128 -10 0.8496176720475785 0.8496176720475785 0.8496176720475785 0.8496176720475785 0.8496176720475785 0.0
8 0.090496 -10 0.5232862375719518 0.5232862375719518 0.5232862375719518 0.5232862375719518 0.5232862375719518 0.0
8 0.064 -10 0.22639800769753227 0.22639800769753227 0.22639800769753227 0.22639800769753227 0.22639800769753227 0.0
8 0.045249 -10 0.08302889405513118 0.08302889405513118 0.08302889405513118 0.08302889405513118 0.08302889405513118 0.0
8 0.032 -10 0.02206482646013989 0.02206482646013989 0.02206482646013989 0.02206482646013989 0.02206482646013989 0.0
8 0.022624 -10 0.006514615539963909 0.006514615539963909 0.006514615539963909 0.006514615539963909 0.006514615539963909 0.0
8 0.016 -10 0.0016470774258156328 0.0016470774258156328 0.0016470774258156328 0.0016470774258156328 0.0016470774258156328 0.0
8 0.011312 -10 0.0004164705784359864 0.0004164705784359864 0.0004164705784359864 0.0004164705784359864 0.0004164705784359864 0.0
8 0.008 -10 0.00010745414797188354 0.00010745414797188354 0.00010745414797188354 0.00010745414797188354 0.00010745414797188354 0.0
8 0.005656 -10 2.7598565724618144e-05 2.7598565724618144e-05 2.7598565724618144e-05 2.7598565724618144e-05 2.7598565724618144e-05 0.0
8 0.004 -10 7.547066544666827e-06 7.547066544666827e-06 7.547066544666827e-06 7.547066544666827e-06 7.547066544666827e-06 0.0
8 0.002828 -10 1.9024529501602339e-06 1.9024529501602339e-06 1.9024529501602339e-06 1.9024529501602339e-06 1.9024529501602339e-06 0.0
8 0.002 -10 5.646411572049489e-07 5.646411572049489e-07 5.646411572049489e-07 5.646411572049489e-07 5.646411572049489e-07 0.0
