8 0.362 -10 0.984251968503937 1.0 0.9950787401574803 0.984251968503937 0.984251968503937 1.0
8 0.256 -10 0.9746588693957114 1.0 0.9883040935672515 0.9756335282651072 0.9746588693957114 1.0
8 0.181 -10 0.9107468123861566 0.994535519125683 0.9426229508196722 0.9134790528233151 0.9107468123861566 0.9936247723132969
8 0.128 -10 0.683526999316473 0.8680792891319207 0.7375256322624744 0.6883116883116883 0.683526999316473 0.8393711551606289
8 0.090496 -10 0.35385704175513094 0.5038924274593064 0.4002123142250531 0.3570417551309271 0.35385704175513094 0.4734607218683652
8 0.064 -10 0.15225334957369063 0.23325213154689403 0.17950669914738124 0.15377588306942752 0.15225334957369063 0.2079780755176614
8 0.045249 -10 0.052167562209817935 0.08122489436068653 0.06333142052271898 0.05289790808075539 0.052167562209817935 0.06729615525066514
8 0.032 -10 0.01470047776552738 0.024873208379272326 0.018169790518191842 0.014965086365306872 0.01470047776552738 0.02025725836089673
8 0.022624 -10 0.003937116377222994 0.00685058249636801 0.0049017098896426275 0.004051292752162461 0.003937116377222994 0.005263924596347143
8 0.016 -10 0.0010733921122854022 0.0018387206883448937 0.0013546208457041774 0.0010991535229802518 0.0010733921122854022 0.0013063182006513344
8 0.011312 -10 0.00027444653054301715 0.0004896126104887426 0.000351840452156148 0.00028377771258147975 0.00027444653054301715 0.00033317808807922284
8 0.008 -10 7.271558006199876e-05 0.0001239800640057079 9.038546601706445e-05 7.431532282336274e-05 7.271558006199876e-05 8.078700944888063e-05
8 0.005656 -10 1.6806903751685794e-05 3.1344875496894006e-05 2.250444412350728e-05 1.79833870143038e-05 1.6806903751685794e-05 2.0958208978352186e-05
8 0.004 -10 4.481792235011703e-06 8.78879457285795e-06 6.014565179385707e-06 4.723809015702336e-06 4.481792235011703e-06 5.696357930699875e-06
8 0.002828 -10 1.1385270654934871e-06 2.4159544329771797e-06 1.7339767207465809e-06 1.2478256637808618e-06 1.1385270654934871e-06 1.622401068328219e-06
8 0.002 -10 2.932868164018458e-07 7.021286384660189e-07 4.4872882909482413e-07 3.1586990126478795e-07 2.932868164018458e-07 4.871494020434659e-07
