5 0.362 -10 1.0 1.0 1.0 1.0 1.0 0.0
5 0.256 -10 1.0 1.0 1.0 1.0 1.0 0.0
5 0.181 -10 0.9914712153518124 0.9914712153518124 0.9914712153518124 0.9914712153518124 0.9914712153518124 0.0
5 0.128 -10 0.8201058201058201 0.8201058201058201 0.8201058201058201 0.8201058201058201 0.8201058201058201 0.0
5 0.090496 -10 0.657243816254417 0.657243816254417 0.657243816254417 0.657243816254417 0.657243816254417 0.0
5 0.064 -10 0.3621495327102804 0.3621495327102804 0.3621495327102804 0.3621495327102804 0.3621495327102804 0.0
5 0.045249 -10 0.18500099462900338 0.18500099462900338 0.18500099462900338 0.18500099462900338 0.18500099462900338 0.0
5 0.032 -10 0.09865280577065874 0.09865280577065874 0.09865280577065874 0.09865280577065874 0.09865280577065874 0.0
5 0.022624 -10 0.049594709897610924 0.049594709897610924 0.049594709897610924 0.049594709897610924 0.049594709897610924 0.0
5 0.016 -10 0.024829795754905886 0.024829795754905886 0.024829795754905886 0.024829795754905886 0.024829795754905886 0.0
5 0.011312 -10 0.010792619241035164 0.010792619241035164 0.010792619241035164 0.010792619241035164 0.010792619241035164 0.0
5 0.008 -10 0.0049972864197398185 0.0049972864197398185 0.0049972864197398185 0.0049972864197398185 0.0049972864197398185 0.0
5 0.005656 -10 0.0024934312831787226 0.0024934312831787226 0.0024934312831787226 0.0024934312831787226 0.0024934312831787226 0.0
5 0.004 -10 0.001156131162458805 0.001156131162458805 0.001156131162458805 0.001156131162458805 0.001156131162458805 0.0
5 0.002828 -10 0.0005524975926890605 0.0005524975926890605 0.0005524975926890605 0.0005524975926890605 0.0005524975926890605 0.0
5 0.002 -10 0.00028633300740860145 0.00028633300740860145 0.00028633300740860145 0.00028633300740860145 0.00028633300740860145 0.0
