7 0.362 -10 1.0 1.0 1.0 1.0 1.0 0.0
7 0.256 -10 1.0 1.0 1.0 1.0 1.0 0.0
7 0.181 -10 0.9920634920634921 0.9920634920634921 0.9920634920634921 0.9920634920634921 0.9920634920634921 0.0
7 0.128 -10 0.9157509157509157 0.9157509157509157 0.9157509157509157 0.9157509157509157 0.9157509157509157 0.0
7 0.090496 -10 0.6887052341597796 0.6887052341597796 0.6887052341597796 0.6887052341597796 0.6887052341597796 0.0
7 0.064 -10 0.43308791684711995 0.43308791684711995 0.43308791684711995 0.43308791684711995 0.43308791684711995 0.0
7 0.045249 -10 0.19956096587507482 0.19956096587507482 0.19956096587507482 0.19956096587507482 0.19956096587507482 0.0
7 0.032 -10 0.08855827134254339 0.08855827134254339 0.08855827134254339 0.08855827134254339 0.08855827134254339 0.0
7 0.022624 -10 0.032713949227950796 0.032713949227950796 0.032713949227950796 0.032713949227950796 0.032713949227950796 0.0
7 0.016 -10 0.011460923979691243 0.011460923979691243 0.011460923979691243 0.011460923979691243 0.011460923979691243 0.0
7 0.011312 -10 0.0037712225549278566 0.0037712225549278566 0.0037712225549278566 0.0037712225549278566 0.0037712225549278566 0.0
7 0.008 -10 0.0012978989611616715 0.0012978989611616715 0.0012978989611616715 0.0012978989611616715 0.0012978989611616715 0.0
7 0.005656 -10 0.00040351998553784374 0.00040351998553784374 0.00040351998553784374 0.00040351998553784374 0.00040351998553784374 0.0
7 0.004 -10 0.00013831337079504876 0.00013831337079504876 0.00013831337079504876 0.00013831337079504876 0.00013831337079504876 0.0
7 0.002828 -10 4.2632860513593806e-05 4.2632860513593806e-05 4.2632860513593806e-05 4.2632860513593806e-05 4.2632860513593806e-05 0.0
7 0.002 -10 1.5245169461339987e-05 1.5245169461339987e-05 1.5245169461339987e-05 1.5245169461339987e-05 1.5245169461339987e-05 0.0
