10 0.362 -10 1.0 1.0 1.0 1.0 1.0 0.0
10 0.256 -10 1.0 1.0 1.0 1.0 1.0 0.0
10 0.181 -10 0.999000999000999 0.999000999000999 0.999000999000999 0.999000999000999 0.999000999000999 0.0
10 0.128 -10 0.9285051067780873 0.9285051067780873 0.9285051067780873 0.9285051067780873 0.9285051067780873 0.0
10 0.090496 -10 0.6273525721455459 0.6273525721455459 0.6273525721455459 0.6273525721455459 0.6273525721455459 0.0
10 0.064 -10 0.24777006937561943 0.24777006937561943 0.24777006937561943 0.24777006937561943 0.24777006937561943 0.0
10 0.045249 -10 0.0722334585379948 0.0722334585379948 0.0722334585379948 0.0722334585379948 0.0722334585379948 0.0
10 0.032 -10 0.01609243494633173 0.01609243494633173 0.01609243494633173 0.01609243494633173 0.01609243494633173 0.0
10 0.022624 -10 0.0029070358989863165 0.0029070358989863165 0.0029070358989863165 0.0029070358989863165 0.0029070358989863165 0.0
10 0.016 -10 0.0005123630645664563 0.0005123630645664563 0.0005123630645664563 0.0005123630645664563 0.0005123630645664563 0.0
10 0.011312 -10 8.14502709443263e-05 8.14502709443263e-05 8.14502709443263e-05 8.14502709443263e-05 8.14502709443263e-05 0.0
10 0.008 -10 1.4819963599501806e-05 1.4819963599501806e-05 1.4819963599501806e-05 1.4819963599501806e-05 1.4819963599501806e-05 0.0
10 0.005656 -10 2.566282351171227e-06 2.566282351171227e-06 2.566282351171227e-06 2.566282351171227e-06 2.566282351171227e-06 0.0
10 0.004 -10 5.271523955851525e-07 5.271523955851525e-07 5.271523955851525e-07 5.271523955851525e-07 5.271523955851525e-07 0.0
10 0.002828 -10 1.0555791226437566e-07 1.0555791226437566e-07 1.0555791226437566e-07 1.0555791226437566e-07 1.0555791226437566e-07 0.0
10 0.002 -10 2.2478588789522047e-08 2.2478588789522047e-08 2.2478588789522047e-08 2.2478588789522047e-08 2.2478588789522047e-08 0.0
