8 0.362 -10 1.0 1.0 1.0 1.0 1.0 0.0
8 0.256 -10 1.0 1.0 1.0 1.0 1.0 0.0
8 0.181 -10 0.9960159362549801 0.9960159362549801 0.9960159362549801 0.9960159362549801 0.9960159362549801 0.0
8 0.128 -10 0.8748906386701663 0.8748906386701663 0.8748906386701663 0.8748906386701663 0.8748906386701663 0.0
8 0.090496 -10 0.5543237250554324 0.5543237250554324 0.5543237250554324 0.5543237250554324 0.5543237250554324 0.0
8 0.064 -10 0.26413100898045433 0.26413100898045433 0.26413100898045433 0.26413100898045433 0.26413100898045433 0.0
8 0.045249 -10 0.0957670944263551 0.0957670944263551 0.0957670944263551 0.0957670944263551 0.0957670944263551 0.0
8 0.032 -10 0.029590176061547565 0.029590176061547565 0.029590176061547565 0.029590176061547565 0.029590176061547565 0.0
8 0.022624 -10 0.008659733107025641 0.008659733107025641 0.008659733107025641 0.008659733107025641 0.008659733107025641 0.0
8 0.016 -10 0.0021847274443276827 0.0021847274443276827 0.0021847274443276827 0.0021847274443276827 0.0021847274443276827 0.0
8 0.011312 -10 0.0005602357023646989 0.0005602357023646989 0.0005602357023646989 0.0005602357023646989 0.0005602357023646989 0.0
8 0.008 -10 0.0001509094330619328 0.0001509094330619328 0.0001509094330619328 0.0001509094330619328 0.0001509094330619328 0.0
8 0.005656 -10 3.773585475258185e-05 3.773585475258185e-05 3.773585475258185e-05 3.773585475258185e-05 3.773585475258185e-05 0.0
8 0.004 -10 1.1231867161336068e-05 1.1231867161336068e-05 1.1231867161336068e-05 1.1231867161336068e-05 1.1231867161336068e-05 0.0
8 0.002828 -10 3.095846826439833e-06 3.095846826439833e-06 3.095846826439833e-06 3.095846826439833e-06 3.095846826439833e-06 0.0
8 0.002 -10 8.695633035958944e-07 8.695633035958944e-07 8.695633035958944e-07 8.695633035958944e-07 8.695633035958944e-07 0.0
