5 0.362 -10 0.9363295880149812 1.0 0.9709737827715356 0.9456928838951311 0.9363295880149812 0.9990636704119851
5 0.256 -10 0.9017132551848512 1.0 0.9377817853922452 0.9170423805229937 0.9017132551848512 1.0
5 0.181 -10 0.7547169811320755 0.9969811320754717 0.8158490566037736 0.7743396226415095 0.7547169811320755 0.9962264150943396
5 0.128 -10 0.5197505197505198 0.8352390852390852 0.5956340956340956 0.5441787941787942 0.5197505197505198 0.8253638253638254
5 0.090496 -10 0.28851702250432776 0.6428159261396422 0.36497403346797463 0.3058280438545874 0.28851702250432776 0.6393537218695903
5 0.064 -10 0.14124293785310735 0.3603107344632768 0.21878531073446328 0.15550847457627118 0.14124293785310735 0.34350282485875705
5 0.045249 -10 0.06716818914562063 0.19351155292853306 0.11499193981730252 0.07361633530360022 0.06716818914562063 0.18437667920472864
5 0.032 -10 0.029826706833298536 0.09446118054105646 0.057684851015599364 0.03370417872162734 0.029826706833298536 0.09004682792972828
5 0.022624 -10 0.011292799710904328 0.04692158279880748 0.026538079320625168 0.01469193242388653 0.011292799710904328 0.04500180684795375
5 0.016 -10 0.0047584605428451785 0.0243300087555674 0.013276104914538048 0.005800563401728273 0.0047584605428451785 0.023149910540941794
5 0.011312 -10 0.0019065667879878665 0.011347885522103782 0.006705395393353327 0.0024690039904442873 0.0019065667879878665 0.011050461103177674
5 0.008 -10 0.0009027372799803564 0.005390244298762708 0.003269714428088851 0.001345078547170731 0.0009027372799803564 0.005101368369168994
5 0.005656 -10 0.00031021247382970017 0.0025580120591997078 0.0015482704568840337 0.0004758659348547601 0.00031021247382970017 0.0024450947187256967
5 0.004 -10 0.00020517134371842284 0.0011196200226714335 0.0007642632553511251 0.0003132966418580317 0.00020517134371842284 0.0010547858780564118
5 0.002828 -10 0.00010311400160280405 0.0005912556851904784 0.0003418229153132954 0.00011414719977430408 0.00010311400160280405 0.000534130528302525
5 0.002 -10 4.1402117486457575e-05 0.0002509796362029058 0.00016167526878461684 5.825277930344581e-05 4.1402117486457575e-05 0.00022079749255527826
