10 0.362 -10 1.0 1.0 1.0 1.0 1.0 0.0
10 0.256 -10 1.0 1.0 1.0 1.0 1.0 0.0
10 0.181 -10 1.0 1.0 1.0 1.0 1.0 0.0
10 0.128 -10 0.9049773755656109 0.9049773755656109 0.9049773755656109 0.9049773755656109 0.9049773755656109 0.0
10 0.090496 -10 0.564652738565782 0.564652738565782 0.564652738565782 0.564652738565782 0.564652738565782 0.0
10 0.064 -10 0.21199915200339198 0.21199915200339198 0.21199915200339198 0.21199915200339198 0.21199915200339198 0.0
10 0.045249 -10 0.06421782686873877 0.06421782686873877 0.06421782686873877 0.06421782686873877 0.06421782686873877 0.0
10 0.032 -10 0.01736744299136838 0.01736744299136838 0.01736744299136838 0.01736744299136838 0.01736744299136838 0.0
10 0.022624 -10 0.005514168656362523 0.005514168656362523 0.005514168656362523 0.005514168656362523 0.005514168656362523 0.0
10 0.016 -10 0.0013871299310735138 0.0013871299310735138 0.0013871299310735138 0.0013871299310735138 0.0013871299310735138 0.0
10 0.011312 -10 0.0004307268472474616 0.0004307268472474616 0.0004307268472474616 0.0004307268472474616 0.0004307268472474616 0.0
10 0.008 -10 0.00016960303223085145 0.00016960303223085145 0.00016960303223085145 0.00016960303223085145 0.00016960303223085145 0.0
10 0.005656 -10 7.242486336868463e-05 7.242486336868463e-05 7.242486336868463e-05 7.242486336868463e-05 7.242486336868463e-05 0.0
10 0.004 -10 1.8147620146500657e-05 1.8147620146500657e-05 1.8147620146500657e-05 1.8147620146500657e-05 1.8147620146500657e-05 0.0
10 0.002828 -10 9.806563283719085e-06 9.806563283719085e-06 9.806563283719085e-06 9.806563283719085e-06 9.806563283719085e-06 0.0
10 0.002 -10 1.3337072568346886e-06 1.3337072568346886e-06 1.3337072568346886e-06 1.3337072568346886e-06 1.3337072568346886e-06 0.0
