6 0.362 -10 1.0 1.0 1.0 1.0 1.0 0.0
6 0.256 -10 1.0 1.0 1.0 1.0 1.0 0.0
6 0.181 -10 0.9775171065493646 0.9775171065493646 0.9775171065493646 0.9775171065493646 0.9775171065493646 0.0
6 0.128 -10 0.7535795026375283 0.7535795026375283 0.7535795026375283 0.7535795026375283 0.7535795026375283 0.0
6 0.090496 -10 0.4982561036372696 0.4982561036372696 0.4982561036372696 0.4982561036372696 0.4982561036372696 0.0
6 0.064 -10 0.25627883136852897 0.25627883136852897 0.25627883136852897 0.25627883136852897 0.25627883136852897 0.0
6 0.045249 -10 0.1290489095367144 0.1290489095367144 0.1290489095367144 0.1290489095367144 0.1290489095367144 0.0
6 0.032 -10 0.06453278265358803 0.06453278265358803 0.06453278265358803 0.06453278265358803 0.06453278265358803 0.0
6 0.022624 -10 0.029068922415046074 0.029068922415046074 0.029068922415046074 0.029068922415046074 0.029068922415046074 0.0
6 0.016 -10 0.01084104854621539 0.01084104854621539 0.01084104854621539 0.01084104854621539 0.01084104854621539 0.0
6 0.011312 -10 0.007408944077290105 0.007408944077290105 0.007408944077290105 0.007408944077290105 0.007408944077290105 0.0
6 0.008 -10 0.002007870853746687 0.002007870853746687 0.002007870853746687 0.002007870853746687 0.002007870853746687 0.0
6 0.005656 -10 0.0013010177862141554 0.0013010177862141554 0.0013010177862141554 0.0013010177862141554 0.0013010177862141554 0.0
6 0.004 -10 0.000601502312174888 0.000601502312174888 0.000601502312174888 0.000601502312174888 0.000601502312174888 0.0
6 0.002828 -10 0.0001673771828076853 0.0001673771828076853 0.0001673771828076853 0.0001673771828076853 0.0001673771828076853 0.0
6 0.002 -10 0.00013768202941108438 0.00013768202941108438 0.00013768202941108438 0.00013768202941108438 0.00013768202941108438 0.0
