7 0.362 -10 1.0 1.0 1.0 1.0 1.0 0.0
7 0.256 -10 1.0 1.0 1.0 1.0 1.0 0.0
7 0.181 -10 0.9970089730807578 0.9970089730807578 0.9970089730807578 0.9970089730807578 0.9970089730807578 0.0
7 0.128 -10 0.9285051067780873 0.9285051067780873 0.9285051067780873 0.9285051067780873 0.9285051067780873 0.0
7 0.090496 -10 0.7072135785007072 0.7072135785007072 0.7072135785007072 0.7072135785007072 0.7072135785007072 0.0
7 0.064 -10 0.4192872117400419 0.4192872117400419 0.4192872117400419 0.4192872117400419 0.4192872117400419 0.0
7 0.045249 -10 0.20040080160320642 0.20040080160320642 0.20040080160320642 0.20040080160320642 0.20040080160320642 0.0
7 0.032 -10 0.0819000819000819 0.0819000819000819 0.0819000819000819 0.0819000819000819 0.0819000819000819 0.0
7 0.022624 -10 0.03189996172004594 0.03189996172004594 0.03189996172004594 0.03189996172004594 0.03189996172004594 0.0
7 0.016 -10 0.010987924271225923 0.010987924271225923 0.010987924271225923 0.010987924271225923 0.010987924271225923 0.0
7 0.011312 -10 0.0037563482285061754 0.0037563482285061754 0.0037563482285061754 0.0037563482285061754 0.0037563482285061754 0.0
7 0.008 -10 0.0011501219704349646 0.0011501219704349646 0.0011501219704349646 0.0011501219704349646 0.0011501219704349646 0.0
7 0.005656 -10 0.0004037947010828966 0.0004037947010828966 0.0004037947010828966 0.0004037947010828966 0.0004037947010828966 0.0
7 0.004 -10 0.0001330393164439921 0.0001330393164439921 0.0001330393164439921 0.0001330393164439921 0.0001330393164439921 0.0
7 0.002828 -10 4.325607884164373e-05 4.325607884164373e-05 4.325607884164373e-05 4.325607884164373e-05 4.325607884164373e-05 0.0
7 0.002 -10 1.5138047335402421e-05 1.5138047335402421e-05 1.5138047335402421e-05 1.5138047335402421e-05 1.5138047335402421e-05 0.0
