7 0.362 -10 0.9871668311944719 1.0 0.9970384995064165 0.9871668311944719 0.9871668311944719 1.0
7 0.256 -10 0.9794319294809011 1.0 0.9960822722820764 0.9882468168462292 0.9794319294809011 1.0
7 0.181 -10 0.8826125330979699 0.9964695498676082 0.9338040600176523 0.8967343336275375 0.8826125330979699 0.9964695498676082
7 0.128 -10 0.6544502617801047 0.9142670157068062 0.7657068062827225 0.6845549738219895 0.6544502617801047 0.9096858638743456
7 0.090496 -10 0.35880875493362036 0.6537495514890563 0.49910297811266596 0.3961248654467169 0.35880875493362036 0.6451381413706494
7 0.064 -10 0.1605394124257505 0.35976882324610693 0.26954567346283514 0.18991812489966287 0.1605394124257505 0.3533472467490769
7 0.045249 -10 0.05951672419950006 0.16474229258421616 0.12242590167837163 0.07963337697893108 0.05951672419950006 0.16063563861445065
7 0.032 -10 0.02260193472561251 0.06904891058674623 0.052187867281439294 0.032456378265979566 0.02260193472561251 0.06703733839616671
7 0.022624 -10 0.007022521225570405 0.024234720749443467 0.018139172325648354 0.010948110590664261 0.007022521225570405 0.023497356020758572
7 0.016 -10 0.0022335537850919217 0.008650553809661014 0.006812339044530362 0.003808209203581727 0.0022335537850919217 0.008409330000871086
7 0.011312 -10 0.0006947860475845068 0.002740236171673295 0.0021239609474658374 0.0012353295926052531 0.0006947860475845068 0.0026547774878204005
7 0.008 -10 0.0002279784760961148 0.0009110019904800748 0.0007475414231191605 0.0004431901575308472 0.0002279784760961148 0.0008831886163963488
7 0.005656 -10 7.749052813901924e-05 0.00030941967885910387 0.00025633866708387566 0.0001557559615594287 7.749052813901924e-05 0.0003001208154824215
7 0.004 -10 2.398919085442805e-05 9.336593080543396e-05 7.866055681166958e-05 4.984953859550149e-05 2.398919085442805e-05 8.940771431445334e-05
7 0.002828 -10 8.047398339288984e-06 3.2076929780405895e-05 2.718411159011819e-05 1.702829488593549e-05 8.047398339288984e-06 3.067668246936961e-05
7 0.002 -10 2.4962653704929296e-06 1.068044969232332e-05 8.98400812421282e-06 5.52744474894863e-06 2.4962653704929296e-06 1.0280537791132107e-05
