10 0.362 -10 1.0 1.0 1.0 1.0 1.0 0.0
10 0.256 -10 1.0 1.0 1.0 1.0 1.0 0.0
10 0.181 -10 1.0 1.0 1.0 1.0 1.0 0.0
10 0.128 -10 0.9578544061302682 0.9578544061302682 0.9578544061302682 0.9578544061302682 0.9578544061302682 0.0
10 0.090496 -10 0.687757909215956 0.687757909215956 0.687757909215956 0.687757909215956 0.687757909215956 0.0
10 0.064 -10 0.35727045373347627 0.35727045373347627 0.35727045373347627 0.35727045373347627 0.35727045373347627 0.0
10 0.045249 -10 0.13178703215603585 0.13178703215603585 0.13178703215603585 0.13178703215603585 0.13178703215603585 0.0
10 0.032 -10 0.03469210754553339 0.03469210754553339 0.03469210754553339 0.03469210754553339 0.03469210754553339 0.0
10 0.022624 -10 0.008983111749910169 0.008983111749910169 0.008983111749910169 0.008983111749910169 0.008983111749910169 0.0
10 0.016 -10 0.0018331099994317358 0.0018331099994317358 0.0018331099994317358 0.0018331099994317358 0.0018331099994317358 0.0
10 0.011312 -10 0.0003436116748251532 0.0003436116748251532 0.0003436116748251532 0.0003436116748251532 0.0003436116748251532 0.0
10 0.008 -10 6.931502751182757e-05 6.931502751182757e-05 6.931502751182757e-05 6.931502751182757e-05 6.931502751182757e-05 0.0
10 0.005656 -10 1.3360691040593147e-05 1.3360691040593147e-05 1.3360691040593147e-05 1.3360691040593147e-05 1.3360691040593147e-05 0.0
10 0.004 -10 3.1144722661913036e-06 3.1144722661913036e-06 3.1144722661913036e-06 3.1144722661913036e-06 3.1144722661913036e-06 0.0
10 0.002828 -10 6.402357817313115e-07 6.402357817313115e-07 6.402357817313115e-07 6.402357817313115e-07 6.402357817313115e-07 0.0
10 0.002 -10 1.3697374894540143e-07 1.3697374894540143e-07 1.3697374894540143e-07 1.3697374894540143e-07 1.3697374894540143e-07 0.0
