6 0.362 -10 1.0 1.0 1.0 1.0 1.0 0.0
6 0.256 -10 0.998003992015968 0.998003992015968 0.998003992015968 0.998003992015968 0.998003992015968 0.0
6 0.181 -10 0.966183574879227 0.966183574879227 0.966183574879227 0.966183574879227 0.966183574879227 0.0
6 0.128 -10 0.7905138339920948 0.7905138339920948 0.7905138339920948 0.7905138339920948 0.7905138339920948 0.0
6 0.090496 -10 0.509683995922528 0.509683995922528 0.509683995922528 0.509683995922528 0.509683995922528 0.0
6 0.064 -10 0.27427317608337903 0.27427317608337903 0.27427317608337903 0.27427317608337903 0.27427317608337903 0.0
6 0.045249 -10 0.13333333333333333 0.13333333333333333 0.13333333333333333 0.13333333333333333 0.13333333333333333 0.0
6 0.032 -10 0.056747247758483714 0.056747247758483714 0.056747247758483714 0.056747247758483714 0.056747247758483714 0.0
6 0.022624 -10 0.023296990028888267 0.023296990028888267 0.023296990028888267 0.023296990028888267 0.023296990028888267 0.0
6 0.016 -10 0.00973652951142095 0.00973652951142095 0.00973652951142095 0.00973652951142095 0.00973652951142095 0.0
6 0.011312 -10 0.0035616340777148555 0.0035616340777148555 0.0035616340777148555 0.0035616340777148555 0.0035616340777148555 0.0
6 0.008 -10 0.0013512071008635565 0.0013512071008635565 0.0013512071008635565 0.0013512071008635565 0.0013512071008635565 0.0
6 0.005656 -10 0.0005256053922908406 0.0005256053922908406 0.0005256053922908406 0.0005256053922908406 0.0005256053922908406 0.0
6 0.004 -10 0.000195210967420656 0.000195210967420656 0.000195210967420656 0.000195210967420656 0.000195210967420656 0.0
6 0.002828 -10 7.687778408090188e-05 7.687778408090188e-05 7.687778408090188e-05 7.687778408090188e-05 7.687778408090188e-05 0.0
6 0.002 -10 3.144378015615736e-05 3.144378015615736e-05 3.144378015615736e-05 3.144378015615736e-05 3.144378015615736e-05 0.0
