10 0.362 -10 1.0 1.0 1.0 1.0 1.0 0.0
10 0.256 -10 1.0 1.0 1.0 1.0 1.0 0.0
10 0.181 -10 1.0 1.0 1.0 1.0 1.0 0.0
10 0.128 -10 0.9615384615384616 0.9615384615384616 0.9615384615384616 0.9615384615384616 0.9615384615384616 0.0
10 0.090496 -10 0.6983240223463687 0.6983240223463687 0.6983240223463687 0.6983240223463687 0.6983240223463687 0.0
10 0.064 -10 0.35778175313059035 0.35778175313059035 0.35778175313059035 0.35778175313059035 0.35778175313059035 0.0
10 0.045249 -10 0.1232741617357002 0.1232741617357002 0.1232741617357002 0.1232741617357002 0.1232741617357002 0.0
10 0.032 -10 0.03314990386527879 0.03314990386527879 0.03314990386527879 0.03314990386527879 0.03314990386527879 0.0
10 0.022624 -10 0.0076208475906690346 0.0076208475906690346 0.0076208475906690346 0.0076208475906690346 0.0076208475906690346 0.0
10 0.016 -10 0.001538220156221639 0.001538220156221639 0.001538220156221639 0.001538220156221639 0.001538220156221639 0.0
10 0.011312 -10 0.0003155199200346315 0.0003155199200346315 0.0003155199200346315 0.0003155199200346315 0.0003155199200346315 0.0
10 0.008 -10 5.684452731871243e-05 5.684452731871243e-05 5.684452731871243e-05 5.684452731871243e-05 5.684452731871243e-05 0.0
10 0.005656 -10 1.2428273018634381e-05 1.2428273018634381e-05 1.2428273018634381e-05 1.2428273018634381e-05 1.2428273018634381e-05 0.0
10 0.004 -10 2.576758624619834e-06 2.576758624619834e-06 2.576758624619834e-06 2.576758624619834e-06 2.576758624619834e-06 0.0
10 0.002828 -10 5.42248244402172e-07 5.42248244402172e-07 5.42248244402172e-07 5.42248244402172e-07 5.42248244402172e-07 0.0
10 0.002 -10 1.235303185106696e-07 1.235303185106696e-07 1.235303185106696e-07 1.235303185106696e-07 1.235303185106696e-07 0.0
