7 0.362 -10 1.0 1.0 1.0 1.0 1.0 0.0
7 0.256 -10 1.0 1.0 1.0 1.0 1.0 0.0
7 0.181 -10 0.9950248756218906 0.9950248756218906 0.9950248756218906 0.9950248756218906 0.9950248756218906 0.0
7 0.128 -10 0.9057971014492754 0.9057971014492754 0.9057971014492754 0.9057971014492754 0.9057971014492754 0.0
7 0.090496 -10 0.6273525721455459 0.6273525721455459 0.6273525721455459 0.6273525721455459 0.6273525721455459 0.0
7 0.064 -10 0.36791758646063283 0.36791758646063283 0.36791758646063283 0.36791758646063283 0.36791758646063283 0.0
7 0.045249 -10 0.20807324178110695 0.20807324178110695 0.20807324178110695 0.20807324178110695 0.20807324178110695 0.0
7 0.032 -10 0.09394081728511038 0.09394081728511038 0.09394081728511038 0.09394081728511038 0.09394081728511038 0.0
7 0.022624 -10 0.04076807044722573 0.04076807044722573 0.04076807044722573 0.04076807044722573 0.04076807044722573 0.0
7 0.016 -10 0.013974092033370132 0.013974092033370132 0.013974092033370132 0.013974092033370132 0.013974092033370132 0.0
7 0.011312 -10 0.005468365505550391 0.005468365505550391 0.005468365505550391 0.005468365505550391 0.005468365505550391 0.0
7 0.008 -10 0.0019574029960010256 0.0019574029960010256 0.0019574029960010256 0.0019574029960010256 0.0019574029960010256 0.0
7 0.005656 -10 0.0012695526984977383 0.0012695526984977383 0.0012695526984977383 0.0012695526984977383 0.0012695526984977383 0.0
7 0.004 -10 0.0005338854420651543 0.0005338854420651543 0.0005338854420651543 0.0005338854420651543 0.0005338854420651543 0.0
7 0.002828 -10 9.185306485662242e-05 9.185306485662242e-05 9.185306485662242e-05 9.185306485662242e-05 9.185306485662242e-05 0.0
7 0.002 -10 3.122175406936537e-05 3.122175406936537e-05 3.122175406936537e-05 3.122175406936537e-05 3.122175406936537e-05 0.0
