10 0.362 -10 1.0 1.0 1.0 1.0 1.0 0.0
10 0.256 -10 1.0 1.0 1.0 1.0 1.0 0.0
10 0.181 -10 0.999000999000999 0.999000999000999 0.999000999000999 0.999000999000999 0.999000999000999 0.0
10 0.128 -10 0.9596928982725528 0.9596928982725528 0.9596928982725528 0.9596928982725528 0.9596928982725528 0.0
10 0.090496 -10 0.7558578987150416 0.7558578987150416 0.7558578987150416 0.7558578987150416 0.7558578987150416 0.0
10 0.064 -10 0.41118421052631576 0.41118421052631576 0.41118421052631576 0.41118421052631576 0.41118421052631576 0.0
10 0.045249 -10 0.16108247422680413 0.16108247422680413 0.16108247422680413 0.16108247422680413 0.16108247422680413 0.0
10 0.032 -10 0.049229557426278735 0.049229557426278735 0.049229557426278735 0.049229557426278735 0.049229557426278735 0.0
10 0.022624 -10 0.01262849493597353 0.01262849493597353 0.01262849493597353 0.01262849493597353 0.01262849493597353 0.0
10 0.016 -10 0.0028342662793169418 0.0028342662793169418 0.0028342662793169418 0.0028342662793169418 0.0028342662793169418 0.0
10 0.011312 -10 0.0005866035012016573 0.0005866035012016573 0.0005866035012016573 0.0005866035012016573 0.0005866035012016573 0.0
10 0.008 -10 0.00011961623761717756 0.00011961623761717756 0.00011961623761717756 0.00011961623761717756 0.00011961623761717756 0.0
10 0.005656 -10 2.9474530719048565e-05 2.9474530719048565e-05 2.9474530719048565e-05 2.9474530719048565e-05 2.9474530719048565e-05 0.0
10 0.004 -10 6.5087149512778105e-06 6.5087149512778105e-06 6.5087149512778105e-06 6.5087149512778105e-06 6.5087149512778105e-06 0.0
10 0.002828 -10 1.5222904229474625e-06 1.5222904229474625e-06 1.5222904229474625e-06 1.5222904229474625e-06 1.5222904229474625e-06 0.0
10 0.002 -10 4.1073684531082644e-07 4.1073684531082644e-07 4.1073684531082644e-07 4.1073684531082644e-07 4.1073684531082644e-07 0.0
