6 0.362 -10 0.9337068160597572 1.0 0.957983193277311 0.9365079365079365 0.9337068160597572 1.0
6 0.256 -10 0.9174311926605505 1.0 0.9394495412844037 0.9220183486238532 0.9174311926605505 1.0
6 0.181 -10 0.8058017727639001 0.9822723609991942 0.8340048348106366 0.8074133763094279 0.8058017727639001 0.9806607574536664
6 0.128 -10 0.5376344086021505 0.7516129032258064 0.5704301075268817 0.5408602150537635 0.5376344086021505 0.7279569892473118
6 0.090496 -10 0.3115264797507788 0.48940809968847354 0.33738317757009345 0.31277258566978194 0.3115264797507788 0.4601246105919003
6 0.064 -10 0.1621796951021732 0.2512163477132663 0.17823548491728836 0.16266623418747972 0.1621796951021732 0.22737593253324684
6 0.045249 -10 0.07484469725319962 0.12184716712820896 0.08158072000598758 0.07499438664770601 0.07484469725319962 0.10695307237482224
6 0.032 -10 0.02827334671605078 0.053266985213039665 0.032457802030026295 0.02832989340948288 0.02827334671605078 0.04608555514716277
6 0.022624 -10 0.012395413696932134 0.02009296560272699 0.013312674310505113 0.012407809110629067 0.012395413696932134 0.016820576386736907
6 0.016 -10 0.004501138788113392 0.008021029320418066 0.005086286830568134 0.0045236444820539595 0.004501138788113392 0.006625676296102914
6 0.011312 -10 0.0016788185146821074 0.003094062522559124 0.0019961152139570254 0.0016838549702261536 0.0016788185146821074 0.0024947243128176115
6 0.008 -10 0.0006403229276588769 0.0010911102687307262 0.0006896277930886105 0.0006422438964418536 0.0006403229276588769 0.0008292181913182456
6 0.005656 -10 0.00021120626657441177 0.00039389968716127793 0.00022979241803296 0.00021289591670700707 0.00021120626657441177 0.0003022361674679832
6 0.004 -10 7.938538564269257e-05 0.000137892414861357 8.637129957924951e-05 7.986169795654873e-05 7.938538564269257e-05 0.00010185144977957457
6 0.002828 -10 2.9669228159479814e-05 4.319839620020261e-05 3.180541258696236e-05 2.9728566615798776e-05 2.9669228159479814e-05 2.8067089838867906e-05
6 0.002 -10 1.456071374988002e-05 2.350099199230635e-05 1.5463478002372582e-05 1.456071374988002e-05 1.456071374988002e-05 1.480824588362798e-05
