7 0.362 -10 1.0 1.0 1.0 1.0 1.0 0.0
7 0.256 -10 1.0 1.0 1.0 1.0 1.0 0.0
7 0.181 -10 0.998003992015968 0.998003992015968 0.998003992015968 0.998003992015968 0.998003992015968 0.0
7 0.128 -10 0.9233610341643582 0.9233610341643582 0.9233610341643582 0.9233610341643582 0.9233610341643582 0.0
7 0.090496 -10 0.6414368184733804 0.6414368184733804 0.6414368184733804 0.6414368184733804 0.6414368184733804 0.0
7 0.064 -10 0.38080731150038083 0.38080731150038083 0.38080731150038083 0.38080731150038083 0.38080731150038083 0.0
7 0.045249 -10 0.1669170422300117 0.1669170422300117 0.1669170422300117 0.1669170422300117 0.1669170422300117 0.0
7 0.032 -10 0.07523322299127294 0.07523322299127294 0.07523322299127294 0.07523322299127294 0.07523322299127294 0.0
7 0.022624 -10 0.028378455076905614 0.028378455076905614 0.028378455076905614 0.028378455076905614 0.028378455076905614 0.0
7 0.016 -10 0.009156922175318431 0.009156922175318431 0.009156922175318431 0.009156922175318431 0.009156922175318431 0.0
7 0.011312 -10 0.003248514616691518 0.003248514616691518 0.003248514616691518 0.003248514616691518 0.003248514616691518 0.0
7 0.008 -10 0.0010427419943483383 0.0010427419943483383 0.0010427419943483383 0.0010427419943483383 0.0010427419943483383 0.0
7 0.005656 -10 0.00037347045176479727 0.00037347045176479727 0.00037347045176479727 0.00037347045176479727 0.00037347045176479727 0.0
7 0.004 -10 0.00010561974125909505 0.00010561974125909505 0.00010561974125909505 0.00010561974125909505 0.00010561974125909505 0.0
7 0.002828 -10 3.637859524199987e-05 3.637859524199987e-05 3.637859524199987e-05 3.637859524199987e-05 3.637859524199987e-05 0.0
7 0.002 -10 1.1500143326286276e-05 1.1500143326286276e-05 1.1500143326286276e-05 1.1500143326286276e-05 1.1500143326286276e-05 0.0
