10 0.362 -10 1.0 1.0 1.0 1.0 1.0 0.0
10 0.256 -10 0.9940357852882704 0.9940357852882704 0.9940357852882704 0.9940357852882704 0.9940357852882704 0.0
10 0.181 -10 0.9009009009009009 0.9009009009009009 0.9009009009009009 0.9009009009009009 0.9009009009009009 0.0
10 0.128 -10 0.6064281382656155 0.6064281382656155 0.6064281382656155 0.6064281382656155 0.6064281382656155 0.0
10 0.090496 -10 0.3158559696778269 0.3158559696778269 0.3158559696778269 0.3158559696778269 0.3158559696778269 0.0
10 0.064 -10 0.12239902080783353 0.12239902080783353 0.12239902080783353 0.12239902080783353 0.12239902080783353 0.0
10 0.045249 -10 0.04114549045424622 0.04114549045424622 0.04114549045424622 0.04114549045424622 0.04114549045424622 0.0
10 0.032 -10 0.01225370061758651 0.01225370061758651 0.01225370061758651 0.01225370061758651 0.01225370061758651 0.0
10 0.022624 -10 0.0034574201422382647 0.0034574201422382647 0.0034574201422382647 0.0034574201422382647 0.0034574201422382647 0.0
10 0.016 -10 0.0010957823337972145 0.0010957823337972145 0.0010957823337972145 0.0010957823337972145 0.0010957823337972145 0.0
10 0.011312 -10 0.0003442720024236749 0.0003442720024236749 0.0003442720024236749 0.0003442720024236749 0.0003442720024236749 0.0
10 0.008 -10 0.00010769185870009681 0.00010769185870009681 0.00010769185870009681 0.00010769185870009681 0.00010769185870009681 0.0
10 0.005656 -10 3.8973836045412155e-05 3.8973836045412155e-05 3.8973836045412155e-05 3.8973836045412155e-05 3.8973836045412155e-05 0.0
10 0.004 -10 1.4763313596800707e-05 1.4763313596800707e-05 1.4763313596800707e-05 1.4763313596800707e-05 1.4763313596800707e-05 0.0
10 0.002828 -10 4.567962474590252e-06 4.567962474590252e-06 4.567962474590252e-06 4.567962474590252e-06 4.567962474590252e-06 0.0
10 0.002 -10 1.5870864338032295e-06 1.5870864338032295e-06 1.5870864338032295e-06 1.5870864338032295e-06 1.5870864338032295e-06 0.0
