12 0.362 -10 1.0 1.0 1.0 1.0 1.0 0.0
12 0.256 -10 1.0 1.0 1.0 1.0 1.0 0.0
12 0.181 -10 0.8636748518204911 0.8636748518204911 0.8636748518204911 0.8636748518204911 0.8636748518204911 0.0
12 0.128 -10 0.6339341205717837 0.6339341205717837 0.6339341205717837 0.6339341205717837 0.6339341205717837 0.0
12 0.090496 -10 0.3897592663354987 0.3897592663354987 0.3897592663354987 0.3897592663354987 0.3897592663354987 0.0
12 0.064 -10 0.18966158423205653 0.18966158423205653 0.18966158423205653 0.18966158423205653 0.18966158423205653 0.0
12 0.045249 -10 0.08898194190002617 0.08898194190002617 0.08898194190002617 0.08898194190002617 0.08898194190002617 0.0
12 0.032 -10 0.0391960957614418 0.0391960957614418 0.0391960957614418 0.0391960957614418 0.0391960957614418 0.0
12 0.022624 -10 0.018373743560183016 0.018373743560183016 0.018373743560183016 0.018373743560183016 0.018373743560183016 0.0
12 0.016 -10 0.00900805426027978 0.00900805426027978 0.00900805426027978 0.00900805426027978 0.00900805426027978 0.0
12 0.011312 -10 0.0049605828198481675 0.0049605828198481675 0.0049605828198481675 0.0049605828198481675 0.0049605828198481675 0.0
12 0.008 -10 0.0024277679529869874 0.0024277679529869874 0.0024277679529869874 0.0024277679529869874 0.0024277679529869874 0.0
12 0.005656 -10 0.001366167792192485 0.001366167792192485 0.001366167792192485 0.001366167792192485 0.001366167792192485 0.0
12 0.004 -10 0.0007343206346258096 0.0007343206346258096 0.0007343206346258096 0.0007343206346258096 0.0007343206346258096 0.0
12 0.002828 -10 0.0003570518439277383 0.0003570518439277383 0.0003570518439277383 0.0003570518439277383 0.0003570518439277383 0.0
12 0.002 -10 0.00023578537797783061 0.00023578537797783061 0.00023578537797783061 0.00023578537797783061 0.00023578537797783061 0.0
