11 0.362 -10 1.0 1.0 1.0 1.0 1.0 0.0
11 0.256 -10 1.0 1.0 1.0 1.0 1.0 0.0
11 0.181 -10 0.9970089730807578 0.9970089730807578 0.9970089730807578 0.9970089730807578 0.9970089730807578 0.0
11 0.128 -10 0.9389671361502347 0.9389671361502347 0.9389671361502347 0.9389671361502347 0.9389671361502347 0.0
11 0.090496 -10 0.6230529595015576 0.6230529595015576 0.6230529595015576 0.6230529595015576 0.6230529595015576 0.0
11 0.064 -10 0.2985965959988056 0.2985965959988056 0.2985965959988056 0.2985965959988056 0.2985965959988056 0.0
11 0.045249 -10 0.10135819987837016 0.10135819987837016 0.10135819987837016 0.10135819987837016 0.10135819987837016 0.0
11 0.032 -10 0.032890409156689907 0.032890409156689907 0.032890409156689907 0.032890409156689907 0.032890409156689907 0.0
11 0.022624 -10 0.010930992643441951 0.010930992643441951 0.010930992643441951 0.010930992643441951 0.010930992643441951 0.0
11 0.016 -10 0.003386948731757047 0.003386948731757047 0.003386948731757047 0.003386948731757047 0.003386948731757047 0.0
11 0.011312 -10 0.0011119636165504664 0.0011119636165504664 0.0011119636165504664 0.0011119636165504664 0.0011119636165504664 0.0
11 0.008 -10 0.00034916286457404054 0.00034916286457404054 0.00034916286457404054 0.00034916286457404054 0.00034916286457404054 0.0
11 0.005656 -10 0.00012751278283769753 0.00012751278283769753 0.00012751278283769753 0.00012751278283769753 0.00012751278283769753 0.0
11 0.004 -10 3.820421689741186e-05 3.820421689741186e-05 3.820421689741186e-05 3.820421689741186e-05 3.820421689741186e-05 0.0
11 0.002828 -10 1.3442558060727106e-05 1.3442558060727106e-05 1.3442558060727106e-05 1.3442558060727106e-05 1.3442558060727106e-05 0.0
11 0.002 -10 4.86406513893774e-06 4.86406513893774e-06 4.86406513893774e-06 4.86406513893774e-06 4.86406513893774e-06 0.0
