5 0.362 -10 1.0 1.0 1.0 1.0 1.0 0.0
5 0.256 -10 0.999000999000999 0.999000999000999 0.999000999000999 0.999000999000999 0.999000999000999 0.0
5 0.181 -10 0.946969696969697 0.946969696969697 0.946969696969697 0.946969696969697 0.946969696969697 0.0
5 0.128 -10 0.835421888053467 0.835421888053467 0.835421888053467 0.835421888053467 0.835421888053467 0.0
5 0.090496 -10 0.4911591355599214 0.4911591355599214 0.4911591355599214 0.4911591355599214 0.4911591355599214 0.0
5 0.064 -10 0.2853881278538813 0.2853881278538813 0.2853881278538813 0.2853881278538813 0.2853881278538813 0.0
5 0.045249 -10 0.13442667025137786 0.13442667025137786 0.13442667025137786 0.13442667025137786 0.13442667025137786 0.0
5 0.032 -10 0.06479621590099138 0.06479621590099138 0.06479621590099138 0.06479621590099138 0.06479621590099138 0.0
5 0.022624 -10 0.027391256710857893 0.027391256710857893 0.027391256710857893 0.027391256710857893 0.027391256710857893 0.0
5 0.016 -10 0.011695496064465575 0.011695496064465575 0.011695496064465575 0.011695496064465575 0.011695496064465575 0.0
5 0.011312 -10 0.00556628611823905 0.00556628611823905 0.00556628611823905 0.00556628611823905 0.00556628611823905 0.0
5 0.008 -10 0.0023412075948774378 0.0023412075948774378 0.0023412075948774378 0.0023412075948774378 0.0023412075948774378 0.0
5 0.005656 -10 0.00111941718663595 0.00111941718663595 0.00111941718663595 0.00111941718663595 0.00111941718663595 0.0
5 0.004 -10 0.0005572477311658625 0.0005572477311658625 0.0005572477311658625 0.0005572477311658625 0.0005572477311658625 0.0
5 0.002828 -10 0.00025314949616921524 0.00025314949616921524 0.00025314949616921524 0.00025314949616921524 0.00025314949616921524 0.0
5 0.002 -10 0.00012459129383448768 0.00012459129383448768 0.00012459129383448768 0.00012459129383448768 0.00012459129383448768 0.0
