10 0.362 -10 1.0 1.0 1.0 1.0 1.0 0.0
10 0.256 -10 1.0 1.0 1.0 1.0 1.0 0.0
10 0.181 -10 0.998003992015968 0.998003992015968 0.998003992015968 0.998003992015968 0.998003992015968 0.0
10 0.128 -10 0.8764241893076249 0.8764241893076249 0.8764241893076249 0.8764241893076249 0.8764241893076249 0.0
10 0.090496 -10 0.5599104143337066 0.5599104143337066 0.5599104143337066 0.5599104143337066 0.5599104143337066 0.0
10 0.064 -10 0.2426595486532395 0.2426595486532395 0.2426595486532395 0.2426595486532395 0.2426595486532395 0.0
10 0.045249 -10 0.0854627809588924 0.0854627809588924 0.0854627809588924 0.0854627809588924 0.0854627809588924 0.0
10 0.032 -10 0.022309974789728487 0.022309974789728487 0.022309974789728487 0.022309974789728487 0.022309974789728487 0.0
10 0.022624 -10 0.004841395871257601 0.004841395871257601 0.004841395871257601 0.004841395871257601 0.004841395871257601 0.0
10 0.016 -10 0.0010257672739208928 0.0010257672739208928 0.0010257672739208928 0.0010257672739208928 0.0010257672739208928 0.0
10 0.011312 -10 0.00019691652354117346 0.00019691652354117346 0.00019691652354117346 0.00019691652354117346 0.00019691652354117346 0.0
10 0.008 -10 4.075462901264983e-05 4.075462901264983e-05 4.075462901264983e-05 4.075462901264983e-05 4.075462901264983e-05 0.0
10 0.005656 -10 8.820248694320946e-06 8.820248694320946e-06 8.820248694320946e-06 8.820248694320946e-06 8.820248694320946e-06 0.0
10 0.004 -10 1.7332446824898098e-06 1.7332446824898098e-06 1.7332446824898098e-06 1.7332446824898098e-06 1.7332446824898098e-06 0.0
10 0.002828 -10 4.256241373205251e-07 4.256241373205251e-07 4.256241373205251e-07 4.256241373205251e-07 4.256241373205251e-07 0.0
10 0.002 -10 9.846253287374001e-08 9.846253287374001e-08 9.846253287374001e-08 9.846253287374001e-08 9.846253287374001e-08 0.0
