5 0.362 -10 0.8680555555555556 0.8680555555555556 0.8680555555555556 0.8680555555555556 0.8680555555555556 0.0
5 0.256 -10 0.7183908045977011 0.7183908045977011 0.7183908045977011 0.7183908045977011 0.7183908045977011 0.0
5 0.181 -10 0.607164541590771 0.607164541590771 0.607164541590771 0.607164541590771 0.607164541590771 0.0
5 0.128 -10 0.4837929366231253 0.4837929366231253 0.4837929366231253 0.4837929366231253 0.4837929366231253 0.0
5 0.090496 -10 0.3827018752391887 0.3827018752391887 0.3827018752391887 0.3827018752391887 0.3827018752391887 0.0
5 0.064 -10 0.28851702250432776 0.28851702250432776 0.28851702250432776 0.28851702250432776 0.28851702250432776 0.0
5 0.045249 -10 0.22153300841825432 0.22153300841825432 0.22153300841825432 0.22153300841825432 0.22153300841825432 0.0
5 0.032 -10 0.21281123643328367 0.21281123643328367 0.21281123643328367 0.21281123643328367 0.21281123643328367 0.0
5 0.022624 -10 0.18604651162790697 0.18604651162790697 0.18604651162790697 0.18604651162790697 0.18604651162790697 0.0
5 0.016 -10 0.1366493577480186 0.1366493577480186 0.1366493577480186 0.1366493577480186 0.1366493577480186 0.0
5 0.011312 -10 0.10694043417816276 0.10694043417816276 0.10694043417816276 0.10694043417816276 0.10694043417816276 0.0
5 0.008 -10 0.07094211123723042 0.07094211123723042 0.07094211123723042 0.07094211123723042 0.07094211123723042 0.0
5 0.005656 -10 0.05761364291064124 0.05761364291064124 0.05761364291064124 0.05761364291064124 0.05761364291064124 0.0
5 0.004 -10 0.044222349975677706 0.044222349975677706 0.044222349975677706 0.044222349975677706 0.044222349975677706 0.0
5 0.002828 -10 0.030988534242330338 0.030988534242330338 0.030988534242330338 0.030988534242330338 0.030988534242330338 0.0
5 0.002 -10 0.02313797172539855 0.02313797172539855 0.02313797172539855 0.02313797172539855 0.02313797172539855 0.0
