6 0.362 -10 1.0 1.0 1.0 1.0 1.0 0.0
6 0.256 -10 1.0 1.0 1.0 1.0 1.0 0.0
6 0.181 -10 0.983284169124877 0.983284169124877 0.983284169124877 0.983284169124877 0.983284169124877 0.0
6 0.128 -10 0.8517887563884157 0.8517887563884157 0.8517887563884157 0.8517887563884157 0.8517887563884157 0.0
6 0.090496 -10 0.6535947712418301 0.6535947712418301 0.6535947712418301 0.6535947712418301 0.6535947712418301 0.0
6 0.064 -10 0.35790980672870437 0.35790980672870437 0.35790980672870437 0.35790980672870437 0.35790980672870437 0.0
6 0.045249 -10 0.2012477359629704 0.2012477359629704 0.2012477359629704 0.2012477359629704 0.2012477359629704 0.0
6 0.032 -10 0.10645092612305727 0.10645092612305727 0.10645092612305727 0.10645092612305727 0.10645092612305727 0.0
6 0.022624 -10 0.05107774032076821 0.05107774032076821 0.05107774032076821 0.05107774032076821 0.05107774032076821 0.0
6 0.016 -10 0.025083402312689695 0.025083402312689695 0.025083402312689695 0.025083402312689695 0.025083402312689695 0.0
6 0.011312 -10 0.011255304062039236 0.011255304062039236 0.011255304062039236 0.011255304062039236 0.011255304062039236 0.0
6 0.008 -10 0.004801390482683785 0.004801390482683785 0.004801390482683785 0.004801390482683785 0.004801390482683785 0.0
6 0.005656 -10 0.001995868552097159 0.001995868552097159 0.001995868552097159 0.001995868552097159 0.001995868552097159 0.0
6 0.004 -10 0.0009437879874664955 0.0009437879874664955 0.0009437879874664955 0.0009437879874664955 0.0009437879874664955 0.0
6 0.002828 -10 0.00038367022776583074 0.00038367022776583074 0.00038367022776583074 0.00038367022776583074 0.00038367022776583074 0.0
6 0.002 -10 0.00017434162066227153 0.00017434162066227153 0.00017434162066227153 0.00017434162066227153 0.00017434162066227153 0.0
