10 0.362 -10 0.9775171065493646 0.9775171065493646 0.9775171065493646 0.9775171065493646 0.9775171065493646 0.0
10 0.256 -10 0.9115770282588879 0.9115770282588879 0.9115770282588879 0.9115770282588879 0.9115770282588879 0.0
10 0.181 -10 0.8802816901408451 0.8802816901408451 0.8802816901408451 0.8802816901408451 0.8802816901408451 0.0
10 0.128 -10 0.7942811755361397 0.7942811755361397 0.7942811755361397 0.7942811755361397 0.7942811755361397 0.0
10 0.090496 -10 0.6435006435006435 0.6435006435006435 0.6435006435006435 0.6435006435006435 0.6435006435006435 0.0
10 0.064 -10 0.4659832246039143 0.4659832246039143 0.4659832246039143 0.4659832246039143 0.4659832246039143 0.0
10 0.045249 -10 0.35958288385472853 0.35958288385472853 0.35958288385472853 0.35958288385472853 0.35958288385472853 0.0
10 0.032 -10 0.2934272300469484 0.2934272300469484 0.2934272300469484 0.2934272300469484 0.2934272300469484 0.0
10 0.022624 -10 0.26191723415400736 0.26191723415400736 0.26191723415400736 0.26191723415400736 0.26191723415400736 0.0
10 0.016 -10 0.22119000221190002 0.22119000221190002 0.22119000221190002 0.22119000221190002 0.22119000221190002 0.0
10 0.011312 -10 0.19786307874950534 0.19786307874950534 0.19786307874950534 0.19786307874950534 0.19786307874950534 0.0
10 0.008 -10 0.15530361857431277 0.15530361857431277 0.15530361857431277 0.15530361857431277 0.15530361857431277 0.0
10 0.005656 -10 0.10149193139145438 0.10149193139145438 0.10149193139145438 0.10149193139145438 0.10149193139145438 0.0
10 0.004 -10 0.07099247479767144 0.07099247479767144 0.07099247479767144 0.07099247479767144 0.07099247479767144 0.0
10 0.002828 -10 0.05344449788894233 0.05344449788894233 0.05344449788894233 0.05344449788894233 0.05344449788894233 0.0
10 0.002 -10 0.03751782096495836 0.03751782096495836 0.03751782096495836 0.03751782096495836 0.03751782096495836 0.0
