12 0.362 -10 1.0 1.0 1.0 1.0 1.0 0.0
12 0.256 -10 1.0 1.0 1.0 1.0 1.0 0.0
12 0.181 -10 1.0 1.0 1.0 1.0 1.0 0.0
12 0.128 -10 0.998003992015968 0.998003992015968 0.998003992015968 0.998003992015968 0.998003992015968 0.0
12 0.090496 -10 0.8547008547008547 0.8547008547008547 0.8547008547008547 0.8547008547008547 0.8547008547008547 0.0
12 0.064 -10 0.5299417064122947 0.5299417064122947 0.5299417064122947 0.5299417064122947 0.5299417064122947 0.0
12 0.045249 -10 0.23529411764705882 0.23529411764705882 0.23529411764705882 0.23529411764705882 0.23529411764705882 0.0
12 0.032 -10 0.07701786814540973 0.07701786814540973 0.07701786814540973 0.07701786814540973 0.07701786814540973 0.0
12 0.022624 -10 0.024273022962279723 0.024273022962279723 0.024273022962279723 0.024273022962279723 0.024273022962279723 0.0
12 0.016 -10 0.00635598606767854 0.00635598606767854 0.00635598606767854 0.00635598606767854 0.00635598606767854 0.0
12 0.011312 -10 0.001773584236383307 0.001773584236383307 0.001773584236383307 0.001773584236383307 0.001773584236383307 0.0
12 0.008 -10 0.00044665149838178165 0.00044665149838178165 0.00044665149838178165 0.00044665149838178165 0.00044665149838178165 0.0
12 0.005656 -10 0.00012122117239299323 0.00012122117239299323 0.00012122117239299323 0.00012122117239299323 0.00012122117239299323 0.0
12 0.004 -10 3.353321251763973e-05 3.353321251763973e-05 3.353321251763973e-05 3.353321251763973e-05 3.353321251763973e-05 0.0
12 0.002828 -10 8.182648966167716e-06 8.182648966167716e-06 8.182648966167716e-06 8.182648966167716e-06 8.182648966167716e-06 0.0
12 0.002 -10 2.3342357208521863e-06 2.3342357208521863e-06 2.3342357208521863e-06 2.3342357208521863e-06 2.3342357208521863e-06 0.0
