12 0.362 -10 1.0 1.0 1.0 1.0 1.0 0.0
12 0.256 -10 1.0 1.0 1.0 1.0 1.0 0.0
12 0.181 -10 0.999000999000999 0.999000999000999 0.999000999000999 0.999000999000999 0.999000999000999 0.0
12 0.128 -10 0.916590284142988 0.916590284142988 0.916590284142988 0.916590284142988 0.916590284142988 0.0
12 0.090496 -10 0.5640157924421884 0.5640157924421884 0.5640157924421884 0.5640157924421884 0.5640157924421884 0.0
12 0.064 -10 0.2523977788995457 0.2523977788995457 0.2523977788995457 0.2523977788995457 0.2523977788995457 0.0
12 0.045249 -10 0.06314327208435941 0.06314327208435941 0.06314327208435941 0.06314327208435941 0.06314327208435941 0.0
12 0.032 -10 0.0144327218670169 0.0144327218670169 0.0144327218670169 0.0144327218670169 0.0144327218670169 0.0
12 0.022624 -10 0.0023846770193445 0.0023846770193445 0.0023846770193445 0.0023846770193445 0.0023846770193445 0.0
12 0.016 -10 0.00036031803110697625 0.00036031803110697625 0.00036031803110697625 0.00036031803110697625 0.00036031803110697625 0.0
12 0.011312 -10 5.715614349667111e-05 5.715614349667111e-05 5.715614349667111e-05 5.715614349667111e-05 5.715614349667111e-05 0.0
12 0.008 -10 8.249750504857918e-06 8.249750504857918e-06 8.249750504857918e-06 8.249750504857918e-06 8.249750504857918e-06 0.0
12 0.005656 -10 1.3794696821380988e-06 1.3794696821380988e-06 1.3794696821380988e-06 1.3794696821380988e-06 1.3794696821380988e-06 0.0
12 0.004 -10 2.5265842010133005e-07 2.5265842010133005e-07 2.5265842010133005e-07 2.5265842010133005e-07 2.5265842010133005e-07 0.0
12 0.002828 -10 4.6293835039548525e-08 4.6293835039548525e-08 4.6293835039548525e-08 4.6293835039548525e-08 4.6293835039548525e-08 0.0
12 0.002 -10 9.14395973494009e-09 9.14395973494009e-09 9.14395973494009e-09 9.14395973494009e-09 9.14395973494009e-09 0.0
