5 0.362 -10 1.0 1.0 1.0 1.0 1.0 0.0
5 0.256 -10 1.0 1.0 1.0 1.0 1.0 0.0
5 0.181 -10 0.8936550491510277 0.8936550491510277 0.8936550491510277 0.8936550491510277 0.8936550491510277 0.0
5 0.128 -10 0.6305170239596469 0.6305170239596469 0.6305170239596469 0.6305170239596469 0.6305170239596469 0.0
5 0.090496 -10 0.3604902667627974 0.3604902667627974 0.3604902667627974 0.3604902667627974 0.3604902667627974 0.0
5 0.064 -10 0.1890359168241966 0.1890359168241966 0.1890359168241966 0.1890359168241966 0.1890359168241966 0.0
5 0.045249 -10 0.08113590263691683 0.08113590263691683 0.08113590263691683 0.08113590263691683 0.08113590263691683 0.0
5 0.032 -10 0.03340348064268297 0.03340348064268297 0.03340348064268297 0.03340348064268297 0.03340348064268297 0.0
5 0.022624 -10 0.012772370807469282 0.012772370807469282 0.012772370807469282 0.012772370807469282 0.012772370807469282 0.0
5 0.016 -10 0.004691289682446601 0.004691289682446601 0.004691289682446601 0.004691289682446601 0.004691289682446601 0.0
5 0.011312 -10 0.0015817804204056002 0.0015817804204056002 0.0015817804204056002 0.0015817804204056002 0.0015817804204056002 0.0
5 0.008 -10 0.0006726745472732128 0.0006726745472732128 0.0006726745472732128 0.0006726745472732128 0.0006726745472732128 0.0
5 0.005656 -10 0.00026423416220066893 0.00026423416220066893 0.00026423416220066893 0.00026423416220066893 0.00026423416220066893 0.0
5 0.004 -10 0.00010671793680932151 0.00010671793680932151 0.00010671793680932151 0.00010671793680932151 0.00010671793680932151 0.0
5 0.002828 -10 4.293991014737922e-05 4.293991014737922e-05 4.293991014737922e-05 4.293991014737922e-05 4.293991014737922e-05 0.0
5 0.002 -10 2.092296075879879e-05 2.092296075879879e-05 2.092296075879879e-05 2.092296075879879e-05 2.092296075879879e-05 0.0
