10 0.362 -10 1.0 1.0 1.0 1.0 1.0 0.0
10 0.256 -10 1.0 1.0 1.0 1.0 1.0 0.0
10 0.181 -10 1.0 1.0 1.0 1.0 1.0 0.0
10 0.128 -10 0.9596928982725528 0.9596928982725528 0.9596928982725528 0.9596928982725528 0.9596928982725528 0.0
10 0.090496 -10 0.7501875468867217 0.7501875468867217 0.7501875468867217 0.7501875468867217 0.7501875468867217 0.0
10 0.064 -10 0.39904229848363926 0.39904229848363926 0.39904229848363926 0.39904229848363926 0.39904229848363926 0.0
10 0.045249 -10 0.1710863986313088 0.1710863986313088 0.1710863986313088 0.1710863986313088 0.1710863986313088 0.0
10 0.032 -10 0.0657418973111564 0.0657418973111564 0.0657418973111564 0.0657418973111564 0.0657418973111564 0.0
10 0.022624 -10 0.02063344681729083 0.02063344681729083 0.02063344681729083 0.02063344681729083 0.02063344681729083 0.0
10 0.016 -10 0.005486908236946645 0.005486908236946645 0.005486908236946645 0.005486908236946645 0.005486908236946645 0.0
10 0.011312 -10 0.0015538011414223186 0.0015538011414223186 0.0015538011414223186 0.0015538011414223186 0.0015538011414223186 0.0
10 0.008 -10 0.0004260856449189713 0.0004260856449189713 0.0004260856449189713 0.0004260856449189713 0.0004260856449189713 0.0
10 0.005656 -10 0.00010401986862706671 0.00010401986862706671 0.00010401986862706671 0.00010401986862706671 0.00010401986862706671 0.0
10 0.004 -10 2.887539573729858e-05 2.887539573729858e-05 2.887539573729858e-05 2.887539573729858e-05 2.887539573729858e-05 0.0
10 0.002828 -10 8.067030830723636e-06 8.067030830723636e-06 8.067030830723636e-06 8.067030830723636e-06 8.067030830723636e-06 0.0
10 0.002 -10 2.4088441812547716e-06 2.4088441812547716e-06 2.4088441812547716e-06 2.4088441812547716e-06 2.4088441812547716e-06 0.0
