6 0.362 -10 1.0 1.0 1.0 1.0 1.0 0.0
6 0.256 -10 1.0 1.0 1.0 1.0 1.0 0.0
6 0.181 -10 0.9433962264150944 0.9433962264150944 0.9433962264150944 0.9433962264150944 0.9433962264150944 0.0
6 0.128 -10 0.6993006993006993 0.6993006993006993 0.6993006993006993 0.6993006993006993 0.6993006993006993 0.0
6 0.090496 -10 0.44642857142857145 0.44642857142857145 0.44642857142857145 0.44642857142857145 0.44642857142857145 0.0
6 0.064 -10 0.2633658151171978 0.2633658151171978 0.2633658151171978 0.2633658151171978 0.2633658151171978 0.0
6 0.045249 -10 0.12960082944530846 0.12960082944530846 0.12960082944530846 0.12960082944530846 0.12960082944530846 0.0
6 0.032 -10 0.058459020226821 0.058459020226821 0.058459020226821 0.058459020226821 0.058459020226821 0.0
6 0.022624 -10 0.022338381807621856 0.022338381807621856 0.022338381807621856 0.022338381807621856 0.022338381807621856 0.0
6 0.016 -10 0.0068046652785149495 0.0068046652785149495 0.0068046652785149495 0.0068046652785149495 0.0068046652785149495 0.0
6 0.011312 -10 0.0025390248113504564 0.0025390248113504564 0.0025390248113504564 0.0025390248113504564 0.0025390248113504564 0.0
6 0.008 -10 0.001332139736129761 0.001332139736129761 0.001332139736129761 0.001332139736129761 0.001332139736129761 0.0
6 0.005656 -10 0.0004852025356684514 0.0004852025356684514 0.0004852025356684514 0.0004852025356684514 0.0004852025356684514 0.0
6 0.004 -10 0.00017913731053990193 0.00017913731053990193 0.00017913731053990193 0.00017913731053990193 0.00017913731053990193 0.0
6 0.002828 -10 0.00010478012153446296 0.00010478012153446296 0.00010478012153446296 0.00010478012153446296 0.00010478012153446296 0.0
6 0.002 -10 6.54447520638657e-05 6.54447520638657e-05 6.54447520638657e-05 6.54447520638657e-05 6.54447520638657e-05 0.0
