9 0.362 -10 1.0 1.0 1.0 1.0 1.0 0.0
9 0.256 -10 1.0 1.0 1.0 1.0 1.0 0.0
9 0.181 -10 0.999000999000999 0.999000999000999 0.999000999000999 0.999000999000999 0.999000999000999 0.0
9 0.128 -10 0.9250693802035153 0.9250693802035153 0.9250693802035153 0.9250693802035153 0.9250693802035153 0.0
9 0.090496 -10 0.6613756613756614 0.6613756613756614 0.6613756613756614 0.6613756613756614 0.6613756613756614 0.0
9 0.064 -10 0.3367003367003367 0.3367003367003367 0.3367003367003367 0.3367003367003367 0.3367003367003367 0.0
9 0.045249 -10 0.12784454103809767 0.12784454103809767 0.12784454103809767 0.12784454103809767 0.12784454103809767 0.0
9 0.032 -10 0.05116921659929387 0.05116921659929387 0.05116921659929387 0.05116921659929387 0.05116921659929387 0.0
9 0.022624 -10 0.015429717636167259 0.015429717636167259 0.015429717636167259 0.015429717636167259 0.015429717636167259 0.0
9 0.016 -10 0.005131389221003802 0.005131389221003802 0.005131389221003802 0.005131389221003802 0.005131389221003802 0.0
9 0.011312 -10 0.0018623777349017036 0.0018623777349017036 0.0018623777349017036 0.0018623777349017036 0.0018623777349017036 0.0
9 0.008 -10 0.000637977661850148 0.000637977661850148 0.000637977661850148 0.000637977661850148 0.000637977661850148 0.0
9 0.005656 -10 0.00022065079628459362 0.00022065079628459362 0.00022065079628459362 0.00022065079628459362 0.00022065079628459362 0.0
9 0.004 -10 7.253258471969094e-05 7.253258471969094e-05 7.253258471969094e-05 7.253258471969094e-05 7.253258471969094e-05 0.0
9 0.002828 -10 2.561871502468978e-05 2.561871502468978e-05 2.561871502468978e-05 2.561871502468978e-05 2.561871502468978e-05 0.0
9 0.002 -10 9.074960260749017e-06 9.074960260749017e-06 9.074960260749017e-06 9.074960260749017e-06 9.074960260749017e-06 0.0
