12 0.362 -10 0.998003992015968 0.998003992015968 0.998003992015968 0.998003992015968 0.998003992015968 0.0
12 0.256 -10 0.9765625 0.9765625 0.9765625 0.9765625 0.9765625 0.0
12 0.181 -10 0.9442870632672332 0.9442870632672332 0.9442870632672332 0.9442870632672332 0.9442870632672332 0.0
12 0.128 -10 0.8833922261484098 0.8833922261484098 0.8833922261484098 0.8833922261484098 0.8833922261484098 0.0
12 0.090496 -10 0.7017543859649122 0.7017543859649122 0.7017543859649122 0.7017543859649122 0.7017543859649122 0.0
12 0.064 -10 0.550357732526142 0.550357732526142 0.550357732526142 0.550357732526142 0.550357732526142 0.0
12 0.045249 -10 0.41237113402061853 0.41237113402061853 0.41237113402061853 0.41237113402061853 0.41237113402061853 0.0
12 0.032 -10 0.3110419906687403 0.3110419906687403 0.3110419906687403 0.3110419906687403 0.3110419906687403 0.0
12 0.022624 -10 0.28546959748786754 0.28546959748786754 0.28546959748786754 0.28546959748786754 0.28546959748786754 0.0
12 0.016 -10 0.2607561929595828 0.2607561929595828 0.2607561929595828 0.2607561929595828 0.2607561929595828 0.0
12 0.011312 -10 0.21168501270110077 0.21168501270110077 0.21168501270110077 0.21168501270110077 0.21168501270110077 0.0
12 0.008 -10 0.17473353136466888 0.17473353136466888 0.17473353136466888 0.17473353136466888 0.17473353136466888 0.0
12 0.005656 -10 0.1304291117777488 0.1304291117777488 0.1304291117777488 0.1304291117777488 0.1304291117777488 0.0
12 0.004 -10 0.10048231511254019 0.10048231511254019 0.10048231511254019 0.10048231511254019 0.10048231511254019 0.0
12 0.002828 -10 0.06832001093120176 0.06832001093120176 0.06832001093120176 0.06832001093120176 0.06832001093120176 0.0
12 0.002 -10 0.04778515792994696 0.04778515792994696 0.04778515792994696 0.04778515792994696 0.04778515792994696 0.0
