12 0.362 -10 1.0 1.0 1.0 1.0 1.0 0.0
12 0.256 -10 1.0 1.0 1.0 1.0 1.0 0.0
12 0.181 -10 0.998003992015968 0.998003992015968 0.998003992015968 0.998003992015968 0.998003992015968 0.0
12 0.128 -10 0.8375209380234506 0.8375209380234506 0.8375209380234506 0.8375209380234506 0.8375209380234506 0.0
12 0.090496 -10 0.4928536224741252 0.4928536224741252 0.4928536224741252 0.4928536224741252 0.4928536224741252 0.0
12 0.064 -10 0.1654533421575116 0.1654533421575116 0.1654533421575116 0.1654533421575116 0.1654533421575116 0.0
12 0.045249 -10 0.046537602382725245 0.046537602382725245 0.046537602382725245 0.046537602382725245 0.046537602382725245 0.0
12 0.032 -10 0.007965207971580138 0.007965207971580138 0.007965207971580138 0.007965207971580138 0.007965207971580138 0.0
12 0.022624 -10 0.0013092603988007175 0.0013092603988007175 0.0013092603988007175 0.0013092603988007175 0.0013092603988007175 0.0
12 0.016 -10 0.00021436792438471583 0.00021436792438471583 0.00021436792438471583 0.00021436792438471583 0.00021436792438471583 0.0
12 0.011312 -10 3.670946758093309e-05 3.670946758093309e-05 3.670946758093309e-05 3.670946758093309e-05 3.670946758093309e-05 0.0
12 0.008 -10 6.313351323859266e-06 6.313351323859266e-06 6.313351323859266e-06 6.313351323859266e-06 6.313351323859266e-06 0.0
12 0.005656 -10 1.2636853905397711e-06 1.2636853905397711e-06 1.2636853905397711e-06 1.2636853905397711e-06 1.2636853905397711e-06 0.0
12 0.004 -10 3.454328272824972e-07 3.454328272824972e-07 3.454328272824972e-07 3.454328272824972e-07 3.454328272824972e-07 0.0
12 0.002828 -10 9.188707016556689e-08 9.188707016556689e-08 9.188707016556689e-08 9.188707016556689e-08 9.188707016556689e-08 0.0
12 0.002 -10 3.3323203501562766e-08 3.3323203501562766e-08 3.3323203501562766e-08 3.3323203501562766e-08 3.3323203501562766e-08 0.0
