11 0.362 -10 1.0 1.0 1.0 1.0 1.0 0.0
11 0.256 -10 0.9640831758034026 0.9640831758034026 0.9640831758034026 0.9640831758034026 0.9640831758034026 0.0
11 0.181 -10 0.7301360057265569 0.7301360057265569 0.7301360057265569 0.7301360057265569 0.7301360057265569 0.0
11 0.128 -10 0.5878962536023055 0.5878962536023055 0.5878962536023055 0.5878962536023055 0.5878962536023055 0.0
11 0.090496 -10 0.38534189648658856 0.38534189648658856 0.38534189648658856 0.38534189648658856 0.38534189648658856 0.0
11 0.064 -10 0.2295229522952295 0.2295229522952295 0.2295229522952295 0.2295229522952295 0.2295229522952295 0.0
11 0.045249 -10 0.1285444234404537 0.1285444234404537 0.1285444234404537 0.1285444234404537 0.1285444234404537 0.0
11 0.032 -10 0.0736462093862816 0.0736462093862816 0.0736462093862816 0.0736462093862816 0.0736462093862816 0.0
11 0.022624 -10 0.041808419067918184 0.041808419067918184 0.041808419067918184 0.041808419067918184 0.041808419067918184 0.0
11 0.016 -10 0.023545706371191136 0.023545706371191136 0.023545706371191136 0.023545706371191136 0.023545706371191136 0.0
11 0.011312 -10 0.01928312159709619 0.01928312159709619 0.01928312159709619 0.01928312159709619 0.01928312159709619 0.0
11 0.008 -10 0.01685922546734765 0.01685922546734765 0.01685922546734765 0.01685922546734765 0.01685922546734765 0.0
11 0.005656 -10 0.023629161164778652 0.023629161164778652 0.023629161164778652 0.023629161164778652 0.023629161164778652 0.0
11 0.004 -10 0.01227023385622173 0.01227023385622173 0.01227023385622173 0.01227023385622173 0.01227023385622173 0.0
11 0.002828 -10 0.005989852485201541 0.005989852485201541 0.005989852485201541 0.005989852485201541 0.005989852485201541 0.0
11 0.002 -10 0.00587743812843931 0.00587743812843931 0.00587743812843931 0.00587743812843931 0.00587743812843931 0.0
