9 0.362 -10 1.0 1.0 1.0 1.0 1.0 0.0
9 0.256 -10 1.0 1.0 1.0 1.0 1.0 0.0
9 0.181 -10 0.999000999000999 0.999000999000999 0.999000999000999 0.999000999000999 0.999000999000999 0.0
9 0.128 -10 0.966183574879227 0.966183574879227 0.966183574879227 0.966183574879227 0.966183574879227 0.0
9 0.090496 -10 0.7651109410864575 0.7651109410864575 0.7651109410864575 0.7651109410864575 0.7651109410864575 0.0
9 0.064 -10 0.47103155911446065 0.47103155911446065 0.47103155911446065 0.47103155911446065 0.47103155911446065 0.0
9 0.045249 -10 0.2254283137962128 0.2254283137962128 0.2254283137962128 0.2254283137962128 0.2254283137962128 0.0
9 0.032 -10 0.09566631589017507 0.09566631589017507 0.09566631589017507 0.09566631589017507 0.09566631589017507 0.0
9 0.022624 -10 0.04045962129794465 0.04045962129794465 0.04045962129794465 0.04045962129794465 0.04045962129794465 0.0
9 0.016 -10 0.017190991920233798 0.017190991920233798 0.017190991920233798 0.017190991920233798 0.017190991920233798 0.0
9 0.011312 -10 0.00685091048600359 0.00685091048600359 0.00685091048600359 0.00685091048600359 0.00685091048600359 0.0
9 0.008 -10 0.0027842821702922663 0.0027842821702922663 0.0027842821702922663 0.0027842821702922663 0.0027842821702922663 0.0
9 0.005656 -10 0.0012423841849462792 0.0012423841849462792 0.0012423841849462792 0.0012423841849462792 0.0012423841849462792 0.0
9 0.004 -10 0.0005904271681518862 0.0005904271681518862 0.0005904271681518862 0.0005904271681518862 0.0005904271681518862 0.0
9 0.002828 -10 0.0002769800751613132 0.0002769800751613132 0.0002769800751613132 0.0002769800751613132 0.0002769800751613132 0.0
9 0.002 -10 0.00012990621680490205 0.00012990621680490205 0.00012990621680490205 0.00012990621680490205 0.00012990621680490205 0.0
