9 0.362 -10 0.9960159362549801 0.9960159362549801 0.9960159362549801 0.9960159362549801 0.9960159362549801 0.0
9 0.256 -10 0.9652509652509652 0.9652509652509652 0.9652509652509652 0.9652509652509652 0.9652509652509652 0.0
9 0.181 -10 0.7513148009015778 0.7513148009015778 0.7513148009015778 0.7513148009015778 0.7513148009015778 0.0
9 0.128 -10 0.46490004649000466 0.46490004649000466 0.46490004649000466 0.46490004649000466 0.46490004649000466 0.0
9 0.090496 -10 0.21949078138718173 0.21949078138718173 0.21949078138718173 0.21949078138718173 0.21949078138718173 0.0
9 0.064 -10 0.07630093087135663 0.07630093087135663 0.07630093087135663 0.07630093087135663 0.07630093087135663 0.0
9 0.045249 -10 0.023354118498797264 0.023354118498797264 0.023354118498797264 0.023354118498797264 0.023354118498797264 0.0
9 0.032 -10 0.006323750743040713 0.006323750743040713 0.006323750743040713 0.006323750743040713 0.006323750743040713 0.0
9 0.022624 -10 0.0016788692479840978 0.0016788692479840978 0.0016788692479840978 0.0016788692479840978 0.0016788692479840978 0.0
9 0.016 -10 0.0004591720301786225 0.0004591720301786225 0.0004591720301786225 0.0004591720301786225 0.0004591720301786225 0.0
9 0.011312 -10 0.0001269716636068612 0.0001269716636068612 0.0001269716636068612 0.0001269716636068612 0.0001269716636068612 0.0
9 0.008 -10 3.489614558113598e-05 3.489614558113598e-05 3.489614558113598e-05 3.489614558113598e-05 3.489614558113598e-05 0.0
9 0.005656 -10 1.0482553226264674e-05 1.0482553226264674e-05 1.0482553226264674e-05 1.0482553226264674e-05 1.0482553226264674e-05 0.0
9 0.004 -10 2.6641669392153847e-06 2.6641669392153847e-06 2.6641669392153847e-06 2.6641669392153847e-06 2.6641669392153847e-06 0.0
9 0.002828 -10 9.982754701408525e-07 9.982754701408525e-07 9.982754701408525e-07 9.982754701408525e-07 9.982754701408525e-07 0.0
9 0.002 -10 2.7498953044735255e-07 2.7498953044735255e-07 2.7498953044735255e-07 2.7498953044735255e-07 2.7498953044735255e-07 0.0
