6 0.362 -10 0.9970089730807578 0.9970089730807578 0.9970089730807578 0.9970089730807578 0.9970089730807578 0.0
6 0.256 -10 0.9823182711198428 0.9823182711198428 0.9823182711198428 0.9823182711198428 0.9823182711198428 0.0
6 0.181 -10 0.9149130832570905 0.9149130832570905 0.9149130832570905 0.9149130832570905 0.9149130832570905 0.0
6 0.128 -10 0.6662225183211192 0.6662225183211192 0.6662225183211192 0.6662225183211192 0.6662225183211192 0.0
6 0.090496 -10 0.38153376573826786 0.38153376573826786 0.38153376573826786 0.38153376573826786 0.38153376573826786 0.0
6 0.064 -10 0.19755037534571315 0.19755037534571315 0.19755037534571315 0.19755037534571315 0.19755037534571315 0.0
6 0.045249 -10 0.07869058860560277 0.07869058860560277 0.07869058860560277 0.07869058860560277 0.07869058860560277 0.0
6 0.032 -10 0.032948929159802305 0.032948929159802305 0.032948929159802305 0.032948929159802305 0.032948929159802305 0.0
6 0.022624 -10 0.012379148562161895 0.012379148562161895 0.012379148562161895 0.012379148562161895 0.012379148562161895 0.0
6 0.016 -10 0.004432781304301571 0.004432781304301571 0.004432781304301571 0.004432781304301571 0.004432781304301571 0.0
6 0.011312 -10 0.0015354143315573707 0.0015354143315573707 0.0015354143315573707 0.0015354143315573707 0.0015354143315573707 0.0
6 0.008 -10 0.0005132426878314265 0.0005132426878314265 0.0005132426878314265 0.0005132426878314265 0.0005132426878314265 0.0
6 0.005656 -10 0.00017671628624362672 0.00017671628624362672 0.00017671628624362672 0.00017671628624362672 0.00017671628624362672 0.0
6 0.004 -10 5.9396887567453336e-05 5.9396887567453336e-05 5.9396887567453336e-05 5.9396887567453336e-05 5.9396887567453336e-05 0.0
6 0.002828 -10 1.9538268512392186e-05 1.9538268512392186e-05 1.9538268512392186e-05 1.9538268512392186e-05 1.9538268512392186e-05 0.0
6 0.002 -10 6.9959504290738825e-06 6.9959504290738825e-06 6.9959504290738825e-06 6.9959504290738825e-06 6.9959504290738825e-06 0.0
