6 0.362 -10 1.0 1.0 1.0 1.0 1.0 0.0
6 0.256 -10 0.999000999000999 0.999000999000999 0.999000999000999 0.999000999000999 0.999000999000999 0.0
6 0.181 -10 0.9803921568627451 0.9803921568627451 0.9803921568627451 0.9803921568627451 0.9803921568627451 0.0
6 0.128 -10 0.8103727714748784 0.8103727714748784 0.8103727714748784 0.8103727714748784 0.8103727714748784 0.0
6 0.090496 -10 0.5136106831022085 0.5136106831022085 0.5136106831022085 0.5136106831022085 0.5136106831022085 0.0
6 0.064 -10 0.31655587211142766 0.31655587211142766 0.31655587211142766 0.31655587211142766 0.31655587211142766 0.0
6 0.045249 -10 0.1671402306535183 0.1671402306535183 0.1671402306535183 0.1671402306535183 0.1671402306535183 0.0
6 0.032 -10 0.08880994671403197 0.08880994671403197 0.08880994671403197 0.08880994671403197 0.08880994671403197 0.0
6 0.022624 -10 0.04181476061049551 0.04181476061049551 0.04181476061049551 0.04181476061049551 0.04181476061049551 0.0
6 0.016 -10 0.017023304904414144 0.017023304904414144 0.017023304904414144 0.017023304904414144 0.017023304904414144 0.0
6 0.011312 -10 0.007408011023120402 0.007408011023120402 0.007408011023120402 0.007408011023120402 0.007408011023120402 0.0
6 0.008 -10 0.0029298620327968755 0.0029298620327968755 0.0029298620327968755 0.0029298620327968755 0.0029298620327968755 0.0
6 0.005656 -10 0.0011134431559432813 0.0011134431559432813 0.0011134431559432813 0.0011134431559432813 0.0011134431559432813 0.0
6 0.004 -10 0.00044943921222294884 0.00044943921222294884 0.00044943921222294884 0.00044943921222294884 0.00044943921222294884 0.0
6 0.002828 -10 0.00016140492007389763 0.00016140492007389763 0.00016140492007389763 0.00016140492007389763 0.00016140492007389763 0.0
6 0.002 -10 7.589682918985979e-05 7.589682918985979e-05 7.589682918985979e-05 7.589682918985979e-05 7.589682918985979e-05 0.0
