11 0.362 -10 1.0 1.0 1.0 1.0 1.0 0.0
11 0.256 -10 1.0 1.0 1.0 1.0 1.0 0.0
11 0.181 -10 0.916590284142988 0.916590284142988 0.916590284142988 0.916590284142988 0.916590284142988 0.0
11 0.128 -10 0.6042296072507553 0.6042296072507553 0.6042296072507553 0.6042296072507553 0.6042296072507553 0.0
11 0.090496 -10 0.2627430373095113 0.2627430373095113 0.2627430373095113 0.2627430373095113 0.2627430373095113 0.0
11 0.064 -10 0.08644536652835408 0.08644536652835408 0.08644536652835408 0.08644536652835408 0.08644536652835408 0.0
11 0.045249 -10 0.02243208685704031 0.02243208685704031 0.02243208685704031 0.02243208685704031 0.02243208685704031 0.0
11 0.032 -10 0.0055347387880029 0.0055347387880029 0.0055347387880029 0.0055347387880029 0.0055347387880029 0.0
11 0.022624 -10 0.0012948772067944796 0.0012948772067944796 0.0012948772067944796 0.0012948772067944796 0.0012948772067944796 0.0
11 0.016 -10 0.00030371255186271463 0.00030371255186271463 0.00030371255186271463 0.00030371255186271463 0.00030371255186271463 0.0
11 0.011312 -10 7.405093727011812e-05 7.405093727011812e-05 7.405093727011812e-05 7.405093727011812e-05 7.405093727011812e-05 0.0
11 0.008 -10 1.9763754748167963e-05 1.9763754748167963e-05 1.9763754748167963e-05 1.9763754748167963e-05 1.9763754748167963e-05 0.0
11 0.005656 -10 4.881423439476534e-06 4.881423439476534e-06 4.881423439476534e-06 4.881423439476534e-06 4.881423439476534e-06 0.0
11 0.004 -10 1.453169525999802e-06 1.453169525999802e-06 1.453169525999802e-06 1.453169525999802e-06 1.453169525999802e-06 0.0
11 0.002828 -10 4.1862548648425924e-07 4.1862548648425924e-07 4.1862548648425924e-07 4.1862548648425924e-07 4.1862548648425924e-07 0.0
11 0.002 -10 1.0362339608908406e-07 1.0362339608908406e-07 1.0362339608908406e-07 1.0362339608908406e-07 1.0362339608908406e-07 0.0
