10 0.362 -10 1.0 1.0 1.0 1.0 1.0 0.0
10 0.256 -10 1.0 1.0 1.0 1.0 1.0 0.0
10 0.181 -10 0.9891196834817013 0.9891196834817013 0.9891196834817013 0.9891196834817013 0.9891196834817013 0.0
10 0.128 -10 0.8244023083264633 0.8244023083264633 0.8244023083264633 0.8244023083264633 0.8244023083264633 0.0
10 0.090496 -10 0.47619047619047616 0.47619047619047616 0.47619047619047616 0.47619047619047616 0.47619047619047616 0.0
10 0.064 -10 0.19642506383814576 0.19642506383814576 0.19642506383814576 0.19642506383814576 0.19642506383814576 0.0
10 0.045249 -10 0.05777675063554426 0.05777675063554426 0.05777675063554426 0.05777675063554426 0.05777675063554426 0.0
10 0.032 -10 0.013463299046798428 0.013463299046798428 0.013463299046798428 0.013463299046798428 0.013463299046798428 0.0
10 0.022624 -10 0.0031366546323683938 0.0031366546323683938 0.0031366546323683938 0.0031366546323683938 0.0031366546323683938 0.0
10 0.016 -10 0.0006953817611099406 0.0006953817611099406 0.0006953817611099406 0.0006953817611099406 0.0006953817611099406 0.0
10 0.011312 -10 0.00015062430006770563 0.00015062430006770563 0.00015062430006770563 0.00015062430006770563 0.00015062430006770563 0.0
10 0.008 -10 3.511905535360148e-05 3.511905535360148e-05 3.511905535360148e-05 3.511905535360148e-05 3.511905535360148e-05 0.0
10 0.005656 -10 8.171169328241224e-06 8.171169328241224e-06 8.171169328241224e-06 8.171169328241224e-06 8.171169328241224e-06 0.0
10 0.004 -10 2.4386632004320825e-06 2.4386632004320825e-06 2.4386632004320825e-06 2.4386632004320825e-06 2.4386632004320825e-06 0.0
10 0.002828 -10 6.843826193322197e-07 6.843826193322197e-07 6.843826193322197e-07 6.843826193322197e-07 6.843826193322197e-07 0.0
10 0.002 -10 2.2621457057369107e-07 2.2621457057369107e-07 2.2621457057369107e-07 2.2621457057369107e-07 2.2621457057369107e-07 0.0
