11 0.362 -10 0.9960159362549801 0.9960159362549801 0.9960159362549801 0.9960159362549801 0.9960159362549801 0.0
11 0.256 -10 0.9803921568627451 0.9803921568627451 0.9803921568627451 0.9803921568627451 0.9803921568627451 0.0
11 0.181 -10 0.7867820613690008 0.7867820613690008 0.7867820613690008 0.7867820613690008 0.7867820613690008 0.0
11 0.128 -10 0.5099439061703213 0.5099439061703213 0.5099439061703213 0.5099439061703213 0.5099439061703213 0.0
11 0.090496 -10 0.22153300841825432 0.22153300841825432 0.22153300841825432 0.22153300841825432 0.22153300841825432 0.0
11 0.064 -10 0.06806888571234089 0.06806888571234089 0.06806888571234089 0.06806888571234089 0.06806888571234089 0.0
11 0.045249 -10 0.017633574325515784 0.017633574325515784 0.017633574325515784 0.017633574325515784 0.017633574325515784 0.0
11 0.032 -10 0.004096144708600266 0.004096144708600266 0.004096144708600266 0.004096144708600266 0.004096144708600266 0.0
11 0.022624 -10 0.0008584457324945747 0.0008584457324945747 0.0008584457324945747 0.0008584457324945747 0.0008584457324945747 0.0
11 0.016 -10 0.0001912011158497121 0.0001912011158497121 0.0001912011158497121 0.0001912011158497121 0.0001912011158497121 0.0
11 0.011312 -10 4.515958154228551e-05 4.515958154228551e-05 4.515958154228551e-05 4.515958154228551e-05 4.515958154228551e-05 0.0
11 0.008 -10 9.67595750493631e-06 9.67595750493631e-06 9.67595750493631e-06 9.67595750493631e-06 9.67595750493631e-06 0.0
11 0.005656 -10 2.5877519897250926e-06 2.5877519897250926e-06 2.5877519897250926e-06 2.5877519897250926e-06 2.5877519897250926e-06 0.0
11 0.004 -10 5.969060425837307e-07 5.969060425837307e-07 5.969060425837307e-07 5.969060425837307e-07 5.969060425837307e-07 0.0
11 0.002828 -10 1.699550512380973e-07 1.699550512380973e-07 1.699550512380973e-07 1.699550512380973e-07 1.699550512380973e-07 0.0
11 0.002 -10 4.5710989932059985e-08 4.5710989932059985e-08 4.5710989932059985e-08 4.5710989932059985e-08 4.5710989932059985e-08 0.0
