5 0.362 -10 1.0 1.0 1.0 1.0 1.0 0.0
5 0.256 -10 1.0 1.0 1.0 1.0 1.0 0.0
5 0.181 -10 0.9775171065493646 0.9775171065493646 0.9775171065493646 0.9775171065493646 0.9775171065493646 0.0
5 0.128 -10 0.8635578583765112 0.8635578583765112 0.8635578583765112 0.8635578583765112 0.8635578583765112 0.0
5 0.090496 -10 0.5614823133071308 0.5614823133071308 0.5614823133071308 0.5614823133071308 0.5614823133071308 0.0
5 0.064 -10 0.2853881278538813 0.2853881278538813 0.2853881278538813 0.2853881278538813 0.2853881278538813 0.0
5 0.045249 -10 0.15424957581366652 0.15424957581366652 0.15424957581366652 0.15424957581366652 0.15424957581366652 0.0
5 0.032 -10 0.07301935012778386 0.07301935012778386 0.07301935012778386 0.07301935012778386 0.07301935012778386 0.0
5 0.022624 -10 0.038246768148091484 0.038246768148091484 0.038246768148091484 0.038246768148091484 0.038246768148091484 0.0
5 0.016 -10 0.018983977522970614 0.018983977522970614 0.018983977522970614 0.018983977522970614 0.018983977522970614 0.0
5 0.011312 -10 0.00898690607784458 0.00898690607784458 0.00898690607784458 0.00898690607784458 0.00898690607784458 0.0
5 0.008 -10 0.004346087651895763 0.004346087651895763 0.004346087651895763 0.004346087651895763 0.004346087651895763 0.0
5 0.005656 -10 0.0021553210566245947 0.0021553210566245947 0.0021553210566245947 0.0021553210566245947 0.0021553210566245947 0.0
5 0.004 -10 0.0010377717794568925 0.0010377717794568925 0.0010377717794568925 0.0010377717794568925 0.0010377717794568925 0.0
5 0.002828 -10 0.0005268062738412765 0.0005268062738412765 0.0005268062738412765 0.0005268062738412765 0.0005268062738412765 0.0
5 0.002 -10 0.00021819483052807514 0.00021819483052807514 0.00021819483052807514 0.00021819483052807514 0.00021819483052807514 0.0
