6 0.362 -10 1.0 1.0 1.0 1.0 1.0 0.0
6 0.256 -10 0.999000999000999 0.999000999000999 0.999000999000999 0.999000999000999 0.999000999000999 0.0
6 0.181 -10 0.946969696969697 0.946969696969697 0.946969696969697 0.946969696969697 0.946969696969697 0.0
6 0.128 -10 0.7674597083653109 0.7674597083653109 0.7674597083653109 0.7674597083653109 0.7674597083653109 0.0
6 0.090496 -10 0.49677098857426727 0.49677098857426727 0.49677098857426727 0.49677098857426727 0.49677098857426727 0.0
6 0.064 -10 0.2828054298642534 0.2828054298642534 0.2828054298642534 0.2828054298642534 0.2828054298642534 0.0
6 0.045249 -10 0.16189088554314393 0.16189088554314393 0.16189088554314393 0.16189088554314393 0.16189088554314393 0.0
6 0.032 -10 0.07033832735457551 0.07033832735457551 0.07033832735457551 0.07033832735457551 0.07033832735457551 0.0
6 0.022624 -10 0.03145445395067942 0.03145445395067942 0.03145445395067942 0.03145445395067942 0.03145445395067942 0.0
6 0.016 -10 0.014130281192595733 0.014130281192595733 0.014130281192595733 0.014130281192595733 0.014130281192595733 0.0
6 0.011312 -10 0.005359372739014626 0.005359372739014626 0.005359372739014626 0.005359372739014626 0.005359372739014626 0.0
6 0.008 -10 0.0016086713822187116 0.0016086713822187116 0.0016086713822187116 0.0016086713822187116 0.0016086713822187116 0.0
6 0.005656 -10 0.0005502926180996745 0.0005502926180996745 0.0005502926180996745 0.0005502926180996745 0.0005502926180996745 0.0
6 0.004 -10 0.00013913941713941604 0.00013913941713941604 0.00013913941713941604 0.00013913941713941604 0.00013913941713941604 0.0
6 0.002828 -10 5.1794095680268835e-05 5.1794095680268835e-05 5.1794095680268835e-05 5.1794095680268835e-05 5.1794095680268835e-05 0.0
6 0.002 -10 2.846231705916866e-05 2.846231705916866e-05 2.846231705916866e-05 2.846231705916866e-05 2.846231705916866e-05 0.0
