11 0.362 -10 1.0 1.0 1.0 1.0 1.0 0.0
11 0.256 -10 1.0 1.0 1.0 1.0 1.0 0.0
11 0.181 -10 1.0 1.0 1.0 1.0 1.0 0.0
11 0.128 -10 0.9569377990430622 0.9569377990430622 0.9569377990430622 0.9569377990430622 0.9569377990430622 0.0
11 0.090496 -10 0.6693440428380187 0.6693440428380187 0.6693440428380187 0.6693440428380187 0.6693440428380187 0.0
11 0.064 -10 0.34458993797381116 0.34458993797381116 0.34458993797381116 0.34458993797381116 0.34458993797381116 0.0
11 0.045249 -10 0.13119916032537393 0.13119916032537393 0.13119916032537393 0.13119916032537393 0.13119916032537393 0.0
11 0.032 -10 0.04095004095004095 0.04095004095004095 0.04095004095004095 0.04095004095004095 0.04095004095004095 0.0
11 0.022624 -10 0.014850896994178448 0.014850896994178448 0.014850896994178448 0.014850896994178448 0.014850896994178448 0.0
11 0.016 -10 0.004960268251307031 0.004960268251307031 0.004960268251307031 0.004960268251307031 0.004960268251307031 0.0
11 0.011312 -10 0.0017590923083688817 0.0017590923083688817 0.0017590923083688817 0.0017590923083688817 0.0017590923083688817 0.0
11 0.008 -10 0.0006121146049932637 0.0006121146049932637 0.0006121146049932637 0.0006121146049932637 0.0006121146049932637 0.0
11 0.005656 -10 0.00019878482834433112 0.00019878482834433112 0.00019878482834433112 0.00019878482834433112 0.00019878482834433112 0.0
11 0.004 -10 7.571269304370704e-05 7.571269304370704e-05 7.571269304370704e-05 7.571269304370704e-05 7.571269304370704e-05 0.0
11 0.002828 -10 2.5992538062173112e-05 2.5992538062173112e-05 2.5992538062173112e-05 2.5992538062173112e-05 2.5992538062173112e-05 0.0
11 0.002 -10 9.600682923458257e-06 9.600682923458257e-06 9.600682923458257e-06 9.600682923458257e-06 9.600682923458257e-06 0.0
