5 0.362 -10 1.0 1.0 1.0 1.0 1.0 0.0
5 0.256 -10 1.0 1.0 1.0 1.0 1.0 0.0
5 0.181 -10 0.9718172983479106 0.9718172983479106 0.9718172983479106 0.9718172983479106 0.9718172983479106 0.0
5 0.128 -10 0.700770847932726 0.700770847932726 0.700770847932726 0.700770847932726 0.700770847932726 0.0
5 0.090496 -10 0.4317789291882556 0.4317789291882556 0.4317789291882556 0.4317789291882556 0.4317789291882556 0.0
5 0.064 -10 0.23094688221709006 0.23094688221709006 0.23094688221709006 0.23094688221709006 0.23094688221709006 0.0
5 0.045249 -10 0.1076773985140519 0.1076773985140519 0.1076773985140519 0.1076773985140519 0.1076773985140519 0.0
5 0.032 -10 0.041792042795051824 0.041792042795051824 0.041792042795051824 0.041792042795051824 0.041792042795051824 0.0
5 0.022624 -10 0.016624274766013334 0.016624274766013334 0.016624274766013334 0.016624274766013334 0.016624274766013334 0.0
5 0.016 -10 0.007047315677458456 0.007047315677458456 0.007047315677458456 0.007047315677458456 0.007047315677458456 0.0
5 0.011312 -10 0.002623040261044967 0.002623040261044967 0.002623040261044967 0.002623040261044967 0.002623040261044967 0.0
5 0.008 -10 0.000944409238966703 0.000944409238966703 0.000944409238966703 0.000944409238966703 0.000944409238966703 0.0
5 0.005656 -10 0.0004019428308672801 0.0004019428308672801 0.0004019428308672801 0.0004019428308672801 0.0004019428308672801 0.0
5 0.004 -10 0.0001254370540555932 0.0001254370540555932 0.0001254370540555932 0.0001254370540555932 0.0001254370540555932 0.0
5 0.002828 -10 4.417883344376569e-05 4.417883344376569e-05 4.417883344376569e-05 4.417883344376569e-05 4.417883344376569e-05 0.0
5 0.002 -10 1.7234478387481536e-05 1.7234478387481536e-05 1.7234478387481536e-05 1.7234478387481536e-05 1.7234478387481536e-05 0.0
