11 0.362 -10 1.0 1.0 1.0 1.0 1.0 0.0
11 0.256 -10 1.0 1.0 1.0 1.0 1.0 0.0
11 0.181 -10 1.0 1.0 1.0 1.0 1.0 0.0
11 0.128 -10 0.9861932938856016 0.9861932938856016 0.9861932938856016 0.9861932938856016 0.9861932938856016 0.0
11 0.090496 -10 0.8123476848090982 0.8123476848090982 0.8123476848090982 0.8123476848090982 0.8123476848090982 0.0
11 0.064 -10 0.5060728744939271 0.5060728744939271 0.5060728744939271 0.5060728744939271 0.5060728744939271 0.0
11 0.045249 -10 0.2284148012791229 0.2284148012791229 0.2284148012791229 0.2284148012791229 0.2284148012791229 0.0
11 0.032 -10 0.09178522257916476 0.09178522257916476 0.09178522257916476 0.09178522257916476 0.09178522257916476 0.0
11 0.022624 -10 0.03151690882158278 0.03151690882158278 0.03151690882158278 0.03151690882158278 0.03151690882158278 0.0
11 0.016 -10 0.009753338079957865 0.009753338079957865 0.009753338079957865 0.009753338079957865 0.009753338079957865 0.0
11 0.011312 -10 0.0034181606877339305 0.0034181606877339305 0.0034181606877339305 0.0034181606877339305 0.0034181606877339305 0.0
11 0.008 -10 0.0011279666933994774 0.0011279666933994774 0.0011279666933994774 0.0011279666933994774 0.0011279666933994774 0.0
11 0.005656 -10 0.00037521466969289805 0.00037521466969289805 0.00037521466969289805 0.00037521466969289805 0.00037521466969289805 0.0
11 0.004 -10 0.00013992873429562324 0.00013992873429562324 0.00013992873429562324 0.00013992873429562324 0.00013992873429562324 0.0
11 0.002828 -10 4.601094959376242e-05 4.601094959376242e-05 4.601094959376242e-05 4.601094959376242e-05 4.601094959376242e-05 0.0
11 0.002 -10 1.4293680562282519e-05 1.4293680562282519e-05 1.4293680562282519e-05 1.4293680562282519e-05 1.4293680562282519e-05 0.0
