10 0.362 -10 1.0 1.0 1.0 1.0 1.0 0.0
10 0.256 -10 1.0 1.0 1.0 1.0 1.0 0.0
10 0.181 -10 0.8422791081750619 0.8422791081750619 0.8422791081750619 0.8422791081750619 0.8422791081750619 0.0
10 0.128 -10 0.6031933767001774 0.6031933767001774 0.6031933767001774 0.6031933767001774 0.6031933767001774 0.0
10 0.090496 -10 0.35789473684210527 0.35789473684210527 0.35789473684210527 0.35789473684210527 0.35789473684210527 0.0
10 0.064 -10 0.19432272813869308 0.19432272813869308 0.19432272813869308 0.19432272813869308 0.19432272813869308 0.0
10 0.045249 -10 0.09496322502560282 0.09496322502560282 0.09496322502560282 0.09496322502560282 0.09496322502560282 0.0
10 0.032 -10 0.04764128911723494 0.04764128911723494 0.04764128911723494 0.04764128911723494 0.04764128911723494 0.0
10 0.022624 -10 0.02314709753551491 0.02314709753551491 0.02314709753551491 0.02314709753551491 0.02314709753551491 0.0
10 0.016 -10 0.013507607961543046 0.013507607961543046 0.013507607961543046 0.013507607961543046 0.013507607961543046 0.0
10 0.011312 -10 0.006393821812961906 0.006393821812961906 0.006393821812961906 0.006393821812961906 0.006393821812961906 0.0
10 0.008 -10 0.003890071165419556 0.003890071165419556 0.003890071165419556 0.003890071165419556 0.003890071165419556 0.0
10 0.005656 -10 0.0026512581779618064 0.0026512581779618064 0.0026512581779618064 0.0026512581779618064 0.0026512581779618064 0.0
10 0.004 -10 0.0011491857117909834 0.0011491857117909834 0.0011491857117909834 0.0011491857117909834 0.0011491857117909834 0.0
10 0.002828 -10 0.0007847958876695486 0.0007847958876695486 0.0007847958876695486 0.0007847958876695486 0.0007847958876695486 0.0
10 0.002 -10 0.00038768809048792067 0.00038768809048792067 0.00038768809048792067 0.00038768809048792067 0.00038768809048792067 0.0
