10 0.362 -10 1.0 1.0 1.0 1.0 1.0 0.0
10 0.256 -10 1.0 1.0 1.0 1.0 1.0 0.0
10 0.181 -10 0.999000999000999 0.999000999000999 0.999000999000999 0.999000999000999 0.999000999000999 0.0
10 0.128 -10 0.9319664492078286 0.9319664492078286 0.9319664492078286 0.9319664492078286 0.9319664492078286 0.0
10 0.090496 -10 0.6289308176100629 0.6289308176100629 0.6289308176100629 0.6289308176100629 0.6289308176100629 0.0
10 0.064 -10 0.3146633102580239 0.3146633102580239 0.3146633102580239 0.3146633102580239 0.3146633102580239 0.0
10 0.045249 -10 0.11204481792717087 0.11204481792717087 0.11204481792717087 0.11204481792717087 0.11204481792717087 0.0
10 0.032 -10 0.03334111292634948 0.03334111292634948 0.03334111292634948 0.03334111292634948 0.03334111292634948 0.0
10 0.022624 -10 0.008804289449819952 0.008804289449819952 0.008804289449819952 0.008804289449819952 0.008804289449819952 0.0
10 0.016 -10 0.001934913383602383 0.001934913383602383 0.001934913383602383 0.001934913383602383 0.001934913383602383 0.0
10 0.011312 -10 0.0004209613494337017 0.0004209613494337017 0.0004209613494337017 0.0004209613494337017 0.0004209613494337017 0.0
10 0.008 -10 8.980956868864828e-05 8.980956868864828e-05 8.980956868864828e-05 8.980956868864828e-05 8.980956868864828e-05 0.0
10 0.005656 -10 1.7406487345614248e-05 1.7406487345614248e-05 1.7406487345614248e-05 1.7406487345614248e-05 1.7406487345614248e-05 0.0
10 0.004 -10 3.7755988385759592e-06 3.7755988385759592e-06 3.7755988385759592e-06 3.7755988385759592e-06 3.7755988385759592e-06 0.0
10 0.002828 -10 9.05120295288907e-07 9.05120295288907e-07 9.05120295288907e-07 9.05120295288907e-07 9.05120295288907e-07 0.0
10 0.002 -10 2.1079081366172068e-07 2.1079081366172068e-07 2.1079081366172068e-07 2.1079081366172068e-07 2.1079081366172068e-07 0.0
