6 0.362 -10 1.0 1.0 1.0 1.0 1.0 0.0
6 0.256 -10 1.0 1.0 1.0 1.0 1.0 0.0
6 0.181 -10 0.9891196834817013 0.9891196834817013 0.9891196834817013 0.9891196834817013 0.9891196834817013 0.0
6 0.128 -10 0.8726003490401396 0.8726003490401396 0.8726003490401396 0.8726003490401396 0.8726003490401396 0.0
6 0.090496 -10 0.6422607578676943 0.6422607578676943 0.6422607578676943 0.6422607578676943 0.6422607578676943 0.0
6 0.064 -10 0.46210720887245843 0.46210720887245843 0.46210720887245843 0.46210720887245843 0.46210720887245843 0.0
6 0.045249 -10 0.21008403361344538 0.21008403361344538 0.21008403361344538 0.21008403361344538 0.21008403361344538 0.0
6 0.032 -10 0.11418131993605846 0.11418131993605846 0.11418131993605846 0.11418131993605846 0.11418131993605846 0.0
6 0.022624 -10 0.06204243702692642 0.06204243702692642 0.06204243702692642 0.06204243702692642 0.06204243702692642 0.0
6 0.016 -10 0.03166260329924327 0.03166260329924327 0.03166260329924327 0.03166260329924327 0.03166260329924327 0.0
6 0.011312 -10 0.015143713844383197 0.015143713844383197 0.015143713844383197 0.015143713844383197 0.015143713844383197 0.0
6 0.008 -10 0.006854009595613434 0.006854009595613434 0.006854009595613434 0.006854009595613434 0.006854009595613434 0.0
6 0.005656 -10 0.0030692546621978317 0.0030692546621978317 0.0030692546621978317 0.0030692546621978317 0.0030692546621978317 0.0
6 0.004 -10 0.001489043617065631 0.001489043617065631 0.001489043617065631 0.001489043617065631 0.001489043617065631 0.0
6 0.002828 -10 0.0008649942867127362 0.0008649942867127362 0.0008649942867127362 0.0008649942867127362 0.0008649942867127362 0.0
6 0.002 -10 0.00038499608651478055 0.00038499608651478055 0.00038499608651478055 0.00038499608651478055 0.00038499608651478055 0.0
