11 0.362 -10 1.0 1.0 1.0 1.0 1.0 0.0
11 0.256 -10 1.0 1.0 1.0 1.0 1.0 0.0
11 0.181 -10 0.9871668311944719 0.9871668311944719 0.9871668311944719 0.9871668311944719 0.9871668311944719 0.0
11 0.128 -10 0.8038585209003215 0.8038585209003215 0.8038585209003215 0.8038585209003215 0.8038585209003215 0.0
11 0.090496 -10 0.40816326530612246 0.40816326530612246 0.40816326530612246 0.40816326530612246 0.40816326530612246 0.0
11 0.064 -10 0.14023278642546627 0.14023278642546627 0.14023278642546627 0.14023278642546627 0.14023278642546627 0.0
11 0.045249 -10 0.032355129905846575 0.032355129905846575 0.032355129905846575 0.032355129905846575 0.032355129905846575 0.0
11 0.032 -10 0.005945161827304939 0.005945161827304939 0.005945161827304939 0.005945161827304939 0.005945161827304939 0.0
11 0.022624 -10 0.0010273596138771627 0.0010273596138771627 0.0010273596138771627 0.0010273596138771627 0.0010273596138771627 0.0
11 0.016 -10 0.00017805237410584322 0.00017805237410584322 0.00017805237410584322 0.00017805237410584322 0.00017805237410584322 0.0
11 0.011312 -10 3.078600867032519e-05 3.078600867032519e-05 3.078600867032519e-05 3.078600867032519e-05 3.078600867032519e-05 0.0
11 0.008 -10 6.610885731692932e-06 6.610885731692932e-06 6.610885731692932e-06 6.610885731692932e-06 6.610885731692932e-06 0.0
11 0.005656 -10 1.5302183019069876e-06 1.5302183019069876e-06 1.5302183019069876e-06 1.5302183019069876e-06 1.5302183019069876e-06 0.0
11 0.004 -10 4.4963630311065737e-07 4.4963630311065737e-07 4.4963630311065737e-07 4.4963630311065737e-07 4.4963630311065737e-07 0.0
11 0.002828 -10 1.400626961021835e-07 1.400626961021835e-07 1.400626961021835e-07 1.400626961021835e-07 1.400626961021835e-07 0.0
11 0.002 -10 4.058973189483576e-08 4.058973189483576e-08 4.058973189483576e-08 4.058973189483576e-08 4.058973189483576e-08 0.0
