12 0.362 -10 1.0 1.0 1.0 1.0 1.0 0.0
12 0.256 -10 1.0 1.0 1.0 1.0 1.0 0.0
12 0.181 -10 0.9891196834817013 0.9891196834817013 0.9891196834817013 0.9891196834817013 0.9891196834817013 0.0
12 0.128 -10 0.7633587786259542 0.7633587786259542 0.7633587786259542 0.7633587786259542 0.7633587786259542 0.0
12 0.090496 -10 0.3812428516965307 0.3812428516965307 0.3812428516965307 0.3812428516965307 0.3812428516965307 0.0
12 0.064 -10 0.13349352556401015 0.13349352556401015 0.13349352556401015 0.13349352556401015 0.13349352556401015 0.0
12 0.045249 -10 0.03208933671341013 0.03208933671341013 0.03208933671341013 0.03208933671341013 0.03208933671341013 0.0
12 0.032 -10 0.007715513583161663 0.007715513583161663 0.007715513583161663 0.007715513583161663 0.007715513583161663 0.0
12 0.022624 -10 0.0016086998487822141 0.0016086998487822141 0.0016086998487822141 0.0016086998487822141 0.0016086998487822141 0.0
12 0.016 -10 0.0003678983658690385 0.0003678983658690385 0.0003678983658690385 0.0003678983658690385 0.0003678983658690385 0.0
12 0.011312 -10 9.781357319829843e-05 9.781357319829843e-05 9.781357319829843e-05 9.781357319829843e-05 9.781357319829843e-05 0.0
12 0.008 -10 2.3897400811149477e-05 2.3897400811149477e-05 2.3897400811149477e-05 2.3897400811149477e-05 2.3897400811149477e-05 0.0
12 0.005656 -10 8.224392820424175e-06 8.224392820424175e-06 8.224392820424175e-06 8.224392820424175e-06 8.224392820424175e-06 0.0
12 0.004 -10 2.6671563636874564e-06 2.6671563636874564e-06 2.6671563636874564e-06 2.6671563636874564e-06 2.6671563636874564e-06 0.0
12 0.002828 -10 8.914584024386315e-07 8.914584024386315e-07 8.914584024386315e-07 8.914584024386315e-07 8.914584024386315e-07 0.0
12 0.002 -10 3.10219923118122e-07 3.10219923118122e-07 3.10219923118122e-07 3.10219923118122e-07 3.10219923118122e-07 0.0
