9 0.362 -10 0.8710801393728222 0.8710801393728222 0.8710801393728222 0.8710801393728222 0.8710801393728222 0.0
9 0.256 -10 0.847457627118644 0.847457627118644 0.847457627118644 0.847457627118644 0.847457627118644 0.0
9 0.181 -10 0.8285004142502072 0.8285004142502072 0.8285004142502072 0.8285004142502072 0.8285004142502072 0.0
9 0.128 -10 0.7751937984496124 0.7751937984496124 0.7751937984496124 0.7751937984496124 0.7751937984496124 0.0
9 0.090496 -10 0.6540222367560498 0.6540222367560498 0.6540222367560498 0.6540222367560498 0.6540222367560498 0.0
9 0.064 -10 0.5630630630630631 0.5630630630630631 0.5630630630630631 0.5630630630630631 0.5630630630630631 0.0
9 0.045249 -10 0.48123195380173245 0.48123195380173245 0.48123195380173245 0.48123195380173245 0.48123195380173245 0.0
9 0.032 -10 0.4001600640256102 0.4001600640256102 0.4001600640256102 0.4001600640256102 0.4001600640256102 0.0
9 0.022624 -10 0.3151591553734636 0.3151591553734636 0.3151591553734636 0.3151591553734636 0.3151591553734636 0.0
9 0.016 -10 0.2407318247472316 0.2407318247472316 0.2407318247472316 0.2407318247472316 0.2407318247472316 0.0
9 0.011312 -10 0.19364833462432224 0.19364833462432224 0.19364833462432224 0.19364833462432224 0.19364833462432224 0.0
9 0.008 -10 0.14249073810202337 0.14249073810202337 0.14249073810202337 0.14249073810202337 0.14249073810202337 0.0
9 0.005656 -10 0.1096371011950444 0.1096371011950444 0.1096371011950444 0.1096371011950444 0.1096371011950444 0.0
9 0.004 -10 0.07929585282689715 0.07929585282689715 0.07929585282689715 0.07929585282689715 0.07929585282689715 0.0
9 0.002828 -10 0.05820721769499418 0.05820721769499418 0.05820721769499418 0.05820721769499418 0.05820721769499418 0.0
9 0.002 -10 0.044597065513089236 0.044597065513089236 0.044597065513089236 0.044597065513089236 0.044597065513089236 0.0
