9 0.362 -10 1.0 1.0 1.0 1.0 1.0 0.0
9 0.256 -10 1.0 1.0 1.0 1.0 1.0 0.0
9 0.181 -10 0.9652509652509652 0.9652509652509652 0.9652509652509652 0.9652509652509652 0.9652509652509652 0.0
9 0.128 -10 0.7558578987150416 0.7558578987150416 0.7558578987150416 0.7558578987150416 0.7558578987150416 0.0
9 0.090496 -10 0.378931413414172 0.378931413414172 0.378931413414172 0.378931413414172 0.378931413414172 0.0
9 0.064 -10 0.14832393948383268 0.14832393948383268 0.14832393948383268 0.14832393948383268 0.14832393948383268 0.0
9 0.045249 -10 0.04540501271340356 0.04540501271340356 0.04540501271340356 0.04540501271340356 0.04540501271340356 0.0
9 0.032 -10 0.010581450716893285 0.010581450716893285 0.010581450716893285 0.010581450716893285 0.010581450716893285 0.0
9 0.022624 -10 0.002832251413293455 0.002832251413293455 0.002832251413293455 0.002832251413293455 0.002832251413293455 0.0
9 0.016 -10 0.0006770320270000372 0.0006770320270000372 0.0006770320270000372 0.0006770320270000372 0.0006770320270000372 0.0
9 0.011312 -10 0.00018862685684277876 0.00018862685684277876 0.00018862685684277876 0.00018862685684277876 0.00018862685684277876 0.0
9 0.008 -10 4.512375550938493e-05 4.512375550938493e-05 4.512375550938493e-05 4.512375550938493e-05 4.512375550938493e-05 0.0
9 0.005656 -10 1.3575142458902478e-05 1.3575142458902478e-05 1.3575142458902478e-05 1.3575142458902478e-05 1.3575142458902478e-05 0.0
9 0.004 -10 4.8419463545559666e-06 4.8419463545559666e-06 4.8419463545559666e-06 4.8419463545559666e-06 4.8419463545559666e-06 0.0
9 0.002828 -10 1.3334213729239544e-06 1.3334213729239544e-06 1.3334213729239544e-06 1.3334213729239544e-06 1.3334213729239544e-06 0.0
9 0.002 -10 4.4876675883447336e-07 4.4876675883447336e-07 4.4876675883447336e-07 4.4876675883447336e-07 4.4876675883447336e-07 0.0
