9 0.362 -10 1.0 1.0 1.0 1.0 1.0 0.0
9 0.256 -10 1.0 1.0 1.0 1.0 1.0 0.0
9 0.181 -10 0.9920634920634921 0.9920634920634921 0.9920634920634921 0.9920634920634921 0.9920634920634921 0.0
9 0.128 -10 0.8368200836820083 0.8368200836820083 0.8368200836820083 0.8368200836820083 0.8368200836820083 0.0
9 0.090496 -10 0.5089058524173028 0.5089058524173028 0.5089058524173028 0.5089058524173028 0.5089058524173028 0.0
9 0.064 -10 0.22670596236681026 0.22670596236681026 0.22670596236681026 0.22670596236681026 0.22670596236681026 0.0
9 0.045249 -10 0.09164222873900293 0.09164222873900293 0.09164222873900293 0.09164222873900293 0.09164222873900293 0.0
9 0.032 -10 0.030623181748583677 0.030623181748583677 0.030623181748583677 0.030623181748583677 0.030623181748583677 0.0
9 0.022624 -10 0.009923194474765317 0.009923194474765317 0.009923194474765317 0.009923194474765317 0.009923194474765317 0.0
9 0.016 -10 0.002930918256689821 0.002930918256689821 0.002930918256689821 0.002930918256689821 0.002930918256689821 0.0
9 0.011312 -10 0.0009768143349457282 0.0009768143349457282 0.0009768143349457282 0.0009768143349457282 0.0009768143349457282 0.0
9 0.008 -10 0.0003088809767310694 0.0003088809767310694 0.0003088809767310694 0.0003088809767310694 0.0003088809767310694 0.0
9 0.005656 -10 0.000103742338887629 0.000103742338887629 0.000103742338887629 0.000103742338887629 0.000103742338887629 0.0
9 0.004 -10 3.9656245388722215e-05 3.9656245388722215e-05 3.9656245388722215e-05 3.9656245388722215e-05 3.9656245388722215e-05 0.0
9 0.002828 -10 1.2169145722441233e-05 1.2169145722441233e-05 1.2169145722441233e-05 1.2169145722441233e-05 1.2169145722441233e-05 0.0
9 0.002 -10 4.3814562208771995e-06 4.3814562208771995e-06 4.3814562208771995e-06 4.3814562208771995e-06 4.3814562208771995e-06 0.0
