6 0.362 -10 1.0 1.0 1.0 1.0 1.0 0.0
6 0.256 -10 1.0 1.0 1.0 1.0 1.0 0.0
6 0.181 -10 0.8571428571428571 0.8571428571428571 0.8571428571428571 0.8571428571428571 0.8571428571428571 0.0
6 0.128 -10 0.5985915492957746 0.5985915492957746 0.5985915492957746 0.5985915492957746 0.5985915492957746 0.0
6 0.090496 -10 0.35148173673328736 0.35148173673328736 0.35148173673328736 0.35148173673328736 0.35148173673328736 0.0
6 0.064 -10 0.19771273502616787 0.19771273502616787 0.19771273502616787 0.19771273502616787 0.19771273502616787 0.0
6 0.045249 -10 0.10660535117056856 0.10660535117056856 0.10660535117056856 0.10660535117056856 0.10660535117056856 0.0
6 0.032 -10 0.056657223796033995 0.056657223796033995 0.056657223796033995 0.056657223796033995 0.056657223796033995 0.0
6 0.022624 -10 0.03111368697190617 0.03111368697190617 0.03111368697190617 0.03111368697190617 0.03111368697190617 0.0
6 0.016 -10 0.0190853977995659 0.0190853977995659 0.0190853977995659 0.0190853977995659 0.0190853977995659 0.0
6 0.011312 -10 0.0348920740259296 0.0348920740259296 0.0348920740259296 0.0348920740259296 0.0348920740259296 0.0
6 0.008 -10 0.024640061841723838 0.024640061841723838 0.024640061841723838 0.024640061841723838 0.024640061841723838 0.0
6 0.005656 -10 0.007631931402404806 0.007631931402404806 0.007631931402404806 0.007631931402404806 0.007631931402404806 0.0
6 0.004 -10 0.0015436466078365793 0.0015436466078365793 0.0015436466078365793 0.0015436466078365793 0.0015436466078365793 0.0
6 0.002828 -10 0.008863014293782856 0.008863014293782856 0.008863014293782856 0.008863014293782856 0.008863014293782856 0.0
6 0.002 -10 0.0003653291203483664 0.0003653291203483664 0.0003653291203483664 0.0003653291203483664 0.0003653291203483664 0.0
