12 0.362 -10 1.0 1.0 1.0 1.0 1.0 0.0
12 0.256 -10 0.9950248756218906 0.9950248756218906 0.9950248756218906 0.9950248756218906 0.9950248756218906 0.0
12 0.181 -10 0.9302325581395349 0.9302325581395349 0.9302325581395349 0.9302325581395349 0.9302325581395349 0.0
12 0.128 -10 0.6373486297004461 0.6373486297004461 0.6373486297004461 0.6373486297004461 0.6373486297004461 0.0
12 0.090496 -10 0.31746031746031744 0.31746031746031744 0.31746031746031744 0.31746031746031744 0.31746031746031744 0.0
12 0.064 -10 0.10065425264217413 0.10065425264217413 0.10065425264217413 0.10065425264217413 0.10065425264217413 0.0
12 0.045249 -10 0.02435341678437485 0.02435341678437485 0.02435341678437485 0.02435341678437485 0.02435341678437485 0.0
12 0.032 -10 0.005830189889284694 0.005830189889284694 0.005830189889284694 0.005830189889284694 0.005830189889284694 0.0
12 0.022624 -10 0.0012536638325506293 0.0012536638325506293 0.0012536638325506293 0.0012536638325506293 0.0012536638325506293 0.0
12 0.016 -10 0.00030162182052898435 0.00030162182052898435 0.00030162182052898435 0.00030162182052898435 0.00030162182052898435 0.0
12 0.011312 -10 8.078142783274011e-05 8.078142783274011e-05 8.078142783274011e-05 8.078142783274011e-05 8.078142783274011e-05 0.0
12 0.008 -10 2.162132523415787e-05 2.162132523415787e-05 2.162132523415787e-05 2.162132523415787e-05 2.162132523415787e-05 0.0
12 0.005656 -10 7.816602739362823e-06 7.816602739362823e-06 7.816602739362823e-06 7.816602739362823e-06 7.816602739362823e-06 0.0
12 0.004 -10 2.5832041266293277e-06 2.5832041266293277e-06 2.5832041266293277e-06 2.5832041266293277e-06 2.5832041266293277e-06 0.0
12 0.002828 -10 8.875619167630943e-07 8.875619167630943e-07 8.875619167630943e-07 8.875619167630943e-07 8.875619167630943e-07 0.0
12 0.002 -10 3.103814948894068e-07 3.103814948894068e-07 3.103814948894068e-07 3.103814948894068e-07 3.103814948894068e-07 0.0
