5 0.362 -10 1.0 1.0 1.0 1.0 1.0 0.0
5 0.256 -10 0.9798270893371758 0.9798270893371758 0.9798270893371758 0.9798270893371758 0.9798270893371758 0.0
5 0.181 -10 0.7456140350877193 0.7456140350877193 0.7456140350877193 0.7456140350877193 0.7456140350877193 0.0
5 0.128 -10 0.44194107452339687 0.44194107452339687 0.44194107452339687 0.44194107452339687 0.44194107452339687 0.0
5 0.090496 -10 0.23250512878960566 0.23250512878960566 0.23250512878960566 0.23250512878960566 0.23250512878960566 0.0
5 0.064 -10 0.1168117269812185 0.1168117269812185 0.1168117269812185 0.1168117269812185 0.1168117269812185 0.0
5 0.045249 -10 0.054028285396472274 0.054028285396472274 0.054028285396472274 0.054028285396472274 0.054028285396472274 0.0
5 0.032 -10 0.029086346526748033 0.029086346526748033 0.029086346526748033 0.029086346526748033 0.029086346526748033 0.0
5 0.022624 -10 0.013868871182661191 0.013868871182661191 0.013868871182661191 0.013868871182661191 0.013868871182661191 0.0
5 0.016 -10 0.007481296758104738 0.007481296758104738 0.007481296758104738 0.007481296758104738 0.007481296758104738 0.0
5 0.011312 -10 0.0035050945334406843 0.0035050945334406843 0.0035050945334406843 0.0035050945334406843 0.0035050945334406843 0.0
5 0.008 -10 0.00189106697781022 0.00189106697781022 0.00189106697781022 0.00189106697781022 0.00189106697781022 0.0
5 0.005656 -10 0.000970339628573397 0.000970339628573397 0.000970339628573397 0.000970339628573397 0.000970339628573397 0.0
5 0.004 -10 0.0005568455811518908 0.0005568455811518908 0.0005568455811518908 0.0005568455811518908 0.0005568455811518908 0.0
5 0.002828 -10 0.0003360675791573576 0.0003360675791573576 0.0003360675791573576 0.0003360675791573576 0.0003360675791573576 0.0
5 0.002 -10 0.00015331601066834129 0.00015331601066834129 0.00015331601066834129 0.00015331601066834129 0.00015331601066834129 0.0
