6 0.362 -10 1.0 1.0 1.0 1.0 1.0 0.0
6 0.256 -10 0.999000999000999 0.999000999000999 0.999000999000999 0.999000999000999 0.999000999000999 0.0
6 0.181 -10 0.9852216748768473 0.9852216748768473 0.9852216748768473 0.9852216748768473 0.9852216748768473 0.0
6 0.128 -10 0.8591065292096219 0.8591065292096219 0.8591065292096219 0.8591065292096219 0.8591065292096219 0.0
6 0.090496 -10 0.5402485143165856 0.5402485143165856 0.5402485143165856 0.5402485143165856 0.5402485143165856 0.0
6 0.064 -10 0.3343363423604146 0.3343363423604146 0.3343363423604146 0.3343363423604146 0.3343363423604146 0.0
6 0.045249 -10 0.1804077214504781 0.1804077214504781 0.1804077214504781 0.1804077214504781 0.1804077214504781 0.0
6 0.032 -10 0.09554748710108923 0.09554748710108923 0.09554748710108923 0.09554748710108923 0.09554748710108923 0.0
6 0.022624 -10 0.045128390270319056 0.045128390270319056 0.045128390270319056 0.045128390270319056 0.045128390270319056 0.0
6 0.016 -10 0.02041316240712011 0.02041316240712011 0.02041316240712011 0.02041316240712011 0.02041316240712011 0.0
6 0.011312 -10 0.0077989736550669935 0.0077989736550669935 0.0077989736550669935 0.0077989736550669935 0.0077989736550669935 0.0
6 0.008 -10 0.003375083111421619 0.003375083111421619 0.003375083111421619 0.003375083111421619 0.003375083111421619 0.0
6 0.005656 -10 0.001552597340090237 0.001552597340090237 0.001552597340090237 0.001552597340090237 0.001552597340090237 0.0
6 0.004 -10 0.000572787878892022 0.000572787878892022 0.000572787878892022 0.000572787878892022 0.000572787878892022 0.0
6 0.002828 -10 0.0002438381490148573 0.0002438381490148573 0.0002438381490148573 0.0002438381490148573 0.0002438381490148573 0.0
6 0.002 -10 0.00011153629987917272 0.00011153629987917272 0.00011153629987917272 0.00011153629987917272 0.00011153629987917272 0.0
