12 0.362 -10 1.0 1.0 1.0 1.0 1.0 0.0
12 0.256 -10 1.0 1.0 1.0 1.0 1.0 0.0
12 0.181 -10 1.0 1.0 1.0 1.0 1.0 0.0
12 0.128 -10 0.9861932938856016 0.9861932938856016 0.9861932938856016 0.9861932938856016 0.9861932938856016 0.0
12 0.090496 -10 0.8403361344537815 0.8403361344537815 0.8403361344537815 0.8403361344537815 0.8403361344537815 0.0
12 0.064 -10 0.48971596474045054 0.48971596474045054 0.48971596474045054 0.48971596474045054 0.48971596474045054 0.0
12 0.045249 -10 0.20781379883624274 0.20781379883624274 0.20781379883624274 0.20781379883624274 0.20781379883624274 0.0
12 0.032 -10 0.06513809275664409 0.06513809275664409 0.06513809275664409 0.06513809275664409 0.06513809275664409 0.0
12 0.022624 -10 0.01751037489712655 0.01751037489712655 0.01751037489712655 0.01751037489712655 0.01751037489712655 0.0
12 0.016 -10 0.004520264345058899 0.004520264345058899 0.004520264345058899 0.004520264345058899 0.004520264345058899 0.0
12 0.011312 -10 0.0010794461577653736 0.0010794461577653736 0.0010794461577653736 0.0010794461577653736 0.0010794461577653736 0.0
12 0.008 -10 0.0002566123221644531 0.0002566123221644531 0.0002566123221644531 0.0002566123221644531 0.0002566123221644531 0.0
12 0.005656 -10 5.967954115504142e-05 5.967954115504142e-05 5.967954115504142e-05 5.967954115504142e-05 5.967954115504142e-05 0.0
12 0.004 -10 1.4560135821606188e-05 1.4560135821606188e-05 1.4560135821606188e-05 1.4560135821606188e-05 1.4560135821606188e-05 0.0
12 0.002828 -10 3.587552660295324e-06 3.587552660295324e-06 3.587552660295324e-06 3.587552660295324e-06 3.587552660295324e-06 0.0
12 0.002 -10 1.0071571873062413e-06 1.0071571873062413e-06 1.0071571873062413e-06 1.0071571873062413e-06 1.0071571873062413e-06 0.0
