9 0.362 -10 1.0 1.0 1.0 1.0 1.0 0.0
9 0.256 -10 1.0 1.0 1.0 1.0 1.0 0.0
9 0.181 -10 0.999000999000999 0.999000999000999 0.999000999000999 0.999000999000999 0.999000999000999 0.0
9 0.128 -10 0.970873786407767 0.970873786407767 0.970873786407767 0.970873786407767 0.970873786407767 0.0
9 0.090496 -10 0.7668711656441718 0.7668711656441718 0.7668711656441718 0.7668711656441718 0.7668711656441718 0.0
9 0.064 -10 0.42426813746287656 0.42426813746287656 0.42426813746287656 0.42426813746287656 0.42426813746287656 0.0
9 0.045249 -10 0.18646280067126608 0.18646280067126608 0.18646280067126608 0.18646280067126608 0.18646280067126608 0.0
9 0.032 -10 0.06933370311308328 0.06933370311308328 0.06933370311308328 0.06933370311308328 0.06933370311308328 0.0
9 0.022624 -10 0.023094154869402556 0.023094154869402556 0.023094154869402556 0.023094154869402556 0.023094154869402556 0.0
9 0.016 -10 0.012680860776829532 0.012680860776829532 0.012680860776829532 0.012680860776829532 0.012680860776829532 0.0
9 0.011312 -10 0.005489679402722881 0.005489679402722881 0.005489679402722881 0.005489679402722881 0.005489679402722881 0.0
9 0.008 -10 0.0023845576049503414 0.0023845576049503414 0.0023845576049503414 0.0023845576049503414 0.0023845576049503414 0.0
9 0.005656 -10 0.0011394518097343367 0.0011394518097343367 0.0011394518097343367 0.0011394518097343367 0.0011394518097343367 0.0
9 0.004 -10 0.0005260167904559514 0.0005260167904559514 0.0005260167904559514 0.0005260167904559514 0.0005260167904559514 0.0
9 0.002828 -10 0.0002590849430712655 0.0002590849430712655 0.0002590849430712655 0.0002590849430712655 0.0002590849430712655 0.0
9 0.002 -10 0.00012219755189424536 0.00012219755189424536 0.00012219755189424536 0.00012219755189424536 0.00012219755189424536 0.0
