6 0.362 -10 1.0 1.0 1.0 1.0 1.0 0.0
6 0.256 -10 1.0 1.0 1.0 1.0 1.0 0.0
6 0.181 -10 0.8963093145869947 0.8963093145869947 0.8963093145869947 0.8963093145869947 0.8963093145869947 0.0
6 0.128 -10 0.6431273644388399 0.6431273644388399 0.6431273644388399 0.6431273644388399 0.6431273644388399 0.0
6 0.090496 -10 0.40702314445331206 0.40702314445331206 0.40702314445331206 0.40702314445331206 0.40702314445331206 0.0
6 0.064 -10 0.20833333333333334 0.20833333333333334 0.20833333333333334 0.20833333333333334 0.20833333333333334 0.0
6 0.045249 -10 0.1080737444373808 0.1080737444373808 0.1080737444373808 0.1080737444373808 0.1080737444373808 0.0
6 0.032 -10 0.041793001720888304 0.041793001720888304 0.041793001720888304 0.041793001720888304 0.041793001720888304 0.0
6 0.022624 -10 0.016541255838090296 0.016541255838090296 0.016541255838090296 0.016541255838090296 0.016541255838090296 0.0
6 0.016 -10 0.008805552677923961 0.008805552677923961 0.008805552677923961 0.008805552677923961 0.008805552677923961 0.0
6 0.011312 -10 0.0045062955599734925 0.0045062955599734925 0.0045062955599734925 0.0045062955599734925 0.0045062955599734925 0.0
6 0.008 -10 0.002108370229812355 0.002108370229812355 0.002108370229812355 0.002108370229812355 0.002108370229812355 0.0
6 0.005656 -10 0.001280009830475498 0.001280009830475498 0.001280009830475498 0.001280009830475498 0.001280009830475498 0.0
6 0.004 -10 0.0007165998198468053 0.0007165998198468053 0.0007165998198468053 0.0007165998198468053 0.0007165998198468053 0.0
6 0.002828 -10 0.003033520400424693 0.003033520400424693 0.003033520400424693 0.003033520400424693 0.003033520400424693 0.0
6 0.002 -10 0.00016633283666348306 0.00016633283666348306 0.00016633283666348306 0.00016633283666348306 0.00016633283666348306 0.0
