6 0.362 -10 0.9319664492078286 0.9319664492078286 0.9319664492078286 0.9319664492078286 0.9319664492078286 0.0
6 0.256 -10 0.8097165991902834 0.8097165991902834 0.8097165991902834 0.8097165991902834 0.8097165991902834 0.0
6 0.181 -10 0.7057163020465773 0.7057163020465773 0.7057163020465773 0.7057163020465773 0.7057163020465773 0.0
6 0.128 -10 0.5443658138268916 0.5443658138268916 0.5443658138268916 0.5443658138268916 0.5443658138268916 0.0
6 0.090496 -10 0.39635354736424894 0.39635354736424894 0.39635354736424894 0.39635354736424894 0.39635354736424894 0.0
6 0.064 -10 0.34199726402188785 0.34199726402188785 0.34199726402188785 0.34199726402188785 0.34199726402188785 0.0
6 0.045249 -10 0.27624309392265195 0.27624309392265195 0.27624309392265195 0.27624309392265195 0.27624309392265195 0.0
6 0.032 -10 0.23228803716608595 0.23228803716608595 0.23228803716608595 0.23228803716608595 0.23228803716608595 0.0
6 0.022624 -10 0.17337031900138697 0.17337031900138697 0.17337031900138697 0.17337031900138697 0.17337031900138697 0.0
6 0.016 -10 0.1265022137887413 0.1265022137887413 0.1265022137887413 0.1265022137887413 0.1265022137887413 0.0
6 0.011312 -10 0.11642798928862498 0.11642798928862498 0.11642798928862498 0.11642798928862498 0.11642798928862498 0.0
6 0.008 -10 0.0706713780918728 0.0706713780918728 0.0706713780918728 0.0706713780918728 0.0706713780918728 0.0
6 0.005656 -10 0.04938515482246037 0.04938515482246037 0.04938515482246037 0.04938515482246037 0.04938515482246037 0.0
6 0.004 -10 0.04101218061764344 0.04101218061764344 0.04101218061764344 0.04101218061764344 0.04101218061764344 0.0
6 0.002828 -10 0.026073579641749015 0.026073579641749015 0.026073579641749015 0.026073579641749015 0.026073579641749015 0.0
6 0.002 -10 0.02144220254304522 0.02144220254304522 0.02144220254304522 0.02144220254304522 0.02144220254304522 0.0
