5 0.362 -10 1.0 1.0 1.0 1.0 1.0 0.0
5 0.256 -10 0.999000999000999 0.999000999000999 0.999000999000999 0.999000999000999 0.999000999000999 0.0
5 0.181 -10 0.975609756097561 0.975609756097561 0.975609756097561 0.975609756097561 0.975609756097561 0.0
5 0.128 -10 0.7401924500370096 0.7401924500370096 0.7401924500370096 0.7401924500370096 0.7401924500370096 0.0
5 0.090496 -10 0.46296296296296297 0.46296296296296297 0.46296296296296297 0.46296296296296297 0.46296296296296297 0.0
5 0.064 -10 0.26001040041601664 0.26001040041601664 0.26001040041601664 0.26001040041601664 0.26001040041601664 0.0
5 0.045249 -10 0.13984058173682 0.13984058173682 0.13984058173682 0.13984058173682 0.13984058173682 0.0
5 0.032 -10 0.061353457267317016 0.061353457267317016 0.061353457267317016 0.061353457267317016 0.061353457267317016 0.0
5 0.022624 -10 0.027422052814873723 0.027422052814873723 0.027422052814873723 0.027422052814873723 0.027422052814873723 0.0
5 0.016 -10 0.011126812279550032 0.011126812279550032 0.011126812279550032 0.011126812279550032 0.011126812279550032 0.0
5 0.011312 -10 0.004747909732740161 0.004747909732740161 0.004747909732740161 0.004747909732740161 0.004747909732740161 0.0
5 0.008 -10 0.0018050834760853516 0.0018050834760853516 0.0018050834760853516 0.0018050834760853516 0.0018050834760853516 0.0
5 0.005656 -10 0.0008584317310705073 0.0008584317310705073 0.0008584317310705073 0.0008584317310705073 0.0008584317310705073 0.0
5 0.004 -10 0.0003343902293850096 0.0003343902293850096 0.0003343902293850096 0.0003343902293850096 0.0003343902293850096 0.0
5 0.002828 -10 0.0001517663938817503 0.0001517663938817503 0.0001517663938817503 0.0001517663938817503 0.0001517663938817503 0.0
5 0.002 -10 5.8434448790474106e-05 5.8434448790474106e-05 5.8434448790474106e-05 5.8434448790474106e-05 5.8434448790474106e-05 0.0
