12 0.362 -10 1.0 1.0 1.0 1.0 1.0 0.0
12 0.256 -10 1.0 1.0 1.0 1.0 1.0 0.0
12 0.181 -10 1.0 1.0 1.0 1.0 1.0 0.0
12 0.128 -10 0.9765625 0.9765625 0.9765625 0.9765625 0.9765625 0.0
12 0.090496 -10 0.7905138339920948 0.7905138339920948 0.7905138339920948 0.7905138339920948 0.7905138339920948 0.0
12 0.064 -10 0.41169205434335115 0.41169205434335115 0.41169205434335115 0.41169205434335115 0.41169205434335115 0.0
12 0.045249 -10 0.16144656118824668 0.16144656118824668 0.16144656118824668 0.16144656118824668 0.16144656118824668 0.0
12 0.032 -10 0.04855075981939117 0.04855075981939117 0.04855075981939117 0.04855075981939117 0.04855075981939117 0.0
12 0.022624 -10 0.011422175010565512 0.011422175010565512 0.011422175010565512 0.011422175010565512 0.011422175010565512 0.0
12 0.016 -10 0.0026614785577979993 0.0026614785577979993 0.0026614785577979993 0.0026614785577979993 0.0026614785577979993 0.0
12 0.011312 -10 0.0005688608958762704 0.0005688608958762704 0.0005688608958762704 0.0005688608958762704 0.0005688608958762704 0.0
12 0.008 -10 0.0001344152506468062 0.0001344152506468062 0.0001344152506468062 0.0001344152506468062 0.0001344152506468062 0.0
12 0.005656 -10 2.7880820644074838e-05 2.7880820644074838e-05 2.7880820644074838e-05 2.7880820644074838e-05 2.7880820644074838e-05 0.0
12 0.004 -10 6.7844820008642344e-06 6.7844820008642344e-06 6.7844820008642344e-06 6.7844820008642344e-06 6.7844820008642344e-06 0.0
12 0.002828 -10 1.7985333837939453e-06 1.7985333837939453e-06 1.7985333837939453e-06 1.7985333837939453e-06 1.7985333837939453e-06 0.0
12 0.002 -10 5.0470132463516e-07 5.0470132463516e-07 5.0470132463516e-07 5.0470132463516e-07 5.0470132463516e-07 0.0
