11 0.362 -10 1.0 1.0 1.0 1.0 1.0 0.0
11 0.256 -10 1.0 1.0 1.0 1.0 1.0 0.0
11 0.181 -10 1.0 1.0 1.0 1.0 1.0 0.0
11 0.128 -10 0.984251968503937 0.984251968503937 0.984251968503937 0.984251968503937 0.984251968503937 0.0
11 0.090496 -10 0.777000777000777 0.777000777000777 0.777000777000777 0.777000777000777 0.777000777000777 0.0
11 0.064 -10 0.40966816878328555 0.40966816878328555 0.40966816878328555 0.40966816878328555 0.40966816878328555 0.0
11 0.045249 -10 0.1588057805304113 0.1588057805304113 0.1588057805304113 0.1588057805304113 0.1588057805304113 0.0
11 0.032 -10 0.05184033177812338 0.05184033177812338 0.05184033177812338 0.05184033177812338 0.05184033177812338 0.0
11 0.022624 -10 0.018133681500018133 0.018133681500018133 0.018133681500018133 0.018133681500018133 0.018133681500018133 0.0
11 0.016 -10 0.005599825285451094 0.005599825285451094 0.005599825285451094 0.005599825285451094 0.005599825285451094 0.0
11 0.011312 -10 0.001984670405785711 0.001984670405785711 0.001984670405785711 0.001984670405785711 0.001984670405785711 0.0
11 0.008 -10 0.000666047242730927 0.000666047242730927 0.000666047242730927 0.000666047242730927 0.000666047242730927 0.0
11 0.005656 -10 0.0002441489699354958 0.0002441489699354958 0.0002441489699354958 0.0002441489699354958 0.0002441489699354958 0.0
11 0.004 -10 8.450871576414598e-05 8.450871576414598e-05 8.450871576414598e-05 8.450871576414598e-05 8.450871576414598e-05 0.0
11 0.002828 -10 2.9577760316382653e-05 2.9577760316382653e-05 2.9577760316382653e-05 2.9577760316382653e-05 2.9577760316382653e-05 0.0
11 0.002 -10 1.0655000038304724e-05 1.0655000038304724e-05 1.0655000038304724e-05 1.0655000038304724e-05 1.0655000038304724e-05 0.0
