5 0.362 -10 1.0 1.0 1.0 1.0 1.0 0.0
5 0.256 -10 0.9383624655013799 0.9383624655013799 0.9383624655013799 0.9383624655013799 0.9383624655013799 0.0
5 0.181 -10 0.6467977171845276 0.6467977171845276 0.6467977171845276 0.6467977171845276 0.6467977171845276 0.0
5 0.128 -10 0.4088176352705411 0.4088176352705411 0.4088176352705411 0.4088176352705411 0.4088176352705411 0.0
5 0.090496 -10 0.25894897182025894 0.25894897182025894 0.25894897182025894 0.25894897182025894 0.25894897182025894 0.0
5 0.064 -10 0.15718908922792418 0.15718908922792418 0.15718908922792418 0.15718908922792418 0.15718908922792418 0.0
5 0.045249 -10 0.08614137319483152 0.08614137319483152 0.08614137319483152 0.08614137319483152 0.08614137319483152 0.0
5 0.032 -10 0.046172649495269565 0.046172649495269565 0.046172649495269565 0.046172649495269565 0.046172649495269565 0.0
5 0.022624 -10 0.028003514166483636 0.028003514166483636 0.028003514166483636 0.028003514166483636 0.028003514166483636 0.0
5 0.016 -10 0.015501284175012538 0.015501284175012538 0.015501284175012538 0.015501284175012538 0.015501284175012538 0.0
5 0.011312 -10 0.008290795591247522 0.008290795591247522 0.008290795591247522 0.008290795591247522 0.008290795591247522 0.0
5 0.008 -10 0.004463777756382765 0.004463777756382765 0.004463777756382765 0.004463777756382765 0.004463777756382765 0.0
5 0.005656 -10 0.002291542635049369 0.002291542635049369 0.002291542635049369 0.002291542635049369 0.002291542635049369 0.0
5 0.004 -10 0.004921236098714207 0.004921236098714207 0.004921236098714207 0.004921236098714207 0.004921236098714207 0.0
5 0.002828 -10 0.0005924683334388546 0.0005924683334388546 0.0005924683334388546 0.0005924683334388546 0.0005924683334388546 0.0
5 0.002 -10 0.002166686138519219 0.002166686138519219 0.002166686138519219 0.002166686138519219 0.002166686138519219 0.0
