12 0.362 -10 1.0 1.0 1.0 1.0 1.0 0.0
12 0.256 -10 1.0 1.0 1.0 1.0 1.0 0.0
12 0.181 -10 0.9247506799637353 0.9247506799637353 0.9247506799637353 0.9247506799637353 0.9247506799637353 0.0
12 0.128 -10 0.6163141993957704 0.6163141993957704 0.6163141993957704 0.6163141993957704 0.6163141993957704 0.0
12 0.090496 -10 0.34658511722731905 0.34658511722731905 0.34658511722731905 0.34658511722731905 0.34658511722731905 0.0
12 0.064 -10 0.13709677419354838 0.13709677419354838 0.13709677419354838 0.13709677419354838 0.13709677419354838 0.0
12 0.045249 -10 0.04521677453674971 0.04521677453674971 0.04521677453674971 0.04521677453674971 0.04521677453674971 0.0
12 0.032 -10 0.014713094654242276 0.014713094654242276 0.014713094654242276 0.014713094654242276 0.014713094654242276 0.0
12 0.022624 -10 0.004482275238065942 0.004482275238065942 0.004482275238065942 0.004482275238065942 0.004482275238065942 0.0
12 0.016 -10 0.001504937522961363 0.001504937522961363 0.001504937522961363 0.001504937522961363 0.001504937522961363 0.0
12 0.011312 -10 0.0005791387412022012 0.0005791387412022012 0.0005791387412022012 0.0005791387412022012 0.0005791387412022012 0.0
12 0.008 -10 0.0002632922430682393 0.0002632922430682393 0.0002632922430682393 0.0002632922430682393 0.0002632922430682393 0.0
12 0.005656 -10 0.00014500169724486624 0.00014500169724486624 0.00014500169724486624 0.00014500169724486624 0.00014500169724486624 0.0
12 0.004 -10 5.9235007131006334e-05 5.9235007131006334e-05 5.9235007131006334e-05 5.9235007131006334e-05 5.9235007131006334e-05 0.0
12 0.002828 -10 3.545453942727375e-05 3.545453942727375e-05 3.545453942727375e-05 3.545453942727375e-05 3.545453942727375e-05 0.0
12 0.002 -10 1.0697114248046996e-05 1.0697114248046996e-05 1.0697114248046996e-05 1.0697114248046996e-05 1.0697114248046996e-05 0.0
