5 0.362 -10 0.9671179883945842 0.9671179883945842 0.9671179883945842 0.9671179883945842 0.9671179883945842 0.0
5 0.256 -10 0.9107468123861566 0.9107468123861566 0.9107468123861566 0.9107468123861566 0.9107468123861566 0.0
5 0.181 -10 0.6988120195667366 0.6988120195667366 0.6988120195667366 0.6988120195667366 0.6988120195667366 0.0
5 0.128 -10 0.4314063848144953 0.4314063848144953 0.4314063848144953 0.4314063848144953 0.4314063848144953 0.0
5 0.090496 -10 0.2188662727073758 0.2188662727073758 0.2188662727073758 0.2188662727073758 0.2188662727073758 0.0
5 0.064 -10 0.10379904504878555 0.10379904504878555 0.10379904504878555 0.10379904504878555 0.10379904504878555 0.0
5 0.045249 -10 0.04096681687832855 0.04096681687832855 0.04096681687832855 0.04096681687832855 0.04096681687832855 0.0
5 0.032 -10 0.017662539519932175 0.017662539519932175 0.017662539519932175 0.017662539519932175 0.017662539519932175 0.0
5 0.022624 -10 0.007138675918390657 0.007138675918390657 0.007138675918390657 0.007138675918390657 0.007138675918390657 0.0
5 0.016 -10 0.0032163648644302207 0.0032163648644302207 0.0032163648644302207 0.0032163648644302207 0.0032163648644302207 0.0
5 0.011312 -10 0.0015025641256804737 0.0015025641256804737 0.0015025641256804737 0.0015025641256804737 0.0015025641256804737 0.0
5 0.008 -10 0.0006789815819456082 0.0006789815819456082 0.0006789815819456082 0.0006789815819456082 0.0006789815819456082 0.0
5 0.005656 -10 0.00033096111438578747 0.00033096111438578747 0.00033096111438578747 0.00033096111438578747 0.00033096111438578747 0.0
5 0.004 -10 0.00015853433108499945 0.00015853433108499945 0.00015853433108499945 0.00015853433108499945 0.00015853433108499945 0.0
5 0.002828 -10 7.619185780283102e-05 7.619185780283102e-05 7.619185780283102e-05 7.619185780283102e-05 7.619185780283102e-05 0.0
5 0.002 -10 4.157124334184574e-05 4.157124334184574e-05 4.157124334184574e-05 4.157124334184574e-05 4.157124334184574e-05 0.0
