9 0.362 -10 1.0 1.0 1.0 1.0 1.0 0.0
9 0.256 -10 0.999000999000999 0.999000999000999 0.999000999000999 0.999000999000999 0.999000999000999 0.0
9 0.181 -10 0.970873786407767 0.970873786407767 0.970873786407767 0.970873786407767 0.970873786407767 0.0
9 0.128 -10 0.7434944237918215 0.7434944237918215 0.7434944237918215 0.7434944237918215 0.7434944237918215 0.0
9 0.090496 -10 0.3850596842510589 0.3850596842510589 0.3850596842510589 0.3850596842510589 0.3850596842510589 0.0
9 0.064 -10 0.12462612163509472 0.12462612163509472 0.12462612163509472 0.12462612163509472 0.12462612163509472 0.0
9 0.045249 -10 0.03608545034642032 0.03608545034642032 0.03608545034642032 0.03608545034642032 0.03608545034642032 0.0
9 0.032 -10 0.007947167232240067 0.007947167232240067 0.007947167232240067 0.007947167232240067 0.007947167232240067 0.0
9 0.022624 -10 0.001655333152350242 0.001655333152350242 0.001655333152350242 0.001655333152350242 0.001655333152350242 0.0
9 0.016 -10 0.0003119169103257598 0.0003119169103257598 0.0003119169103257598 0.0003119169103257598 0.0003119169103257598 0.0
9 0.011312 -10 5.909906314983113e-05 5.909906314983113e-05 5.909906314983113e-05 5.909906314983113e-05 5.909906314983113e-05 0.0
9 0.008 -10 1.1829553686436126e-05 1.1829553686436126e-05 1.1829553686436126e-05 1.1829553686436126e-05 1.1829553686436126e-05 0.0
9 0.005656 -10 2.423773381493452e-06 2.423773381493452e-06 2.423773381493452e-06 2.423773381493452e-06 2.423773381493452e-06 0.0
9 0.004 -10 5.455491244297161e-07 5.455491244297161e-07 5.455491244297161e-07 5.455491244297161e-07 5.455491244297161e-07 0.0
9 0.002828 -10 1.3432820271303363e-07 1.3432820271303363e-07 1.3432820271303363e-07 1.3432820271303363e-07 1.3432820271303363e-07 0.0
9 0.002 -10 3.316390414274636e-08 3.316390414274636e-08 3.316390414274636e-08 3.316390414274636e-08 3.316390414274636e-08 0.0
