12 0.362 -10 1.0 1.0 1.0 1.0 1.0 0.0
12 0.256 -10 1.0 1.0 1.0 1.0 1.0 0.0
12 0.181 -10 0.9950248756218906 0.9950248756218906 0.9950248756218906 0.9950248756218906 0.9950248756218906 0.0
12 0.128 -10 0.8733624454148472 0.8733624454148472 0.8733624454148472 0.8733624454148472 0.8733624454148472 0.0
12 0.090496 -10 0.5112474437627812 0.5112474437627812 0.5112474437627812 0.5112474437627812 0.5112474437627812 0.0
12 0.064 -10 0.182882223847842 0.182882223847842 0.182882223847842 0.182882223847842 0.182882223847842 0.0
12 0.045249 -10 0.03940420836945386 0.03940420836945386 0.03940420836945386 0.03940420836945386 0.03940420836945386 0.0
12 0.032 -10 0.006501147452525371 0.006501147452525371 0.006501147452525371 0.006501147452525371 0.006501147452525371 0.0
12 0.022624 -10 0.0007863162107736329 0.0007863162107736329 0.0007863162107736329 0.0007863162107736329 0.0007863162107736329 0.0
12 0.016 -10 8.97936174517128e-05 8.97936174517128e-05 8.97936174517128e-05 8.97936174517128e-05 8.97936174517128e-05 0.0
12 0.011312 -10 1.0128642367412147e-05 1.0128642367412147e-05 1.0128642367412147e-05 1.0128642367412147e-05 1.0128642367412147e-05 0.0
12 0.008 -10 1.288113726551036e-06 1.288113726551036e-06 1.288113726551036e-06 1.288113726551036e-06 1.288113726551036e-06 0.0
12 0.005656 -10 1.7158374961467008e-07 1.7158374961467008e-07 1.7158374961467008e-07 1.7158374961467008e-07 1.7158374961467008e-07 0.0
12 0.004 -10 2.2676962180748718e-08 2.2676962180748718e-08 2.2676962180748718e-08 2.2676962180748718e-08 2.2676962180748718e-08 0.0
12 0.002828 -10 3.5792032732530632e-09 3.5792032732530632e-09 3.5792032732530632e-09 3.5792032732530632e-09 3.5792032732530632e-09 0.0
12 0.002 -10 1.4225633887031476e-09 1.4225633887031476e-09 1.4225633887031476e-09 1.4225633887031476e-09 1.4225633887031476e-09 0.0
