5 0.362 -10 0.9823182711198428 0.9823182711198428 0.9823182711198428 0.9823182711198428 0.9823182711198428 0.0
5 0.256 -10 0.9643201542912246 0.9643201542912246 0.9643201542912246 0.9643201542912246 0.9643201542912246 0.0
5 0.181 -10 0.831946755407654 0.831946755407654 0.831946755407654 0.831946755407654 0.831946755407654 0.0
5 0.128 -10 0.5521811154058531 0.5521811154058531 0.5521811154058531 0.5521811154058531 0.5521811154058531 0.0
5 0.090496 -10 0.3263707571801567 0.3263707571801567 0.3263707571801567 0.3263707571801567 0.3263707571801567 0.0
5 0.064 -10 0.15114873035066506 0.15114873035066506 0.15114873035066506 0.15114873035066506 0.15114873035066506 0.0
5 0.045249 -10 0.05540780141843971 0.05540780141843971 0.05540780141843971 0.05540780141843971 0.05540780141843971 0.0
5 0.032 -10 0.021321052407146816 0.021321052407146816 0.021321052407146816 0.021321052407146816 0.021321052407146816 0.0
5 0.022624 -10 0.00813444612556331 0.00813444612556331 0.00813444612556331 0.00813444612556331 0.00813444612556331 0.0
5 0.016 -10 0.002894984439458638 0.002894984439458638 0.002894984439458638 0.002894984439458638 0.002894984439458638 0.0
5 0.011312 -10 0.0010487643982242322 0.0010487643982242322 0.0010487643982242322 0.0010487643982242322 0.0010487643982242322 0.0
5 0.008 -10 0.0003652865289268576 0.0003652865289268576 0.0003652865289268576 0.0003652865289268576 0.0003652865289268576 0.0
5 0.005656 -10 0.000159341879794398 0.000159341879794398 0.000159341879794398 0.000159341879794398 0.000159341879794398 0.0
5 0.004 -10 6.179867006790067e-05 6.179867006790067e-05 6.179867006790067e-05 6.179867006790067e-05 6.179867006790067e-05 0.0
5 0.002828 -10 2.3305796757604332e-05 2.3305796757604332e-05 2.3305796757604332e-05 2.3305796757604332e-05 2.3305796757604332e-05 0.0
5 0.002 -10 1.0337880708610034e-05 1.0337880708610034e-05 1.0337880708610034e-05 1.0337880708610034e-05 1.0337880708610034e-05 0.0
