9 0.362 -10 1.0 1.0 1.0 1.0 1.0 0.0
9 0.256 -10 0.99609375 0.99609375 0.99609375 0.99609375 0.99609375 0.0
9 0.181 -10 0.7461594732991953 0.7461594732991953 0.7461594732991953 0.7461594732991953 0.7461594732991953 0.0
9 0.128 -10 0.46300499319110305 0.46300499319110305 0.46300499319110305 0.46300499319110305 0.46300499319110305 0.0
9 0.090496 -10 0.24619840695148443 0.24619840695148443 0.24619840695148443 0.24619840695148443 0.24619840695148443 0.0
9 0.064 -10 0.10146225007460459 0.10146225007460459 0.10146225007460459 0.10146225007460459 0.10146225007460459 0.0
9 0.045249 -10 0.04204625087596356 0.04204625087596356 0.04204625087596356 0.04204625087596356 0.04204625087596356 0.0
9 0.032 -10 0.014609831557236164 0.014609831557236164 0.014609831557236164 0.014609831557236164 0.014609831557236164 0.0
9 0.022624 -10 0.005037310668727684 0.005037310668727684 0.005037310668727684 0.005037310668727684 0.005037310668727684 0.0
9 0.016 -10 0.0019390123583522957 0.0019390123583522957 0.0019390123583522957 0.0019390123583522957 0.0019390123583522957 0.0
9 0.011312 -10 0.0006735916377639721 0.0006735916377639721 0.0006735916377639721 0.0006735916377639721 0.0006735916377639721 0.0
9 0.008 -10 0.0003147823689136042 0.0003147823689136042 0.0003147823689136042 0.0003147823689136042 0.0003147823689136042 0.0
9 0.005656 -10 0.00013031468912388393 0.00013031468912388393 0.00013031468912388393 0.00013031468912388393 0.00013031468912388393 0.0
9 0.004 -10 6.366576390735638e-05 6.366576390735638e-05 6.366576390735638e-05 6.366576390735638e-05 6.366576390735638e-05 0.0
9 0.002828 -10 2.270364236350729e-05 2.270364236350729e-05 2.270364236350729e-05 2.270364236350729e-05 2.270364236350729e-05 0.0
9 0.002 -10 3.499163901029578e-06 3.499163901029578e-06 3.499163901029578e-06 3.499163901029578e-06 3.499163901029578e-06 0.0
