10 0.362 -10 1.0 1.0 1.0 1.0 1.0 0.0
10 0.256 -10 1.0 1.0 1.0 1.0 1.0 0.0
10 0.181 -10 1.0 1.0 1.0 1.0 1.0 0.0
10 0.128 -10 0.9784735812133072 0.9784735812133072 0.9784735812133072 0.9784735812133072 0.9784735812133072 0.0
10 0.090496 -10 0.7911392405063291 0.7911392405063291 0.7911392405063291 0.7911392405063291 0.7911392405063291 0.0
10 0.064 -10 0.4826254826254826 0.4826254826254826 0.4826254826254826 0.4826254826254826 0.4826254826254826 0.0
10 0.045249 -10 0.20665426741062204 0.20665426741062204 0.20665426741062204 0.20665426741062204 0.20665426741062204 0.0
10 0.032 -10 0.0755287009063444 0.0755287009063444 0.0755287009063444 0.0755287009063444 0.0755287009063444 0.0
10 0.022624 -10 0.025915463757223936 0.025915463757223936 0.025915463757223936 0.025915463757223936 0.025915463757223936 0.0
10 0.016 -10 0.008091662351113412 0.008091662351113412 0.008091662351113412 0.008091662351113412 0.008091662351113412 0.0
10 0.011312 -10 0.00252106348542069 0.00252106348542069 0.00252106348542069 0.00252106348542069 0.00252106348542069 0.0
10 0.008 -10 0.0007386337196633898 0.0007386337196633898 0.0007386337196633898 0.0007386337196633898 0.0007386337196633898 0.0
10 0.005656 -10 0.00020787695679776356 0.00020787695679776356 0.00020787695679776356 0.00020787695679776356 0.00020787695679776356 0.0
10 0.004 -10 6.680606420022686e-05 6.680606420022686e-05 6.680606420022686e-05 6.680606420022686e-05 6.680606420022686e-05 0.0
10 0.002828 -10 1.8341952430769996e-05 1.8341952430769996e-05 1.8341952430769996e-05 1.8341952430769996e-05 1.8341952430769996e-05 0.0
10 0.002 -10 5.737911021915412e-06 5.737911021915412e-06 5.737911021915412e-06 5.737911021915412e-06 5.737911021915412e-06 0.0
