5 0.362 -10 1.0 1.0 1.0 1.0 1.0 0.0
5 0.256 -10 0.998003992015968 0.998003992015968 0.998003992015968 0.998003992015968 0.998003992015968 0.0
5 0.181 -10 0.984251968503937 0.984251968503937 0.984251968503937 0.984251968503937 0.984251968503937 0.0
5 0.128 -10 0.8488964346349746 0.8488964346349746 0.8488964346349746 0.8488964346349746 0.8488964346349746 0.0
5 0.090496 -10 0.5589714924538849 0.5589714924538849 0.5589714924538849 0.5589714924538849 0.5589714924538849 0.0
5 0.064 -10 0.2846569883290635 0.2846569883290635 0.2846569883290635 0.2846569883290635 0.2846569883290635 0.0
5 0.045249 -10 0.14688601645123384 0.14688601645123384 0.14688601645123384 0.14688601645123384 0.14688601645123384 0.0
5 0.032 -10 0.060960741282613994 0.060960741282613994 0.060960741282613994 0.060960741282613994 0.060960741282613994 0.0
5 0.022624 -10 0.03134304967873374 0.03134304967873374 0.03134304967873374 0.03134304967873374 0.03134304967873374 0.0
5 0.016 -10 0.014698749136448488 0.014698749136448488 0.014698749136448488 0.014698749136448488 0.014698749136448488 0.0
5 0.011312 -10 0.006920894179527995 0.006920894179527995 0.006920894179527995 0.006920894179527995 0.006920894179527995 0.0
5 0.008 -10 0.0032986643707962645 0.0032986643707962645 0.0032986643707962645 0.0032986643707962645 0.0032986643707962645 0.0
5 0.005656 -10 0.001482964445927409 0.001482964445927409 0.001482964445927409 0.001482964445927409 0.001482964445927409 0.0
5 0.004 -10 0.0007257278506045676 0.0007257278506045676 0.0007257278506045676 0.0007257278506045676 0.0007257278506045676 0.0
5 0.002828 -10 0.0004623834851415379 0.0004623834851415379 0.0004623834851415379 0.0004623834851415379 0.0004623834851415379 0.0
5 0.002 -10 0.00021646638114750994 0.00021646638114750994 0.00021646638114750994 0.00021646638114750994 0.00021646638114750994 0.0
