6 0.362 -10 0.9940357852882704 0.9940357852882704 0.9940357852882704 0.9940357852882704 0.9940357852882704 0.0
6 0.256 -10 0.9596928982725528 0.9596928982725528 0.9596928982725528 0.9596928982725528 0.9596928982725528 0.0
6 0.181 -10 0.8591065292096219 0.8591065292096219 0.8591065292096219 0.8591065292096219 0.8591065292096219 0.0
6 0.128 -10 0.5878894767783657 0.5878894767783657 0.5878894767783657 0.5878894767783657 0.5878894767783657 0.0
6 0.090496 -10 0.33444816053511706 0.33444816053511706 0.33444816053511706 0.33444816053511706 0.33444816053511706 0.0
6 0.064 -10 0.1603077909586406 0.1603077909586406 0.1603077909586406 0.1603077909586406 0.1603077909586406 0.0
6 0.045249 -10 0.06597611664577423 0.06597611664577423 0.06597611664577423 0.06597611664577423 0.06597611664577423 0.0
6 0.032 -10 0.02758925122772168 0.02758925122772168 0.02758925122772168 0.02758925122772168 0.02758925122772168 0.0
6 0.022624 -10 0.010204394012061593 0.010204394012061593 0.010204394012061593 0.010204394012061593 0.010204394012061593 0.0
6 0.016 -10 0.004102362140120281 0.004102362140120281 0.004102362140120281 0.004102362140120281 0.004102362140120281 0.0
6 0.011312 -10 0.0016519232516457286 0.0016519232516457286 0.0016519232516457286 0.0016519232516457286 0.0016519232516457286 0.0
6 0.008 -10 0.0011368920327743234 0.0011368920327743234 0.0011368920327743234 0.0011368920327743234 0.0011368920327743234 0.0
6 0.005656 -10 0.00045394253632221205 0.00045394253632221205 0.00045394253632221205 0.00045394253632221205 0.00045394253632221205 0.0
6 0.004 -10 0.00014884352303688416 0.00014884352303688416 0.00014884352303688416 0.00014884352303688416 0.00014884352303688416 0.0
6 0.002828 -10 8.425782422368632e-05 8.425782422368632e-05 8.425782422368632e-05 8.425782422368632e-05 8.425782422368632e-05 0.0
6 0.002 -10 6.383108558548552e-05 6.383108558548552e-05 6.383108558548552e-05 6.383108558548552e-05 6.383108558548552e-05 0.0
