9 0.362 -10 1.0 1.0 1.0 1.0 1.0 0.0
9 0.256 -10 0.9568480300187617 0.9568480300187617 0.9568480300187617 0.9568480300187617 0.9568480300187617 0.0
9 0.181 -10 0.6777408637873754 0.6777408637873754 0.6777408637873754 0.6777408637873754 0.6777408637873754 0.0
9 0.128 -10 0.5074626865671642 0.5074626865671642 0.5074626865671642 0.5074626865671642 0.5074626865671642 0.0
9 0.090496 -10 0.3277634961439589 0.3277634961439589 0.3277634961439589 0.3277634961439589 0.3277634961439589 0.0
9 0.064 -10 0.17595307917888564 0.17595307917888564 0.17595307917888564 0.17595307917888564 0.17595307917888564 0.0
9 0.045249 -10 0.08900523560209424 0.08900523560209424 0.08900523560209424 0.08900523560209424 0.08900523560209424 0.0
9 0.032 -10 0.0500638068126043 0.0500638068126043 0.0500638068126043 0.0500638068126043 0.0500638068126043 0.0
9 0.022624 -10 0.0273224043715847 0.0273224043715847 0.0273224043715847 0.0273224043715847 0.0273224043715847 0.0
9 0.016 -10 0.015208671925089836 0.015208671925089836 0.015208671925089836 0.015208671925089836 0.015208671925089836 0.0
9 0.011312 -10 0.014928212858752763 0.014928212858752763 0.014928212858752763 0.014928212858752763 0.014928212858752763 0.0
9 0.008 -10 0.008726302101156663 0.008726302101156663 0.008726302101156663 0.008726302101156663 0.008726302101156663 0.0
9 0.005656 -10 0.002225169723729908 0.002225169723729908 0.002225169723729908 0.002225169723729908 0.002225169723729908 0.0
9 0.004 -10 0.0011329242218087912 0.0011329242218087912 0.0011329242218087912 0.0011329242218087912 0.0011329242218087912 0.0
9 0.002828 -10 0.0005438610616274563 0.0005438610616274563 0.0005438610616274563 0.0005438610616274563 0.0005438610616274563 0.0
9 0.002 -10 0.0020431873723007893 0.0020431873723007893 0.0020431873723007893 0.0020431873723007893 0.0020431873723007893 0.0
