11 0.362 -10 0.9345794392523364 0.9345794392523364 0.9345794392523364 0.9345794392523364 0.9345794392523364 0.0
11 0.256 -10 0.9174311926605505 0.9174311926605505 0.9174311926605505 0.9174311926605505 0.9174311926605505 0.0
11 0.181 -10 0.9354536950420954 0.9354536950420954 0.9354536950420954 0.9354536950420954 0.9354536950420954 0.0
11 0.128 -10 0.8888888888888888 0.8888888888888888 0.8888888888888888 0.8888888888888888 0.8888888888888888 0.0
11 0.090496 -10 0.794912559618442 0.794912559618442 0.794912559618442 0.794912559618442 0.794912559618442 0.0
11 0.064 -10 0.6784260515603799 0.6784260515603799 0.6784260515603799 0.6784260515603799 0.6784260515603799 0.0
11 0.045249 -10 0.5952380952380952 0.5952380952380952 0.5952380952380952 0.5952380952380952 0.5952380952380952 0.0
11 0.032 -10 0.5162622612287042 0.5162622612287042 0.5162622612287042 0.5162622612287042 0.5162622612287042 0.0
11 0.022624 -10 0.4317789291882556 0.4317789291882556 0.4317789291882556 0.4317789291882556 0.4317789291882556 0.0
11 0.016 -10 0.31665611146295125 0.31665611146295125 0.31665611146295125 0.31665611146295125 0.31665611146295125 0.0
11 0.011312 -10 0.26102845210127906 0.26102845210127906 0.26102845210127906 0.26102845210127906 0.26102845210127906 0.0
11 0.008 -10 0.2002803925495694 0.2002803925495694 0.2002803925495694 0.2002803925495694 0.2002803925495694 0.0
11 0.005656 -10 0.14660606949127694 0.14660606949127694 0.14660606949127694 0.14660606949127694 0.14660606949127694 0.0
11 0.004 -10 0.09709680551509856 0.09709680551509856 0.09709680551509856 0.09709680551509856 0.09709680551509856 0.0
11 0.002828 -10 0.0734322220590395 0.0734322220590395 0.0734322220590395 0.0734322220590395 0.0734322220590395 0.0
11 0.002 -10 0.05248241838983941 0.05248241838983941 0.05248241838983941 0.05248241838983941 0.05248241838983941 0.0
