3 0.015 -10 0.984251968503937 0.984251968503937 0.984251968503937 0.984251968503937 0.984251968503937 0.0
3 0.01344 -10 0.975609756097561 0.975609756097561 0.975609756097561 0.975609756097561 0.975609756097561 0.0
3 0.01204 -10 0.970873786407767 0.970873786407767 0.970873786407767 0.970873786407767 0.970873786407767 0.0
3 0.01079 -10 0.9578544061302682 0.9578544061302682 0.9578544061302682 0.9578544061302682 0.9578544061302682 0.0
3 0.00967 -10 0.9372071227741331 0.9372071227741331 0.9372071227741331 0.9372071227741331 0.9372071227741331 0.0
3 0.00866 -10 0.9157509157509157 0.9157509157509157 0.9157509157509157 0.9157509157509157 0.9157509157509157 0.0
3 0.00776 -10 0.8984725965858041 0.8984725965858041 0.8984725965858041 0.8984725965858041 0.8984725965858041 0.0
3 0.00695 -10 0.8658008658008658 0.8658008658008658 0.8658008658008658 0.8658008658008658 0.8658008658008658 0.0
3 0.00623 -10 0.835421888053467 0.835421888053467 0.835421888053467 0.835421888053467 0.835421888053467 0.0
3 0.00558 -10 0.8136696501220505 0.8136696501220505 0.8136696501220505 0.8136696501220505 0.8136696501220505 0.0
3 0.005 -10 0.78125 0.78125 0.78125 0.78125 0.78125 0.0
