7 0.015 -10 1.0 1.0 1.0 1.0 1.0 0.0
7 0.01344 -10 1.0 1.0 1.0 1.0 1.0 0.0
7 0.01204 -10 1.0 1.0 1.0 1.0 1.0 0.0
7 0.01079 -10 1.0 1.0 1.0 1.0 1.0 0.0
7 0.00967 -10 1.0 1.0 1.0 1.0 1.0 0.0
7 0.00866 -10 0.9970089730807578 0.9970089730807578 0.9970089730807578 0.9970089730807578 0.9970089730807578 0.0
7 0.00776 -10 0.9930486593843099 0.9930486593843099 0.9930486593843099 0.9930486593843099 0.9930486593843099 0.0
7 0.00695 -10 0.9794319294809011 0.9794319294809011 0.9794319294809011 0.9794319294809011 0.9794319294809011 0.0
7 0.00623 -10 0.9551098376313276 0.9551098376313276 0.9551098376313276 0.9551098376313276 0.9551098376313276 0.0
7 0.00558 -10 0.9149130832570905 0.9149130832570905 0.9149130832570905 0.9149130832570905 0.9149130832570905 0.0
7 0.005 -10 0.8665511265164645 0.8665511265164645 0.8665511265164645 0.8665511265164645 0.8665511265164645 0.0
