3 0.015 -10 0.7524454477050414 0.7524454477050414 0.7524454477050414 0.7524454477050414 0.7524454477050414 0.0
3 0.01344 -10 0.6743088334457181 0.6743088334457181 0.6743088334457181 0.6743088334457181 0.6743088334457181 0.0
3 0.01204 -10 0.5973715651135006 0.5973715651135006 0.5973715651135006 0.5973715651135006 0.5973715651135006 0.0
3 0.01079 -10 0.5319148936170213 0.5319148936170213 0.5319148936170213 0.5319148936170213 0.5319148936170213 0.0
3 0.00967 -10 0.4518752824220515 0.4518752824220515 0.4518752824220515 0.4518752824220515 0.4518752824220515 0.0
3 0.00866 -10 0.37965072133637057 0.37965072133637057 0.37965072133637057 0.37965072133637057 0.37965072133637057 0.0
3 0.00776 -10 0.3244646333549643 0.3244646333549643 0.3244646333549643 0.3244646333549643 0.3244646333549643 0.0
3 0.00695 -10 0.28058361391694725 0.28058361391694725 0.28058361391694725 0.28058361391694725 0.28058361391694725 0.0
3 0.00623 -10 0.23929169657812874 0.23929169657812874 0.23929169657812874 0.23929169657812874 0.23929169657812874 0.0
3 0.00558 -10 0.19040365575019041 0.19040365575019041 0.19040365575019041 0.19040365575019041 0.19040365575019041 0.0
3 0.005 -10 0.16812373907195696 0.16812373907195696 0.16812373907195696 0.16812373907195696 0.16812373907195696 0.0
