5 0.015 -10 0.9950248756218906 0.9950248756218906 0.9950248756218906 0.9950248756218906 0.9950248756218906 0.0
5 0.01344 -10 0.9920634920634921 0.9920634920634921 0.9920634920634921 0.9920634920634921 0.9920634920634921 0.0
5 0.01204 -10 0.9891196834817013 0.9891196834817013 0.9891196834817013 0.9891196834817013 0.9891196834817013 0.0
5 0.01079 -10 0.949667616334283 0.949667616334283 0.949667616334283 0.949667616334283 0.949667616334283 0.0
5 0.00967 -10 0.8944543828264758 0.8944543828264758 0.8944543828264758 0.8944543828264758 0.8944543828264758 0.0
5 0.00866 -10 0.823045267489712 0.823045267489712 0.823045267489712 0.823045267489712 0.823045267489712 0.0
5 0.00776 -10 0.7558578987150416 0.7558578987150416 0.7558578987150416 0.7558578987150416 0.7558578987150416 0.0
5 0.00695 -10 0.6506180871828237 0.6506180871828237 0.6506180871828237 0.6506180871828237 0.6506180871828237 0.0
5 0.00623 -10 0.5636978579481398 0.5636978579481398 0.5636978579481398 0.5636978579481398 0.5636978579481398 0.0
5 0.00558 -10 0.4591368227731864 0.4591368227731864 0.4591368227731864 0.4591368227731864 0.4591368227731864 0.0
5 0.005 -10 0.3965107057890563 0.3965107057890563 0.3965107057890563 0.3965107057890563 0.3965107057890563 0.0
