7 0.015 -10 1.0 1.0 1.0 1.0 1.0 0.0
7 0.01344 -10 1.0 1.0 1.0 1.0 1.0 0.0
7 0.01204 -10 1.0 1.0 1.0 1.0 1.0 0.0
7 0.01079 -10 1.0 1.0 1.0 1.0 1.0 0.0
7 0.00967 -10 0.998003992015968 0.998003992015968 0.998003992015968 0.998003992015968 0.998003992015968 0.0
7 0.00866 -10 0.9891196834817013 0.9891196834817013 0.9891196834817013 0.9891196834817013 0.9891196834817013 0.0
7 0.00776 -10 0.9718172983479106 0.9718172983479106 0.9718172983479106 0.9718172983479106 0.9718172983479106 0.0
7 0.00695 -10 0.942507068803016 0.942507068803016 0.942507068803016 0.942507068803016 0.942507068803016 0.0
7 0.00623 -10 0.8936550491510277 0.8936550491510277 0.8936550491510277 0.8936550491510277 0.8936550491510277 0.0
7 0.00558 -10 0.8216926869350862 0.8216926869350862 0.8216926869350862 0.8216926869350862 0.8216926869350862 0.0
7 0.005 -10 0.7220216606498195 0.7220216606498195 0.7220216606498195 0.7220216606498195 0.7220216606498195 0.0
