7 0.015 -10 0.5 1.0 0.9995 0.7315 0.5 1.0
7 0.01344 -10 0.37721614485099964 1.0 0.998868351565447 0.5873255375330064 0.37721614485099964 1.0
7 0.01204 -10 0.2661698163428267 1.0 0.9944104338568006 0.4532871972318339 0.2661698163428267 1.0
7 0.01079 -10 0.1763046544428773 0.9996473906911142 0.9747884344146686 0.31488011283497885 0.1763046544428773 0.9996473906911142
7 0.00967 -10 0.11388224575788634 0.997039061610295 0.9365675891128573 0.21056827240633186 0.11388224575788634 0.997039061610295
7 0.00866 -10 0.06830601092896176 0.9908469945355192 0.8715846994535519 0.1307377049180328 0.06830601092896176 0.9908469945355192
7 0.00776 -10 0.042096400757735214 0.9699852662597348 0.776005051568091 0.08031993264575879 0.042096400757735214 0.9699852662597348
7 0.00695 -10 0.02359046945034206 0.9393960839820712 0.6698749705119131 0.04505779665015334 0.02359046945034206 0.9393724935126209
7 0.00623 -10 0.013728343538068696 0.8884572087531918 0.5576453145163505 0.026385876280168034 0.013728343538068696 0.8884572087531918
7 0.00558 -10 0.007222145988459011 0.8186808028137481 0.4524241133010263 0.015498725291233037 0.007222145988459011 0.8186808028137481
7 0.005 -10 0.0040044369161030425 0.7364800198620071 0.35977863472727784 0.008533455068215583 0.0040044369161030425 0.7364680065512588
