5 0.015 -10 0.9950248756218906 0.9950248756218906 0.9950248756218906 0.9950248756218906 0.9950248756218906 0.0
5 0.01344 -10 0.9920634920634921 0.9920634920634921 0.9920634920634921 0.9920634920634921 0.9920634920634921 0.0
5 0.01204 -10 0.9737098344693281 0.9737098344693281 0.9737098344693281 0.9737098344693281 0.9737098344693281 0.0
5 0.01079 -10 0.945179584120983 0.945179584120983 0.945179584120983 0.945179584120983 0.945179584120983 0.0
5 0.00967 -10 0.9017132551848512 0.9017132551848512 0.9017132551848512 0.9017132551848512 0.9017132551848512 0.0
5 0.00866 -10 0.8312551953449709 0.8312551953449709 0.8312551953449709 0.8312551953449709 0.8312551953449709 0.0
5 0.00776 -10 0.7429420505200595 0.7429420505200595 0.7429420505200595 0.7429420505200595 0.7429420505200595 0.0
5 0.00695 -10 0.670690811535882 0.670690811535882 0.670690811535882 0.670690811535882 0.670690811535882 0.0
5 0.00623 -10 0.5910165484633569 0.5910165484633569 0.5910165484633569 0.5910165484633569 0.5910165484633569 0.0
5 0.00558 -10 0.4889975550122249 0.4889975550122249 0.4889975550122249 0.4889975550122249 0.4889975550122249 0.0
5 0.005 -10 0.4042037186742118 0.4042037186742118 0.4042037186742118 0.4042037186742118 0.4042037186742118 0.0
