3 0.015 -10 0.7662835249042146 0.7662835249042146 0.7662835249042146 0.7662835249042146 0.7662835249042146 0.0
3 0.01344 -10 0.687757909215956 0.687757909215956 0.687757909215956 0.687757909215956 0.687757909215956 0.0
3 0.01204 -10 0.5952380952380952 0.5952380952380952 0.5952380952380952 0.5952380952380952 0.5952380952380952 0.0
3 0.01079 -10 0.5117707267144319 0.5117707267144319 0.5117707267144319 0.5117707267144319 0.5117707267144319 0.0
3 0.00967 -10 0.4185851820845542 0.4185851820845542 0.4185851820845542 0.4185851820845542 0.4185851820845542 0.0
3 0.00866 -10 0.36075036075036077 0.36075036075036077 0.36075036075036077 0.36075036075036077 0.36075036075036077 0.0
3 0.00776 -10 0.2876042565429968 0.2876042565429968 0.2876042565429968 0.2876042565429968 0.2876042565429968 0.0
3 0.00695 -10 0.23651844843897823 0.23651844843897823 0.23651844843897823 0.23651844843897823 0.23651844843897823 0.0
3 0.00623 -10 0.19105846388995032 0.19105846388995032 0.19105846388995032 0.19105846388995032 0.19105846388995032 0.0
3 0.00558 -10 0.14729709824716453 0.14729709824716453 0.14729709824716453 0.14729709824716453 0.14729709824716453 0.0
3 0.005 -10 0.12434717731907485 0.12434717731907485 0.12434717731907485 0.12434717731907485 0.12434717731907485 0.0
