3 0.015 -10 0.9970089730807578 0.9970089730807578 0.9970089730807578 0.9970089730807578 0.9970089730807578 0.0
3 0.01344 -10 0.998003992015968 0.998003992015968 0.998003992015968 0.998003992015968 0.998003992015968 0.0
3 0.01204 -10 0.9970089730807578 0.9970089730807578 0.9970089730807578 0.9970089730807578 0.9970089730807578 0.0
3 0.01079 -10 0.9920634920634921 0.9920634920634921 0.9920634920634921 0.9920634920634921 0.9920634920634921 0.0
3 0.00967 -10 0.9765625 0.9765625 0.9765625 0.9765625 0.9765625 0.0
3 0.00866 -10 0.9784735812133072 0.9784735812133072 0.9784735812133072 0.9784735812133072 0.9784735812133072 0.0
3 0.00776 -10 0.9615384615384616 0.9615384615384616 0.9615384615384616 0.9615384615384616 0.9615384615384616 0.0
3 0.00695 -10 0.942507068803016 0.942507068803016 0.942507068803016 0.942507068803016 0.942507068803016 0.0
3 0.00623 -10 0.9328358208955224 0.9328358208955224 0.9328358208955224 0.9328358208955224 0.9328358208955224 0.0
3 0.00558 -10 0.9090909090909091 0.9090909090909091 0.9090909090909091 0.9090909090909091 0.9090909090909091 0.0
3 0.005 -10 0.8857395925597874 0.8857395925597874 0.8857395925597874 0.8857395925597874 0.8857395925597874 0.0
