5 0.015 -10 0.999000999000999 0.999000999000999 0.999000999000999 0.999000999000999 0.999000999000999 0.0
5 0.01344 -10 0.9970089730807578 0.9970089730807578 0.9970089730807578 0.9970089730807578 0.9970089730807578 0.0
5 0.01204 -10 0.9852216748768473 0.9852216748768473 0.9852216748768473 0.9852216748768473 0.9852216748768473 0.0
5 0.01079 -10 0.9671179883945842 0.9671179883945842 0.9671179883945842 0.9671179883945842 0.9671179883945842 0.0
5 0.00967 -10 0.916590284142988 0.916590284142988 0.916590284142988 0.916590284142988 0.916590284142988 0.0
5 0.00866 -10 0.8976660682226212 0.8976660682226212 0.8976660682226212 0.8976660682226212 0.8976660682226212 0.0
5 0.00776 -10 0.8110300081103001 0.8110300081103001 0.8110300081103001 0.8110300081103001 0.8110300081103001 0.0
5 0.00695 -10 0.7434944237918215 0.7434944237918215 0.7434944237918215 0.7434944237918215 0.7434944237918215 0.0
5 0.00623 -10 0.6738544474393531 0.6738544474393531 0.6738544474393531 0.6738544474393531 0.6738544474393531 0.0
5 0.00558 -10 0.5984440454817475 0.5984440454817475 0.5984440454817475 0.5984440454817475 0.5984440454817475 0.0
5 0.005 -10 0.5737234652897304 0.5737234652897304 0.5737234652897304 0.5737234652897304 0.5737234652897304 0.0
