7 0.362 -10 1.0 1.0 1.0 1.0 1.0 0.0
7 0.256 -10 1.0 1.0 1.0 1.0 1.0 0.0
7 0.181 -10 0.9775171065493646 0.9775171065493646 0.9775171065493646 0.9775171065493646 0.9775171065493646 0.0
7 0.128 -10 0.8445945945945946 0.8445945945945946 0.8445945945945946 0.8445945945945946 0.8445945945945946 0.0
7 0.090496 -10 0.5998800239952009 0.5998800239952009 0.5998800239952009 0.5998800239952009 0.5998800239952009 0.0
7 0.064 -10 0.32690421706440015 0.32690421706440015 0.32690421706440015 0.32690421706440015 0.32690421706440015 0.0
7 0.045249 -10 0.14457134595923088 0.14457134595923088 0.14457134595923088 0.14457134595923088 0.14457134595923088 0.0
7 0.032 -10 0.059676553082293964 0.059676553082293964 0.059676553082293964 0.059676553082293964 0.059676553082293964 0.0
7 0.022624 -10 0.02070950773500114 0.02070950773500114 0.02070950773500114 0.02070950773500114 0.02070950773500114 0.0
7 0.016 -10 0.007364366774922858 0.007364366774922858 0.007364366774922858 0.007364366774922858 0.007364366774922858 0.0
7 0.011312 -10 0.0024275556699204005 0.0024275556699204005 0.0024275556699204005 0.0024275556699204005 0.0024275556699204005 0.0
7 0.008 -10 0.000798224748160092 0.000798224748160092 0.000798224748160092 0.000798224748160092 0.000798224748160092 0.0
7 0.005656 -10 0.000255246072528682 0.000255246072528682 0.000255246072528682 0.000255246072528682 0.000255246072528682 0.0
7 0.004 -10 8.548461785512084e-05 8.548461785512084e-05 8.548461785512084e-05 8.548461785512084e-05 8.548461785512084e-05 0.0
7 0.002828 -10 2.711381762443697e-05 2.711381762443697e-05 2.711381762443697e-05 2.711381762443697e-05 2.711381762443697e-05 0.0
7 0.002 -10 9.877598478841933e-06 9.877598478841933e-06 9.877598478841933e-06 9.877598478841933e-06 9.877598478841933e-06 0.0
