7 0.362 -10 1.0 1.0 1.0 1.0 1.0 0.0
7 0.256 -10 1.0 1.0 1.0 1.0 1.0 0.0
7 0.181 -10 0.998003992015968 0.998003992015968 0.998003992015968 0.998003992015968 0.998003992015968 0.0
7 0.128 -10 0.9233610341643582 0.9233610341643582 0.9233610341643582 0.9233610341643582 0.9233610341643582 0.0
7 0.090496 -10 0.6480881399870383 0.6480881399870383 0.6480881399870383 0.6480881399870383 0.6480881399870383 0.0
7 0.064 -10 0.3667033370003667 0.3667033370003667 0.3667033370003667 0.3667033370003667 0.3667033370003667 0.0
7 0.045249 -10 0.1670564650851988 0.1670564650851988 0.1670564650851988 0.1670564650851988 0.1670564650851988 0.0
7 0.032 -10 0.06531678641410843 0.06531678641410843 0.06531678641410843 0.06531678641410843 0.06531678641410843 0.0
7 0.022624 -10 0.02457545894669583 0.02457545894669583 0.02457545894669583 0.02457545894669583 0.02457545894669583 0.0
7 0.016 -10 0.008236757353365128 0.008236757353365128 0.008236757353365128 0.008236757353365128 0.008236757353365128 0.0
7 0.011312 -10 0.002876472754050074 0.002876472754050074 0.002876472754050074 0.002876472754050074 0.002876472754050074 0.0
7 0.008 -10 0.000889845175837856 0.000889845175837856 0.000889845175837856 0.000889845175837856 0.000889845175837856 0.0
7 0.005656 -10 0.00030636391376223464 0.00030636391376223464 0.00030636391376223464 0.00030636391376223464 0.00030636391376223464 0.0
7 0.004 -10 0.00010129661695636486 0.00010129661695636486 0.00010129661695636486 0.00010129661695636486 0.00010129661695636486 0.0
7 0.002828 -10 3.407047996652371e-05 3.407047996652371e-05 3.407047996652371e-05 3.407047996652371e-05 3.407047996652371e-05 0.0
7 0.002 -10 1.0404622340873762e-05 1.0404622340873762e-05 1.0404622340873762e-05 1.0404622340873762e-05 1.0404622340873762e-05 0.0
