10 0.362 -10 1.0 1.0 1.0 1.0 1.0 0.0
10 0.256 -10 1.0 1.0 1.0 1.0 1.0 0.0
10 0.181 -10 0.999000999000999 0.999000999000999 0.999000999000999 0.999000999000999 0.999000999000999 0.0
10 0.128 -10 0.9606147934678194 0.9606147934678194 0.9606147934678194 0.9606147934678194 0.9606147934678194 0.0
10 0.090496 -10 0.7230657989877078 0.7230657989877078 0.7230657989877078 0.7230657989877078 0.7230657989877078 0.0
10 0.064 -10 0.3599712023038157 0.3599712023038157 0.3599712023038157 0.3599712023038157 0.3599712023038157 0.0
10 0.045249 -10 0.13351134846461948 0.13351134846461948 0.13351134846461948 0.13351134846461948 0.13351134846461948 0.0
10 0.032 -10 0.039775665248001274 0.039775665248001274 0.039775665248001274 0.039775665248001274 0.039775665248001274 0.0
10 0.022624 -10 0.009025107850038808 0.009025107850038808 0.009025107850038808 0.009025107850038808 0.009025107850038808 0.0
10 0.016 -10 0.0018961947164430422 0.0018961947164430422 0.0018961947164430422 0.0018961947164430422 0.0018961947164430422 0.0
10 0.011312 -10 0.00038976796723142745 0.00038976796723142745 0.00038976796723142745 0.00038976796723142745 0.00038976796723142745 0.0
10 0.008 -10 7.799911065414032e-05 7.799911065414032e-05 7.799911065414032e-05 7.799911065414032e-05 7.799911065414032e-05 0.0
10 0.005656 -10 1.614648296016443e-05 1.614648296016443e-05 1.614648296016443e-05 1.614648296016443e-05 1.614648296016443e-05 0.0
10 0.004 -10 3.4742915488719698e-06 3.4742915488719698e-06 3.4742915488719698e-06 3.4742915488719698e-06 3.4742915488719698e-06 0.0
10 0.002828 -10 9.380909609543765e-07 9.380909609543765e-07 9.380909609543765e-07 9.380909609543765e-07 9.380909609543765e-07 0.0
10 0.002 -10 2.7540192666671307e-07 2.7540192666671307e-07 2.7540192666671307e-07 2.7540192666671307e-07 2.7540192666671307e-07 0.0
