5 0.362 -10 0.999000999000999 0.999000999000999 0.999000999000999 0.999000999000999 0.999000999000999 0.0
5 0.256 -10 0.9746588693957114 0.9746588693957114 0.9746588693957114 0.9746588693957114 0.9746588693957114 0.0
5 0.181 -10 0.9066183136899365 0.9066183136899365 0.9066183136899365 0.9066183136899365 0.9066183136899365 0.0
5 0.128 -10 0.7535795026375283 0.7535795026375283 0.7535795026375283 0.7535795026375283 0.7535795026375283 0.0
5 0.090496 -10 0.5194805194805194 0.5194805194805194 0.5194805194805194 0.5194805194805194 0.5194805194805194 0.0
5 0.064 -10 0.3331112591605596 0.3331112591605596 0.3331112591605596 0.3331112591605596 0.3331112591605596 0.0
5 0.045249 -10 0.17088174982911825 0.17088174982911825 0.17088174982911825 0.17088174982911825 0.17088174982911825 0.0
5 0.032 -10 0.09058791557206268 0.09058791557206268 0.09058791557206268 0.09058791557206268 0.09058791557206268 0.0
5 0.022624 -10 0.046140358971992805 0.046140358971992805 0.046140358971992805 0.046140358971992805 0.046140358971992805 0.0
5 0.016 -10 0.022587129853409528 0.022587129853409528 0.022587129853409528 0.022587129853409528 0.022587129853409528 0.0
5 0.011312 -10 0.010865903880214276 0.010865903880214276 0.010865903880214276 0.010865903880214276 0.010865903880214276 0.0
5 0.008 -10 0.004771128944530855 0.004771128944530855 0.004771128944530855 0.004771128944530855 0.004771128944530855 0.0
5 0.005656 -10 0.002307342656535894 0.002307342656535894 0.002307342656535894 0.002307342656535894 0.002307342656535894 0.0
5 0.004 -10 0.0010837441626830038 0.0010837441626830038 0.0010837441626830038 0.0010837441626830038 0.0010837441626830038 0.0
5 0.002828 -10 0.0005098627857271052 0.0005098627857271052 0.0005098627857271052 0.0005098627857271052 0.0005098627857271052 0.0
5 0.002 -10 0.00022776656660122174 0.00022776656660122174 0.00022776656660122174 0.00022776656660122174 0.00022776656660122174 0.0
