10 0.362 -10 1.0 1.0 1.0 1.0 1.0 0.0
10 0.256 -10 1.0 1.0 1.0 1.0 1.0 0.0
10 0.181 -10 0.9970089730807578 0.9970089730807578 0.9970089730807578 0.9970089730807578 0.9970089730807578 0.0
10 0.128 -10 0.9025270758122743 0.9025270758122743 0.9025270758122743 0.9025270758122743 0.9025270758122743 0.0
10 0.090496 -10 0.5614823133071308 0.5614823133071308 0.5614823133071308 0.5614823133071308 0.5614823133071308 0.0
10 0.064 -10 0.2013693113169553 0.2013693113169553 0.2013693113169553 0.2013693113169553 0.2013693113169553 0.0
10 0.045249 -10 0.0537605505080372 0.0537605505080372 0.0537605505080372 0.0537605505080372 0.0537605505080372 0.0
10 0.032 -10 0.010658026559802187 0.010658026559802187 0.010658026559802187 0.010658026559802187 0.010658026559802187 0.0
10 0.022624 -10 0.0018496493989564279 0.0018496493989564279 0.0018496493989564279 0.0018496493989564279 0.0018496493989564279 0.0
10 0.016 -10 0.0003136454921458464 0.0003136454921458464 0.0003136454921458464 0.0003136454921458464 0.0003136454921458464 0.0
10 0.011312 -10 5.106141099733097e-05 5.106141099733097e-05 5.106141099733097e-05 5.106141099733097e-05 5.106141099733097e-05 0.0
10 0.008 -10 9.099069467282603e-06 9.099069467282603e-06 9.099069467282603e-06 9.099069467282603e-06 9.099069467282603e-06 0.0
10 0.005656 -10 1.6629871883317342e-06 1.6629871883317342e-06 1.6629871883317342e-06 1.6629871883317342e-06 1.6629871883317342e-06 0.0
10 0.004 -10 3.1665742612270867e-07 3.1665742612270867e-07 3.1665742612270867e-07 3.1665742612270867e-07 3.1665742612270867e-07 0.0
10 0.002828 -10 6.052263653764863e-08 6.052263653764863e-08 6.052263653764863e-08 6.052263653764863e-08 6.052263653764863e-08 0.0
10 0.002 -10 1.2446167520419182e-08 1.2446167520419182e-08 1.2446167520419182e-08 1.2446167520419182e-08 1.2446167520419182e-08 0.0
