6 0.362 -10 1.0 1.0 1.0 1.0 1.0 0.0
6 0.256 -10 0.9689922480620154 0.9689922480620154 0.9689922480620154 0.9689922480620154 0.9689922480620154 0.0
6 0.181 -10 0.8340283569641368 0.8340283569641368 0.8340283569641368 0.8340283569641368 0.8340283569641368 0.0
6 0.128 -10 0.6119951040391677 0.6119951040391677 0.6119951040391677 0.6119951040391677 0.6119951040391677 0.0
6 0.090496 -10 0.3487966515521451 0.3487966515521451 0.3487966515521451 0.3487966515521451 0.3487966515521451 0.0
6 0.064 -10 0.18261504747991233 0.18261504747991233 0.18261504747991233 0.18261504747991233 0.18261504747991233 0.0
6 0.045249 -10 0.08103727714748785 0.08103727714748785 0.08103727714748785 0.08103727714748785 0.08103727714748785 0.0
6 0.032 -10 0.03523980688585827 0.03523980688585827 0.03523980688585827 0.03523980688585827 0.03523980688585827 0.0
6 0.022624 -10 0.01329097941227289 0.01329097941227289 0.01329097941227289 0.01329097941227289 0.01329097941227289 0.0
6 0.016 -10 0.005141573218573419 0.005141573218573419 0.005141573218573419 0.005141573218573419 0.005141573218573419 0.0
6 0.011312 -10 0.0018248341681949653 0.0018248341681949653 0.0018248341681949653 0.0018248341681949653 0.0018248341681949653 0.0
6 0.008 -10 0.0006626716402382172 0.0006626716402382172 0.0006626716402382172 0.0006626716402382172 0.0006626716402382172 0.0
6 0.005656 -10 0.00027946989033322036 0.00027946989033322036 0.00027946989033322036 0.00027946989033322036 0.00027946989033322036 0.0
6 0.004 -10 8.858336682522794e-05 8.858336682522794e-05 8.858336682522794e-05 8.858336682522794e-05 8.858336682522794e-05 0.0
6 0.002828 -10 3.040952260820286e-05 3.040952260820286e-05 3.040952260820286e-05 3.040952260820286e-05 3.040952260820286e-05 0.0
6 0.002 -10 1.553841316379557e-05 1.553841316379557e-05 1.553841316379557e-05 1.553841316379557e-05 1.553841316379557e-05 0.0
