8 0.362 -10 1.0 1.0 1.0 1.0 1.0 0.0
8 0.256 -10 1.0 1.0 1.0 1.0 1.0 0.0
8 0.181 -10 0.9523809523809523 0.9523809523809523 0.9523809523809523 0.9523809523809523 0.9523809523809523 0.0
8 0.128 -10 0.727802037845706 0.727802037845706 0.727802037845706 0.727802037845706 0.727802037845706 0.0
8 0.090496 -10 0.41254125412541254 0.41254125412541254 0.41254125412541254 0.41254125412541254 0.41254125412541254 0.0
8 0.064 -10 0.1808972503617945 0.1808972503617945 0.1808972503617945 0.1808972503617945 0.1808972503617945 0.0
8 0.045249 -10 0.07090187180941576 0.07090187180941576 0.07090187180941576 0.07090187180941576 0.07090187180941576 0.0
8 0.032 -10 0.021597805662944645 0.021597805662944645 0.021597805662944645 0.021597805662944645 0.021597805662944645 0.0
8 0.022624 -10 0.006830647750326164 0.006830647750326164 0.006830647750326164 0.006830647750326164 0.006830647750326164 0.0
8 0.016 -10 0.0022066822752659604 0.0022066822752659604 0.0022066822752659604 0.0022066822752659604 0.0022066822752659604 0.0
8 0.011312 -10 0.0006630037917186849 0.0006630037917186849 0.0006630037917186849 0.0006630037917186849 0.0006630037917186849 0.0
8 0.008 -10 0.00021029313390814858 0.00021029313390814858 0.00021029313390814858 0.00021029313390814858 0.00021029313390814858 0.0
8 0.005656 -10 6.629140428528851e-05 6.629140428528851e-05 6.629140428528851e-05 6.629140428528851e-05 6.629140428528851e-05 0.0
8 0.004 -10 2.3292993362778007e-05 2.3292993362778007e-05 2.3292993362778007e-05 2.3292993362778007e-05 2.3292993362778007e-05 0.0
8 0.002828 -10 7.221156973192553e-06 7.221156973192553e-06 7.221156973192553e-06 7.221156973192553e-06 7.221156973192553e-06 0.0
8 0.002 -10 6.0463996232754435e-06 6.0463996232754435e-06 6.0463996232754435e-06 6.0463996232754435e-06 6.0463996232754435e-06 0.0
