6 0.362 -10 1.0 1.0 1.0 1.0 1.0 0.0
6 0.256 -10 0.9794319294809011 0.9794319294809011 0.9794319294809011 0.9794319294809011 0.9794319294809011 0.0
6 0.181 -10 0.8438818565400844 0.8438818565400844 0.8438818565400844 0.8438818565400844 0.8438818565400844 0.0
6 0.128 -10 0.6176652254478073 0.6176652254478073 0.6176652254478073 0.6176652254478073 0.6176652254478073 0.0
6 0.090496 -10 0.3675119441381845 0.3675119441381845 0.3675119441381845 0.3675119441381845 0.3675119441381845 0.0
6 0.064 -10 0.19000570017100513 0.19000570017100513 0.19000570017100513 0.19000570017100513 0.19000570017100513 0.0
6 0.045249 -10 0.08956560680698612 0.08956560680698612 0.08956560680698612 0.08956560680698612 0.08956560680698612 0.0
6 0.032 -10 0.04482897745102434 0.04482897745102434 0.04482897745102434 0.04482897745102434 0.04482897745102434 0.0
6 0.022624 -10 0.01724435247456458 0.01724435247456458 0.01724435247456458 0.01724435247456458 0.01724435247456458 0.0
6 0.016 -10 0.006584058677130931 0.006584058677130931 0.006584058677130931 0.006584058677130931 0.006584058677130931 0.0
6 0.011312 -10 0.002392562003244314 0.002392562003244314 0.002392562003244314 0.002392562003244314 0.002392562003244314 0.0
6 0.008 -10 0.0008291963346205224 0.0008291963346205224 0.0008291963346205224 0.0008291963346205224 0.0008291963346205224 0.0
6 0.005656 -10 0.0002620146833028523 0.0002620146833028523 0.0002620146833028523 0.0002620146833028523 0.0002620146833028523 0.0
6 0.004 -10 0.00011410870885653602 0.00011410870885653602 0.00011410870885653602 0.00011410870885653602 0.00011410870885653602 0.0
6 0.002828 -10 3.546439723841576e-05 3.546439723841576e-05 3.546439723841576e-05 3.546439723841576e-05 3.546439723841576e-05 0.0
6 0.002 -10 1.6071158719454574e-05 1.6071158719454574e-05 1.6071158719454574e-05 1.6071158719454574e-05 1.6071158719454574e-05 0.0
