3 0.362 -10 0.5649717514124294 0.5649717514124294 0.5649717514124294 0.5649717514124294 0.5649717514124294 0.0
3 0.256 -10 0.4975124378109453 0.4975124378109453 0.4975124378109453 0.4975124378109453 0.4975124378109453 0.0
3 0.181 -10 0.4752851711026616 0.4752851711026616 0.4752851711026616 0.4752851711026616 0.4752851711026616 0.0
3 0.128 -10 0.3508771929824561 0.3508771929824561 0.3508771929824561 0.3508771929824561 0.3508771929824561 0.0
3 0.090496 -10 0.10622477161674103 0.10622477161674103 0.10622477161674103 0.10622477161674103 0.10622477161674103 0.0
3 0.064 -10 0.20181634712411706 0.20181634712411706 0.20181634712411706 0.20181634712411706 0.20181634712411706 0.0
3 0.045249 -10 0.03196522183863956 0.03196522183863956 0.03196522183863956 0.03196522183863956 0.03196522183863956 0.0
3 0.032 -10 0.015556454372919325 0.015556454372919325 0.015556454372919325 0.015556454372919325 0.015556454372919325 0.0
3 0.022624 -10 0.008507163031272332 0.008507163031272332 0.008507163031272332 0.008507163031272332 0.008507163031272332 0.0
3 0.016 -10 0.06741724533135576 0.06741724533135576 0.06741724533135576 0.06741724533135576 0.06741724533135576 0.0
3 0.011312 -10 0.0022276974074057574 0.0022276974074057574 0.0022276974074057574 0.0022276974074057574 0.0022276974074057574 0.0
3 0.008 -10 0.03038128512836093 0.03038128512836093 0.03038128512836093 0.03038128512836093 0.03038128512836093 0.0
3 0.005656 -10 0.0005859384155287743 0.0005859384155287743 0.0005859384155287743 0.0005859384155287743 0.0005859384155287743 0.0
3 0.004 -10 0.01616318350062228 0.01616318350062228 0.01616318350062228 0.01616318350062228 0.01616318350062228 0.0
3 0.002828 -10 0.0001569572887825765 0.0001569572887825765 0.0001569572887825765 0.0001569572887825765 0.0001569572887825765 0.0
3 0.002 -10 0.007833920877399139 0.007833920877399139 0.007833920877399139 0.007833920877399139 0.007833920877399139 0.0
