7 0.362 -10 1.0 1.0 1.0 1.0 1.0 0.0
7 0.256 -10 0.999000999000999 0.999000999000999 0.999000999000999 0.999000999000999 0.999000999000999 0.0
7 0.181 -10 0.9794319294809011 0.9794319294809011 0.9794319294809011 0.9794319294809011 0.9794319294809011 0.0
7 0.128 -10 0.9049773755656109 0.9049773755656109 0.9049773755656109 0.9049773755656109 0.9049773755656109 0.0
7 0.090496 -10 0.779423226812159 0.779423226812159 0.779423226812159 0.779423226812159 0.779423226812159 0.0
7 0.064 -10 0.6049606775559588 0.6049606775559588 0.6049606775559588 0.6049606775559588 0.6049606775559588 0.0
7 0.045249 -10 0.45454545454545453 0.45454545454545453 0.45454545454545453 0.45454545454545453 0.45454545454545453 0.0
7 0.032 -10 0.35765379113018597 0.35765379113018597 0.35765379113018597 0.35765379113018597 0.35765379113018597 0.0
7 0.022624 -10 0.25621316935690497 0.25621316935690497 0.25621316935690497 0.25621316935690497 0.25621316935690497 0.0
7 0.016 -10 0.1793400286944046 0.1793400286944046 0.1793400286944046 0.1793400286944046 0.1793400286944046 0.0
7 0.011312 -10 0.13340448239060831 0.13340448239060831 0.13340448239060831 0.13340448239060831 0.13340448239060831 0.0
7 0.008 -10 0.09930486593843098 0.09930486593843098 0.09930486593843098 0.09930486593843098 0.09930486593843098 0.0
7 0.005656 -10 0.06712760958582265 0.06712760958582265 0.06712760958582265 0.06712760958582265 0.06712760958582265 0.0
7 0.004 -10 0.05012028869286287 0.05012028869286287 0.05012028869286287 0.05012028869286287 0.05012028869286287 0.0
7 0.002828 -10 0.033097239690209834 0.033097239690209834 0.033097239690209834 0.033097239690209834 0.033097239690209834 0.0
7 0.002 -10 0.02450439853953785 0.02450439853953785 0.02450439853953785 0.02450439853953785 0.02450439853953785 0.0
