3 0.362 -10 0.47778308647873863 0.47778308647873863 0.47778308647873863 0.47778308647873863 0.47778308647873863 0.0
3 0.256 -10 0.39619651347068147 0.39619651347068147 0.39619651347068147 0.39619651347068147 0.39619651347068147 0.0
3 0.181 -10 0.26659557451346305 0.26659557451346305 0.26659557451346305 0.26659557451346305 0.26659557451346305 0.0
3 0.128 -10 0.182882223847842 0.182882223847842 0.182882223847842 0.182882223847842 0.182882223847842 0.0
3 0.090496 -10 0.10565240359218173 0.10565240359218173 0.10565240359218173 0.10565240359218173 0.10565240359218173 0.0
3 0.064 -10 0.05489980785067252 0.05489980785067252 0.05489980785067252 0.05489980785067252 0.05489980785067252 0.0
3 0.045249 -10 0.02929458636044059 0.02929458636044059 0.02929458636044059 0.02929458636044059 0.02929458636044059 0.0
3 0.032 -10 0.015766156368738866 0.015766156368738866 0.015766156368738866 0.015766156368738866 0.015766156368738866 0.0
3 0.022624 -10 0.00865134225575098 0.00865134225575098 0.00865134225575098 0.00865134225575098 0.00865134225575098 0.0
3 0.016 -10 0.004315553253927153 0.004315553253927153 0.004315553253927153 0.004315553253927153 0.004315553253927153 0.0
3 0.011312 -10 0.002257927583746534 0.002257927583746534 0.002257927583746534 0.002257927583746534 0.002257927583746534 0.0
3 0.008 -10 0.0011295146701365358 0.0011295146701365358 0.0011295146701365358 0.0011295146701365358 0.0011295146701365358 0.0
3 0.005656 -10 0.000560913526205319 0.000560913526205319 0.000560913526205319 0.000560913526205319 0.000560913526205319 0.0
3 0.004 -10 0.00027899769520003996 0.00027899769520003996 0.00027899769520003996 0.00027899769520003996 0.00027899769520003996 0.0
3 0.002828 -10 0.00014269082650664747 0.00014269082650664747 0.00014269082650664747 0.00014269082650664747 0.00014269082650664747 0.0
3 0.002 -10 7.032784520616221e-05 7.032784520616221e-05 7.032784520616221e-05 7.032784520616221e-05 7.032784520616221e-05 0.0
