9 0.362 -10 1.0 1.0 1.0 1.0 1.0 0.0
9 0.256 -10 1.0 1.0 1.0 1.0 1.0 0.0
9 0.181 -10 0.999000999000999 0.999000999000999 0.999000999000999 0.999000999000999 0.999000999000999 0.0
9 0.128 -10 0.975609756097561 0.975609756097561 0.975609756097561 0.975609756097561 0.975609756097561 0.0
9 0.090496 -10 0.9000900090009001 0.9000900090009001 0.9000900090009001 0.9000900090009001 0.9000900090009001 0.0
9 0.064 -10 0.7288629737609329 0.7288629737609329 0.7288629737609329 0.7288629737609329 0.7288629737609329 0.0
9 0.045249 -10 0.5991611743559018 0.5991611743559018 0.5991611743559018 0.5991611743559018 0.5991611743559018 0.0
9 0.032 -10 0.44563279857397503 0.44563279857397503 0.44563279857397503 0.44563279857397503 0.44563279857397503 0.0
9 0.022624 -10 0.32819166393173616 0.32819166393173616 0.32819166393173616 0.32819166393173616 0.32819166393173616 0.0
9 0.016 -10 0.23164234422052352 0.23164234422052352 0.23164234422052352 0.23164234422052352 0.23164234422052352 0.0
9 0.011312 -10 0.18057060310581438 0.18057060310581438 0.18057060310581438 0.18057060310581438 0.18057060310581438 0.0
9 0.008 -10 0.12575452716297786 0.12575452716297786 0.12575452716297786 0.12575452716297786 0.12575452716297786 0.0
9 0.005656 -10 0.08737439930100481 0.08737439930100481 0.08737439930100481 0.08737439930100481 0.08737439930100481 0.0
9 0.004 -10 0.0666045024643666 0.0666045024643666 0.0666045024643666 0.0666045024643666 0.0666045024643666 0.0
9 0.002828 -10 0.04518957024718695 0.04518957024718695 0.04518957024718695 0.04518957024718695 0.04518957024718695 0.0
9 0.002 -10 0.03232479958624256 0.03232479958624256 0.03232479958624256 0.03232479958624256 0.03232479958624256 0.0
