5 0.362 -10 0.7385524372230429 0.7385524372230429 0.7385524372230429 0.7385524372230429 0.7385524372230429 0.0
5 0.256 -10 0.7836990595611285 0.7836990595611285 0.7836990595611285 0.7836990595611285 0.7836990595611285 0.0
5 0.181 -10 0.704721634954193 0.704721634954193 0.704721634954193 0.704721634954193 0.704721634954193 0.0
5 0.128 -10 0.6101281269066504 0.6101281269066504 0.6101281269066504 0.6101281269066504 0.6101281269066504 0.0
5 0.090496 -10 0.3056234718826406 0.3056234718826406 0.3056234718826406 0.3056234718826406 0.3056234718826406 0.0
5 0.064 -10 0.4061738424045491 0.4061738424045491 0.4061738424045491 0.4061738424045491 0.4061738424045491 0.0
5 0.045249 -10 0.16339869281045752 0.16339869281045752 0.16339869281045752 0.16339869281045752 0.16339869281045752 0.0
5 0.032 -10 0.11409013120365089 0.11409013120365089 0.11409013120365089 0.11409013120365089 0.11409013120365089 0.0
5 0.022624 -10 0.08316008316008316 0.08316008316008316 0.08316008316008316 0.08316008316008316 0.08316008316008316 0.0
5 0.016 -10 0.12262415695892091 0.12262415695892091 0.12262415695892091 0.12262415695892091 0.12262415695892091 0.0
5 0.011312 -10 0.04230655328510386 0.04230655328510386 0.04230655328510386 0.04230655328510386 0.04230655328510386 0.0
5 0.008 -10 0.06563402467839329 0.06563402467839329 0.06563402467839329 0.06563402467839329 0.06563402467839329 0.0
5 0.005656 -10 0.023042536522420387 0.023042536522420387 0.023042536522420387 0.023042536522420387 0.023042536522420387 0.0
5 0.004 -10 0.032554202747574715 0.032554202747574715 0.032554202747574715 0.032554202747574715 0.032554202747574715 0.0
5 0.002828 -10 0.011272178010235138 0.011272178010235138 0.011272178010235138 0.011272178010235138 0.011272178010235138 0.0
5 0.002 -10 0.01635483448907497 0.01635483448907497 0.01635483448907497 0.01635483448907497 0.01635483448907497 0.0
