7 0.362 -10 0.5022601707684581 0.5022601707684581 0.5022601707684581 0.5022601707684581 0.5022601707684581 0.0
7 0.256 -10 0.4662004662004662 0.4662004662004662 0.4662004662004662 0.4662004662004662 0.4662004662004662 0.0
7 0.181 -10 0.37650602409638556 0.37650602409638556 0.37650602409638556 0.37650602409638556 0.37650602409638556 0.0
7 0.128 -10 0.22609088853719195 0.22609088853719195 0.22609088853719195 0.22609088853719195 0.22609088853719195 0.0
7 0.090496 -10 0.10662117496534812 0.10662117496534812 0.10662117496534812 0.10662117496534812 0.10662117496534812 0.0
7 0.064 -10 0.04264937945152898 0.04264937945152898 0.04264937945152898 0.04264937945152898 0.04264937945152898 0.0
7 0.045249 -10 0.014388282182990172 0.014388282182990172 0.014388282182990172 0.014388282182990172 0.014388282182990172 0.0
7 0.032 -10 0.0042132405296885994 0.0042132405296885994 0.0042132405296885994 0.0042132405296885994 0.0042132405296885994 0.0
7 0.022624 -10 0.0013284940722594497 0.0013284940722594497 0.0013284940722594497 0.0013284940722594497 0.0013284940722594497 0.0
7 0.016 -10 0.00042394833256881315 0.00042394833256881315 0.00042394833256881315 0.00042394833256881315 0.00042394833256881315 0.0
7 0.011312 -10 0.00014114728465088207 0.00014114728465088207 0.00014114728465088207 0.00014114728465088207 0.00014114728465088207 0.0
7 0.008 -10 4.517593315407523e-05 4.517593315407523e-05 4.517593315407523e-05 4.517593315407523e-05 4.517593315407523e-05 0.0
7 0.005656 -10 1.5502340396080766e-05 1.5502340396080766e-05 1.5502340396080766e-05 1.5502340396080766e-05 1.5502340396080766e-05 0.0
7 0.004 -10 4.869555776381253e-06 4.869555776381253e-06 4.869555776381253e-06 4.869555776381253e-06 4.869555776381253e-06 0.0
7 0.002828 -10 1.62253300103944e-06 1.62253300103944e-06 1.62253300103944e-06 1.62253300103944e-06 1.62253300103944e-06 0.0
7 0.002 -10 5.80036258124499e-07 5.80036258124499e-07 5.80036258124499e-07 5.80036258124499e-07 5.80036258124499e-07 0.0
