7 0.362 -10 0.7936507936507936 0.7936507936507936 0.7936507936507936 0.7936507936507936 0.7936507936507936 0.0
7 0.256 -10 0.8410428931875525 0.8410428931875525 0.8410428931875525 0.8410428931875525 0.8410428931875525 0.0
7 0.181 -10 0.8064516129032258 0.8064516129032258 0.8064516129032258 0.8064516129032258 0.8064516129032258 0.0
7 0.128 -10 0.7598784194528876 0.7598784194528876 0.7598784194528876 0.7598784194528876 0.7598784194528876 0.0
7 0.090496 -10 0.5065856129685917 0.5065856129685917 0.5065856129685917 0.5065856129685917 0.5065856129685917 0.0
7 0.064 -10 0.5437737901033171 0.5437737901033171 0.5437737901033171 0.5437737901033171 0.5437737901033171 0.0
7 0.045249 -10 0.2655337227827934 0.2655337227827934 0.2655337227827934 0.2655337227827934 0.2655337227827934 0.0
7 0.032 -10 0.17962996227770792 0.17962996227770792 0.17962996227770792 0.17962996227770792 0.17962996227770792 0.0
7 0.022624 -10 0.13315579227696406 0.13315579227696406 0.13315579227696406 0.13315579227696406 0.13315579227696406 0.0
7 0.016 -10 0.16561775422325273 0.16561775422325273 0.16561775422325273 0.16561775422325273 0.16561775422325273 0.0
7 0.011312 -10 0.06659563132658497 0.06659563132658497 0.06659563132658497 0.06659563132658497 0.06659563132658497 0.0
7 0.008 -10 0.09072763563781527 0.09072763563781527 0.09072763563781527 0.09072763563781527 0.09072763563781527 0.0
7 0.005656 -10 0.045762401610836535 0.045762401610836535 0.045762401610836535 0.045762401610836535 0.045762401610836535 0.0
7 0.004 -10 0.04551868542036506 0.04551868542036506 0.04551868542036506 0.04551868542036506 0.04551868542036506 0.0
7 0.002828 -10 0.016714581801163336 0.016714581801163336 0.016714581801163336 0.016714581801163336 0.016714581801163336 0.0
7 0.002 -10 0.02343402151243175 0.02343402151243175 0.02343402151243175 0.02343402151243175 0.02343402151243175 0.0
