3 0.362 -10 0.7251631617113851 0.7251631617113851 0.7251631617113851 0.7251631617113851 0.7251631617113851 0.0
3 0.256 -10 0.6793478260869565 0.6793478260869565 0.6793478260869565 0.6793478260869565 0.6793478260869565 0.0
3 0.181 -10 0.5521811154058531 0.5521811154058531 0.5521811154058531 0.5521811154058531 0.5521811154058531 0.0
3 0.128 -10 0.4244482173174873 0.4244482173174873 0.4244482173174873 0.4244482173174873 0.4244482173174873 0.0
3 0.090496 -10 0.31665611146295125 0.31665611146295125 0.31665611146295125 0.31665611146295125 0.31665611146295125 0.0
3 0.064 -10 0.23889154323936931 0.23889154323936931 0.23889154323936931 0.23889154323936931 0.23889154323936931 0.0
3 0.045249 -10 0.1670843776106934 0.1670843776106934 0.1670843776106934 0.1670843776106934 0.1670843776106934 0.0
3 0.032 -10 0.1218769043266301 0.1218769043266301 0.1218769043266301 0.1218769043266301 0.1218769043266301 0.0
3 0.022624 -10 0.08899172376968942 0.08899172376968942 0.08899172376968942 0.08899172376968942 0.08899172376968942 0.0
3 0.016 -10 0.06536374926465782 0.06536374926465782 0.06536374926465782 0.06536374926465782 0.06536374926465782 0.0
3 0.011312 -10 0.044111160123511246 0.044111160123511246 0.044111160123511246 0.044111160123511246 0.044111160123511246 0.0
3 0.008 -10 0.033463842318374994 0.033463842318374994 0.033463842318374994 0.033463842318374994 0.033463842318374994 0.0
3 0.005656 -10 0.023494032515741003 0.023494032515741003 0.023494032515741003 0.023494032515741003 0.023494032515741003 0.0
3 0.004 -10 0.0166118475696867 0.0166118475696867 0.0166118475696867 0.0166118475696867 0.0166118475696867 0.0
3 0.002828 -10 0.01096274858032406 0.01096274858032406 0.01096274858032406 0.01096274858032406 0.01096274858032406 0.0
3 0.002 -10 0.008138418217035337 0.008138418217035337 0.008138418217035337 0.008138418217035337 0.008138418217035337 0.0
