7 0.362 -10 0.7987220447284346 0.7987220447284346 0.7987220447284346 0.7987220447284346 0.7987220447284346 0.0
7 0.256 -10 0.7917656373713381 0.7917656373713381 0.7917656373713381 0.7917656373713381 0.7917656373713381 0.0
7 0.181 -10 0.7153075822603719 0.7153075822603719 0.7153075822603719 0.7153075822603719 0.7153075822603719 0.0
7 0.128 -10 0.45413260672116257 0.45413260672116257 0.45413260672116257 0.45413260672116257 0.45413260672116257 0.0
7 0.090496 -10 0.20588840848260243 0.20588840848260243 0.20588840848260243 0.20588840848260243 0.20588840848260243 0.0
7 0.064 -10 0.06391409945033874 0.06391409945033874 0.06391409945033874 0.06391409945033874 0.06391409945033874 0.0
7 0.045249 -10 0.01535320037461809 0.01535320037461809 0.01535320037461809 0.01535320037461809 0.01535320037461809 0.0
7 0.032 -10 0.0031920734432257817 0.0031920734432257817 0.0031920734432257817 0.0031920734432257817 0.0031920734432257817 0.0
7 0.022624 -10 0.000694048740266834 0.000694048740266834 0.000694048740266834 0.000694048740266834 0.000694048740266834 0.0
7 0.016 -10 0.00013148182382119315 0.00013148182382119315 0.00013148182382119315 0.00013148182382119315 0.00013148182382119315 0.0
7 0.011312 -10 2.5283642009519594e-05 2.5283642009519594e-05 2.5283642009519594e-05 2.5283642009519594e-05 2.5283642009519594e-05 0.0
7 0.008 -10 6.730848583590849e-06 6.730848583590849e-06 6.730848583590849e-06 6.730848583590849e-06 6.730848583590849e-06 0.0
7 0.005656 -10 1.4642257930937644e-06 1.4642257930937644e-06 1.4642257930937644e-06 1.4642257930937644e-06 1.4642257930937644e-06 0.0
7 0.004 -10 2.2901034582199414e-07 2.2901034582199414e-07 2.2901034582199414e-07 2.2901034582199414e-07 2.2901034582199414e-07 0.0
7 0.002828 -10 6.385070203686625e-08 6.385070203686625e-08 6.385070203686625e-08 6.385070203686625e-08 6.385070203686625e-08 0.0
7 0.002 -10 1.2133158084963298e-08 1.2133158084963298e-08 1.2133158084963298e-08 1.2133158084963298e-08 1.2133158084963298e-08 0.0
