3 0.362 -10 0.9980430528375733 0.9980430528375733 0.9980430528375733 0.9980430528375733 0.9980430528375733 0.0
3 0.256 -10 0.9902912621359223 0.9902912621359223 0.9902912621359223 0.9902912621359223 0.9902912621359223 0.0
3 0.181 -10 0.769811320754717 0.769811320754717 0.769811320754717 0.769811320754717 0.769811320754717 0.0
3 0.128 -10 0.4857142857142857 0.4857142857142857 0.4857142857142857 0.4857142857142857 0.4857142857142857 0.0
3 0.090496 -10 0.28829847371396267 0.28829847371396267 0.28829847371396267 0.28829847371396267 0.28829847371396267 0.0
3 0.064 -10 0.16737774860518542 0.16737774860518542 0.16737774860518542 0.16737774860518542 0.16737774860518542 0.0
3 0.045249 -10 0.07984344422700587 0.07984344422700587 0.07984344422700587 0.07984344422700587 0.07984344422700587 0.0
3 0.032 -10 0.04221679566243119 0.04221679566243119 0.04221679566243119 0.04221679566243119 0.04221679566243119 0.0
3 0.022624 -10 0.021778584392014518 0.021778584392014518 0.021778584392014518 0.021778584392014518 0.021778584392014518 0.0
3 0.016 -10 0.011448839401966506 0.011448839401966506 0.011448839401966506 0.011448839401966506 0.011448839401966506 0.0
3 0.011312 -10 0.005668619191054697 0.005668619191054697 0.005668619191054697 0.005668619191054697 0.005668619191054697 0.0
3 0.008 -10 0.0029944162943217646 0.0029944162943217646 0.0029944162943217646 0.0029944162943217646 0.0029944162943217646 0.0
3 0.005656 -10 0.0014502871426357404 0.0014502871426357404 0.0014502871426357404 0.0014502871426357404 0.0014502871426357404 0.0
3 0.004 -10 0.0007025204643522521 0.0007025204643522521 0.0007025204643522521 0.0007025204643522521 0.0007025204643522521 0.0
3 0.002828 -10 0.0003470594199752431 0.0003470594199752431 0.0003470594199752431 0.0003470594199752431 0.0003470594199752431 0.0
3 0.002 -10 0.0001769765329117359 0.0001769765329117359 0.0001769765329117359 0.0001769765329117359 0.0001769765329117359 0.0
