9 0.362 -10 0.8532423208191127 0.8532423208191127 0.8532423208191127 0.8532423208191127 0.8532423208191127 0.0
9 0.256 -10 0.8467400508044031 0.8467400508044031 0.8467400508044031 0.8467400508044031 0.8467400508044031 0.0
9 0.181 -10 0.8312551953449709 0.8312551953449709 0.8312551953449709 0.8312551953449709 0.8312551953449709 0.0
9 0.128 -10 0.6207324643078833 0.6207324643078833 0.6207324643078833 0.6207324643078833 0.6207324643078833 0.0
9 0.090496 -10 0.2773155851358846 0.2773155851358846 0.2773155851358846 0.2773155851358846 0.2773155851358846 0.0
9 0.064 -10 0.07982120051085569 0.07982120051085569 0.07982120051085569 0.07982120051085569 0.07982120051085569 0.0
9 0.045249 -10 0.018081874728771877 0.018081874728771877 0.018081874728771877 0.018081874728771877 0.018081874728771877 0.0
9 0.032 -10 0.0036052015848466166 0.0036052015848466166 0.0036052015848466166 0.0036052015848466166 0.0036052015848466166 0.0
9 0.022624 -10 0.0007045543095121172 0.0007045543095121172 0.0007045543095121172 0.0007045543095121172 0.0007045543095121172 0.0
9 0.016 -10 0.00011820501430398878 0.00011820501430398878 0.00011820501430398878 0.00011820501430398878 0.00011820501430398878 0.0
9 0.011312 -10 2.0213796065396726e-05 2.0213796065396726e-05 2.0213796065396726e-05 2.0213796065396726e-05 2.0213796065396726e-05 0.0
9 0.008 -10 7.2700837116697015e-06 7.2700837116697015e-06 7.2700837116697015e-06 7.2700837116697015e-06 7.2700837116697015e-06 0.0
9 0.005656 -10 1.6925389353095336e-06 1.6925389353095336e-06 1.6925389353095336e-06 1.6925389353095336e-06 1.6925389353095336e-06 0.0
9 0.004 -10 1.4636444823661292e-07 1.4636444823661292e-07 1.4636444823661292e-07 1.4636444823661292e-07 1.4636444823661292e-07 0.0
9 0.002828 -10 7.085012766101268e-08 7.085012766101268e-08 7.085012766101268e-08 7.085012766101268e-08 7.085012766101268e-08 0.0
