7 0.362 -10 1.0 1.0 1.0 1.0 1.0 0.0
7 0.256 -10 1.0 1.0 1.0 1.0 1.0 0.0
7 0.181 -10 0.9970089730807578 0.9970089730807578 0.9970089730807578 0.9970089730807578 0.9970089730807578 0.0
7 0.128 -10 0.949667616334283 0.949667616334283 0.949667616334283 0.949667616334283 0.949667616334283 0.0
7 0.090496 -10 0.7552870090634441 0.7552870090634441 0.7552870090634441 0.7552870090634441 0.7552870090634441 0.0
7 0.064 -10 0.5050505050505051 0.5050505050505051 0.5050505050505051 0.5050505050505051 0.5050505050505051 0.0
7 0.045249 -10 0.2658160552897395 0.2658160552897395 0.2658160552897395 0.2658160552897395 0.2658160552897395 0.0
7 0.032 -10 0.1301405517959396 0.1301405517959396 0.1301405517959396 0.1301405517959396 0.1301405517959396 0.0
7 0.022624 -10 0.0674900452183303 0.0674900452183303 0.0674900452183303 0.0674900452183303 0.0674900452183303 0.0
7 0.016 -10 0.0309377223648795 0.0309377223648795 0.0309377223648795 0.0309377223648795 0.0309377223648795 0.0
7 0.011312 -10 0.01592863969417012 0.01592863969417012 0.01592863969417012 0.01592863969417012 0.01592863969417012 0.0
7 0.008 -10 0.00919303535641398 0.00919303535641398 0.00919303535641398 0.00919303535641398 0.00919303535641398 0.0
7 0.005656 -10 0.005807032316134839 0.005807032316134839 0.005807032316134839 0.005807032316134839 0.005807032316134839 0.0
7 0.004 -10 0.0030257002983340494 0.0030257002983340494 0.0030257002983340494 0.0030257002983340494 0.0030257002983340494 0.0
7 0.002828 -10 0.001551539825700016 0.001551539825700016 0.001551539825700016 0.001551539825700016 0.001551539825700016 0.0
7 0.002 -10 0.0007834731049352538 0.0007834731049352538 0.0007834731049352538 0.0007834731049352538 0.0007834731049352538 0.0
