7 0.362 -10 0.7429420505200595 0.7429420505200595 0.7429420505200595 0.7429420505200595 0.7429420505200595 0.0
7 0.256 -10 0.7434944237918215 0.7434944237918215 0.7434944237918215 0.7434944237918215 0.7434944237918215 0.0
7 0.181 -10 0.6688963210702341 0.6688963210702341 0.6688963210702341 0.6688963210702341 0.6688963210702341 0.0
7 0.128 -10 0.42462845010615713 0.42462845010615713 0.42462845010615713 0.42462845010615713 0.42462845010615713 0.0
7 0.090496 -10 0.16747613465081226 0.16747613465081226 0.16747613465081226 0.16747613465081226 0.16747613465081226 0.0
7 0.064 -10 0.05009518084360284 0.05009518084360284 0.05009518084360284 0.05009518084360284 0.05009518084360284 0.0
7 0.045249 -10 0.01147710317915758 0.01147710317915758 0.01147710317915758 0.01147710317915758 0.01147710317915758 0.0
7 0.032 -10 0.0022654880087719697 0.0022654880087719697 0.0022654880087719697 0.0022654880087719697 0.0022654880087719697 0.0
7 0.022624 -10 0.0004748144187844181 0.0004748144187844181 0.0004748144187844181 0.0004748144187844181 0.0004748144187844181 0.0
7 0.016 -10 9.359678206775508e-05 9.359678206775508e-05 9.359678206775508e-05 9.359678206775508e-05 9.359678206775508e-05 0.0
7 0.011312 -10 1.9182597670162253e-05 1.9182597670162253e-05 1.9182597670162253e-05 1.9182597670162253e-05 1.9182597670162253e-05 0.0
7 0.008 -10 4.285539772412553e-06 4.285539772412553e-06 4.285539772412553e-06 4.285539772412553e-06 4.285539772412553e-06 0.0
7 0.005656 -10 8.69330489087976e-07 8.69330489087976e-07 8.69330489087976e-07 8.69330489087976e-07 8.69330489087976e-07 0.0
7 0.004 -10 1.9463432399247102e-07 1.9463432399247102e-07 1.9463432399247102e-07 1.9463432399247102e-07 1.9463432399247102e-07 0.0
7 0.002828 -10 4.030095203260185e-08 4.030095203260185e-08 4.030095203260185e-08 4.030095203260185e-08 4.030095203260185e-08 0.0
7 0.002 -10 1.0163563367247088e-08 1.0163563367247088e-08 1.0163563367247088e-08 1.0163563367247088e-08 1.0163563367247088e-08 0.0
