9 0.362 -10 0.7507507507507507 0.7507507507507507 0.7507507507507507 0.7507507507507507 0.7507507507507507 0.0
9 0.256 -10 0.7473841554559043 0.7473841554559043 0.7473841554559043 0.7473841554559043 0.7473841554559043 0.0
9 0.181 -10 0.6839945280437757 0.6839945280437757 0.6839945280437757 0.6839945280437757 0.6839945280437757 0.0
9 0.128 -10 0.49261083743842365 0.49261083743842365 0.49261083743842365 0.49261083743842365 0.49261083743842365 0.0
9 0.090496 -10 0.18480872297172427 0.18480872297172427 0.18480872297172427 0.18480872297172427 0.18480872297172427 0.0
9 0.064 -10 0.047232193463064426 0.047232193463064426 0.047232193463064426 0.047232193463064426 0.047232193463064426 0.0
9 0.045249 -10 0.009421696282198647 0.009421696282198647 0.009421696282198647 0.009421696282198647 0.009421696282198647 0.0
9 0.032 -10 0.0014983989607104807 0.0014983989607104807 0.0014983989607104807 0.0014983989607104807 0.0014983989607104807 0.0
9 0.022624 -10 0.00023330607540685664 0.00023330607540685664 0.00023330607540685664 0.00023330607540685664 0.00023330607540685664 0.0
9 0.016 -10 4.139016655734144e-05 4.139016655734144e-05 4.139016655734144e-05 4.139016655734144e-05 4.139016655734144e-05 0.0
9 0.011312 -10 6.784115214031678e-06 6.784115214031678e-06 6.784115214031678e-06 6.784115214031678e-06 6.784115214031678e-06 0.0
9 0.008 -10 1.151304499493936e-06 1.151304499493936e-06 1.151304499493936e-06 1.151304499493936e-06 1.151304499493936e-06 0.0
9 0.005656 -10 1.877313463246898e-07 1.877313463246898e-07 1.877313463246898e-07 1.877313463246898e-07 1.877313463246898e-07 0.0
9 0.004 -10 3.29475404870106e-08 3.29475404870106e-08 3.29475404870106e-08 3.29475404870106e-08 3.29475404870106e-08 0.0
