5 0.362 -10 1.0 1.0 1.0 1.0 1.0 0.0
5 0.256 -10 0.9990205680705191 0.9990205680705191 0.9990205680705191 0.9990205680705191 0.9990205680705191 0.0
5 0.181 -10 0.9695817490494296 0.9695817490494296 0.9695817490494296 0.9695817490494296 0.9695817490494296 0.0
5 0.128 -10 0.7876447876447876 0.7876447876447876 0.7876447876447876 0.7876447876447876 0.7876447876447876 0.0
5 0.090496 -10 0.5204081632653061 0.5204081632653061 0.5204081632653061 0.5204081632653061 0.5204081632653061 0.0
5 0.064 -10 0.26934248745709005 0.26934248745709005 0.26934248745709005 0.26934248745709005 0.26934248745709005 0.0
5 0.045249 -10 0.14767627045026785 0.14767627045026785 0.14767627045026785 0.14767627045026785 0.14767627045026785 0.0
5 0.032 -10 0.0704079519569269 0.0704079519569269 0.0704079519569269 0.0704079519569269 0.0704079519569269 0.0
5 0.022624 -10 0.03446295232624928 0.03446295232624928 0.03446295232624928 0.03446295232624928 0.03446295232624928 0.0
5 0.016 -10 0.016411906677393402 0.016411906677393402 0.016411906677393402 0.016411906677393402 0.016411906677393402 0.0
5 0.011312 -10 0.010181876260256743 0.010181876260256743 0.010181876260256743 0.010181876260256743 0.010181876260256743 0.0
5 0.008 -10 0.005931232591541597 0.005931232591541597 0.005931232591541597 0.005931232591541597 0.005931232591541597 0.0
5 0.005656 -10 0.0032867919299591083 0.0032867919299591083 0.0032867919299591083 0.0032867919299591083 0.0032867919299591083 0.0
5 0.004 -10 0.0016422897747136156 0.0016422897747136156 0.0016422897747136156 0.0016422897747136156 0.0016422897747136156 0.0
5 0.002828 -10 0.0007785982610277651 0.0007785982610277651 0.0007785982610277651 0.0007785982610277651 0.0007785982610277651 0.0
5 0.002 -10 0.00040871030451750334 0.00040871030451750334 0.00040871030451750334 0.00040871030451750334 0.00040871030451750334 0.0
