3 0.362 -10 0.753880266075388 0.753880266075388 0.753880266075388 0.753880266075388 0.753880266075388 0.0
3 0.256 -10 0.6666666666666666 0.6666666666666666 0.6666666666666666 0.6666666666666666 0.6666666666666666 0.0
3 0.181 -10 0.5391120507399577 0.5391120507399577 0.5391120507399577 0.5391120507399577 0.5391120507399577 0.0
3 0.128 -10 0.3433187478963312 0.3433187478963312 0.3433187478963312 0.3433187478963312 0.3433187478963312 0.0
3 0.090496 -10 0.18478260869565216 0.18478260869565216 0.18478260869565216 0.18478260869565216 0.18478260869565216 0.0
3 0.064 -10 0.10721042673954173 0.10721042673954173 0.10721042673954173 0.10721042673954173 0.10721042673954173 0.0
3 0.045249 -10 0.05278410267025461 0.05278410267025461 0.05278410267025461 0.05278410267025461 0.05278410267025461 0.0
3 0.032 -10 0.02298643349709289 0.02298643349709289 0.02298643349709289 0.02298643349709289 0.02298643349709289 0.0
3 0.022624 -10 0.011334340830296026 0.011334340830296026 0.011334340830296026 0.011334340830296026 0.011334340830296026 0.0
3 0.016 -10 0.005272135214761979 0.005272135214761979 0.005272135214761979 0.005272135214761979 0.005272135214761979 0.0
3 0.011312 -10 0.0025537668060389073 0.0025537668060389073 0.0025537668060389073 0.0025537668060389073 0.0025537668060389073 0.0
3 0.008 -10 0.0013377049180327868 0.0013377049180327868 0.0013377049180327868 0.0013377049180327868 0.0013377049180327868 0.0
3 0.005656 -10 0.000624678474314691 0.000624678474314691 0.000624678474314691 0.000624678474314691 0.000624678474314691 0.0
3 0.004 -10 0.0003205677191449642 0.0003205677191449642 0.0003205677191449642 0.0003205677191449642 0.0003205677191449642 0.0
3 0.002828 -10 0.00014445484582277656 0.00014445484582277656 0.00014445484582277656 0.00014445484582277656 0.00014445484582277656 0.0
3 0.002 -10 7.3768766738097e-05 7.3768766738097e-05 7.3768766738097e-05 7.3768766738097e-05 7.3768766738097e-05 0.0
