5 0.362 -10 0.9337068160597572 0.9337068160597572 0.9337068160597572 0.9337068160597572 0.9337068160597572 0.0
5 0.256 -10 0.8849557522123894 0.8849557522123894 0.8849557522123894 0.8849557522123894 0.8849557522123894 0.0
5 0.181 -10 0.6653359946773121 0.6653359946773121 0.6653359946773121 0.6653359946773121 0.6653359946773121 0.0
5 0.128 -10 0.4280821917808219 0.4280821917808219 0.4280821917808219 0.4280821917808219 0.4280821917808219 0.0
5 0.090496 -10 0.2284148012791229 0.2284148012791229 0.2284148012791229 0.2284148012791229 0.2284148012791229 0.0
5 0.064 -10 0.10789814415192059 0.10789814415192059 0.10789814415192059 0.10789814415192059 0.10789814415192059 0.0
5 0.045249 -10 0.055741360089186176 0.055741360089186176 0.055741360089186176 0.055741360089186176 0.055741360089186176 0.0
5 0.032 -10 0.02705042198658299 0.02705042198658299 0.02705042198658299 0.02705042198658299 0.02705042198658299 0.0
5 0.022624 -10 0.01144505230388903 0.01144505230388903 0.01144505230388903 0.01144505230388903 0.01144505230388903 0.0
5 0.016 -10 0.0055057287107235075 0.0055057287107235075 0.0055057287107235075 0.0055057287107235075 0.0055057287107235075 0.0
5 0.011312 -10 0.0026989606302612866 0.0026989606302612866 0.0026989606302612866 0.0026989606302612866 0.0026989606302612866 0.0
5 0.008 -10 0.0013404412464495061 0.0013404412464495061 0.0013404412464495061 0.0013404412464495061 0.0013404412464495061 0.0
5 0.005656 -10 0.0004417027464193367 0.0004417027464193367 0.0004417027464193367 0.0004417027464193367 0.0004417027464193367 0.0
5 0.004 -10 0.00022372105385144744 0.00022372105385144744 0.00022372105385144744 0.00022372105385144744 0.00022372105385144744 0.0
5 0.002828 -10 0.00010121533298933615 0.00010121533298933615 0.00010121533298933615 0.00010121533298933615 0.00010121533298933615 0.0
5 0.002 -10 5.369702399279687e-05 5.369702399279687e-05 5.369702399279687e-05 5.369702399279687e-05 5.369702399279687e-05 0.0
