9 0.362 -10 0.49554013875123887 0.49554013875123887 0.49554013875123887 0.49554013875123887 0.49554013875123887 0.0
9 0.256 -10 0.4791566842357451 0.4791566842357451 0.4791566842357451 0.4791566842357451 0.4791566842357451 0.0
9 0.181 -10 0.4100041000410004 0.4100041000410004 0.4100041000410004 0.4100041000410004 0.4100041000410004 0.0
9 0.128 -10 0.24685262898049865 0.24685262898049865 0.24685262898049865 0.24685262898049865 0.24685262898049865 0.0
9 0.090496 -10 0.10751532093323299 0.10751532093323299 0.10751532093323299 0.10751532093323299 0.10751532093323299 0.0
9 0.064 -10 0.03943684189770083 0.03943684189770083 0.03943684189770083 0.03943684189770083 0.03943684189770083 0.0
9 0.045249 -10 0.011866337573571292 0.011866337573571292 0.011866337573571292 0.011866337573571292 0.011866337573571292 0.0
9 0.032 -10 0.0029898494610796347 0.0029898494610796347 0.0029898494610796347 0.0029898494610796347 0.0029898494610796347 0.0
9 0.022624 -10 0.0007737171382988436 0.0007737171382988436 0.0007737171382988436 0.0007737171382988436 0.0007737171382988436 0.0
9 0.016 -10 0.00022119416091654013 0.00022119416091654013 0.00022119416091654013 0.00022119416091654013 0.00022119416091654013 0.0
9 0.011312 -10 6.85632871708148e-05 6.85632871708148e-05 6.85632871708148e-05 6.85632871708148e-05 6.85632871708148e-05 0.0
9 0.008 -10 2.4448377373417915e-05 2.4448377373417915e-05 2.4448377373417915e-05 2.4448377373417915e-05 2.4448377373417915e-05 0.0
9 0.005656 -10 7.497566308720105e-06 7.497566308720105e-06 7.497566308720105e-06 7.497566308720105e-06 7.497566308720105e-06 0.0
9 0.004 -10 2.4955202354760917e-06 2.4955202354760917e-06 2.4955202354760917e-06 2.4955202354760917e-06 2.4955202354760917e-06 0.0
9 0.002828 -10 1.1297516901362074e-06 1.1297516901362074e-06 1.1297516901362074e-06 1.1297516901362074e-06 1.1297516901362074e-06 0.0
9 0.002 -10 3.787506909217448e-07 3.787506909217448e-07 3.787506909217448e-07 3.787506909217448e-07 3.787506909217448e-07 0.0
