3 0.362 -10 0.47664442326024786 0.47664442326024786 0.47664442326024786 0.47664442326024786 0.47664442326024786 0.0
3 0.256 -10 0.40064102564102566 0.40064102564102566 0.40064102564102566 0.40064102564102566 0.40064102564102566 0.0
3 0.181 -10 0.27948574622694244 0.27948574622694244 0.27948574622694244 0.27948574622694244 0.27948574622694244 0.0
3 0.128 -10 0.17232465965879717 0.17232465965879717 0.17232465965879717 0.17232465965879717 0.17232465965879717 0.0
3 0.090496 -10 0.10089799212995662 0.10089799212995662 0.10089799212995662 0.10089799212995662 0.10089799212995662 0.0
3 0.064 -10 0.05937184587068812 0.05937184587068812 0.05937184587068812 0.05937184587068812 0.05937184587068812 0.0
3 0.045249 -10 0.03073046310807904 0.03073046310807904 0.03073046310807904 0.03073046310807904 0.03073046310807904 0.0
3 0.032 -10 0.01725327812284334 0.01725327812284334 0.01725327812284334 0.01725327812284334 0.01725327812284334 0.0
3 0.022624 -10 0.008313795912937929 0.008313795912937929 0.008313795912937929 0.008313795912937929 0.008313795912937929 0.0
3 0.016 -10 0.004326457150768378 0.004326457150768378 0.004326457150768378 0.004326457150768378 0.004326457150768378 0.0
3 0.011312 -10 0.0022766078542970974 0.0022766078542970974 0.0022766078542970974 0.0022766078542970974 0.0022766078542970974 0.0
3 0.008 -10 0.00108463281383037 0.00108463281383037 0.00108463281383037 0.00108463281383037 0.00108463281383037 0.0
3 0.005656 -10 0.0005618899280106624 0.0005618899280106624 0.0005618899280106624 0.0005618899280106624 0.0005618899280106624 0.0
3 0.004 -10 0.00028498017677890326 0.00028498017677890326 0.00028498017677890326 0.00028498017677890326 0.00028498017677890326 0.0
3 0.002828 -10 0.00014019281839856902 0.00014019281839856902 0.00014019281839856902 0.00014019281839856902 0.00014019281839856902 0.0
3 0.002 -10 6.697055224453145e-05 6.697055224453145e-05 6.697055224453145e-05 6.697055224453145e-05 6.697055224453145e-05 0.0
