3 0.362 -10 0.4928536224741252 0.4928536224741252 0.4928536224741252 0.4928536224741252 0.4928536224741252 0.0
3 0.256 -10 0.40160642570281124 0.40160642570281124 0.40160642570281124 0.40160642570281124 0.40160642570281124 0.0
3 0.181 -10 0.2721829069134458 0.2721829069134458 0.2721829069134458 0.2721829069134458 0.2721829069134458 0.0
3 0.128 -10 0.17304031839418585 0.17304031839418585 0.17304031839418585 0.17304031839418585 0.17304031839418585 0.0
3 0.090496 -10 0.10414496979795876 0.10414496979795876 0.10414496979795876 0.10414496979795876 0.10414496979795876 0.0
3 0.064 -10 0.057984460164675865 0.057984460164675865 0.057984460164675865 0.057984460164675865 0.057984460164675865 0.0
3 0.045249 -10 0.03061099546957267 0.03061099546957267 0.03061099546957267 0.03061099546957267 0.03061099546957267 0.0
3 0.032 -10 0.015773617048125306 0.015773617048125306 0.015773617048125306 0.015773617048125306 0.015773617048125306 0.0
3 0.022624 -10 0.00844730150953278 0.00844730150953278 0.00844730150953278 0.00844730150953278 0.00844730150953278 0.0
3 0.016 -10 0.0042443380530372485 0.0042443380530372485 0.0042443380530372485 0.0042443380530372485 0.0042443380530372485 0.0
3 0.011312 -10 0.0022198790165935955 0.0022198790165935955 0.0022198790165935955 0.0022198790165935955 0.0022198790165935955 0.0
3 0.008 -10 0.001133049466673616 0.001133049466673616 0.001133049466673616 0.001133049466673616 0.001133049466673616 0.0
3 0.005656 -10 0.0005363129450391857 0.0005363129450391857 0.0005363129450391857 0.0005363129450391857 0.0005363129450391857 0.0
3 0.004 -10 0.0002845312049640452 0.0002845312049640452 0.0002845312049640452 0.0002845312049640452 0.0002845312049640452 0.0
3 0.002828 -10 0.0001420247963932519 0.0001420247963932519 0.0001420247963932519 0.0001420247963932519 0.0001420247963932519 0.0
3 0.002 -10 7.111485839004921e-05 7.111485839004921e-05 7.111485839004921e-05 7.111485839004921e-05 7.111485839004921e-05 0.0
