7 0.362 -10 1.0 1.0 1.0 1.0 1.0 0.0
7 0.362 -10 0.5571030640668524 0.5571030640668524 0.5571030640668524 0.5571030640668524 0.5571030640668524 0.0
7 0.362 -10 0.4930966469428008 0.4930966469428008 0.4930966469428008 0.4930966469428008 0.4930966469428008 0.0
7 0.256 -10 0.9970089730807578 0.9970089730807578 0.9970089730807578 0.9970089730807578 0.9970089730807578 0.0
7 0.256 -10 0.532197977647685 0.532197977647685 0.532197977647685 0.532197977647685 0.532197977647685 0.0
7 0.256 -10 0.47961630695443647 0.47961630695443647 0.47961630695443647 0.47961630695443647 0.47961630695443647 0.0
7 0.181 -10 0.8984725965858041 0.8984725965858041 0.8984725965858041 0.8984725965858041 0.8984725965858041 0.0
7 0.181 -10 0.4725897920604915 0.4725897920604915 0.4725897920604915 0.4725897920604915 0.4725897920604915 0.0
7 0.181 -10 0.3901677721420211 0.3901677721420211 0.3901677721420211 0.3901677721420211 0.3901677721420211 0.0
7 0.128 -10 0.6915629322268326 0.6915629322268326 0.6915629322268326 0.6915629322268326 0.6915629322268326 0.0
7 0.128 -10 0.2992220227408737 0.2992220227408737 0.2992220227408737 0.2992220227408737 0.2992220227408737 0.0
7 0.128 -10 0.2426595486532395 0.2426595486532395 0.2426595486532395 0.2426595486532395 0.2426595486532395 0.0
7 0.090496 -10 0.44424700133274103 0.44424700133274103 0.44424700133274103 0.44424700133274103 0.44424700133274103 0.0
7 0.090496 -10 0.16149870801033592 0.16149870801033592 0.16149870801033592 0.16149870801033592 0.16149870801033592 0.0
7 0.090496 -10 0.1137915339098771 0.1137915339098771 0.1137915339098771 0.1137915339098771 0.1137915339098771 0.0
7 0.064 -10 0.24539877300613497 0.24539877300613497 0.24539877300613497 0.24539877300613497 0.24539877300613497 0.0
7 0.064 -10 0.06643635397289396 0.06643635397289396 0.06643635397289396 0.06643635397289396 0.06643635397289396 0.0
7 0.064 -10 0.04339147791373774 0.04339147791373774 0.04339147791373774 0.04339147791373774 0.04339147791373774 0.0
7 0.045249 -10 0.1252975817566721 0.1252975817566721 0.1252975817566721 0.1252975817566721 0.1252975817566721 0.0
7 0.045249 -10 0.0253318471982977 0.0253318471982977 0.0253318471982977 0.0253318471982977 0.0253318471982977 0.0
7 0.045249 -10 0.014352350197344816 0.014352350197344816 0.014352350197344816 0.014352350197344816 0.014352350197344816 0.0
7 0.032 -10 0.05785363031530229 0.05785363031530229 0.05785363031530229 0.05785363031530229 0.05785363031530229 0.0
7 0.032 -10 0.009576342603232974 0.009576342603232974 0.009576342603232974 0.009576342603232974 0.009576342603232974 0.0
7 0.032 -10 0.00464155584952076 0.00464155584952076 0.00464155584952076 0.00464155584952076 0.00464155584952076 0.0
7 0.022624 -10 0.02957267484844004 0.02957267484844004 0.02957267484844004 0.02957267484844004 0.02957267484844004 0.0
7 0.022624 -10 0.003355141754739138 0.003355141754739138 0.003355141754739138 0.003355141754739138 0.003355141754739138 0.0
7 0.022624 -10 0.001513511877284457 0.001513511877284457 0.001513511877284457 0.001513511877284457 0.001513511877284457 0.0
7 0.016 -10 0.013204980918802572 0.013204980918802572 0.013204980918802572 0.013204980918802572 0.013204980918802572 0.0
7 0.016 -10 0.00128896044051512 0.00128896044051512 0.00128896044051512 0.00128896044051512 0.00128896044051512 0.0
7 0.016 -10 0.0005274745678137128 0.0005274745678137128 0.0005274745678137128 0.0005274745678137128 0.0005274745678137128 0.0
7 0.011312 -10 0.006371415282476697 0.006371415282476697 0.006371415282476697 0.006371415282476697 0.006371415282476697 0.0
7 0.011312 -10 0.00042738640817197005 0.00042738640817197005 0.00042738640817197005 0.00042738640817197005 0.00042738640817197005 0.0
7 0.011312 -10 0.0001570828088731052 0.0001570828088731052 0.0001570828088731052 0.0001570828088731052 0.0001570828088731052 0.0
7 0.008 -10 0.0032790325542351984 0.0032790325542351984 0.0032790325542351984 0.0032790325542351984 0.0032790325542351984 0.0
7 0.008 -10 0.00016042426442667337 0.00016042426442667337 0.00016042426442667337 0.00016042426442667337 0.00016042426442667337 0.0
7 0.008 -10 5.291595485888055e-05 5.291595485888055e-05 5.291595485888055e-05 5.291595485888055e-05 5.291595485888055e-05 0.0
7 0.005656 -10 0.0017542597813139757 0.0017542597813139757 0.0017542597813139757 0.0017542597813139757 0.0017542597813139757 0.0
7 0.005656 -10 5.6892899003839474e-05 5.6892899003839474e-05 5.6892899003839474e-05 5.6892899003839474e-05 5.6892899003839474e-05 0.0
7 0.005656 -10 1.7783455521381485e-05 1.7783455521381485e-05 1.7783455521381485e-05 1.7783455521381485e-05 1.7783455521381485e-05 0.0
7 0.004 -10 0.0008567086282552786 0.0008567086282552786 0.0008567086282552786 0.0008567086282552786 0.0008567086282552786 0.0
7 0.004 -10 2.011424448353268e-05 2.011424448353268e-05 2.011424448353268e-05 2.011424448353268e-05 2.011424448353268e-05 0.0
7 0.004 -10 5.886386223765392e-06 5.886386223765392e-06 5.886386223765392e-06 5.886386223765392e-06 5.886386223765392e-06 0.0
7 0.002828 -10 0.00039870882135293066 0.00039870882135293066 0.00039870882135293066 0.00039870882135293066 0.00039870882135293066 0.0
7 0.002828 -10 6.882988818405707e-06 6.882988818405707e-06 6.882988818405707e-06 6.882988818405707e-06 6.882988818405707e-06 0.0
7 0.002828 -10 1.9285693439257226e-06 1.9285693439257226e-06 1.9285693439257226e-06 1.9285693439257226e-06 1.9285693439257226e-06 0.0
7 0.002 -10 0.00021675926261099972 0.00021675926261099972 0.00021675926261099972 0.00021675926261099972 0.00021675926261099972 0.0
7 0.002 -10 2.534503026080026e-06 2.534503026080026e-06 2.534503026080026e-06 2.534503026080026e-06 2.534503026080026e-06 0.0
7 0.002 -10 6.665126258233204e-07 6.665126258233204e-07 6.665126258233204e-07 6.665126258233204e-07 6.665126258233204e-07 0.0
