5 0.362 -10 0.9337068160597572 0.9337068160597572 0.9337068160597572 0.9337068160597572 0.9337068160597572 0.0
5 0.362 -10 0.5175983436853002 0.5175983436853002 0.5175983436853002 0.5175983436853002 0.5175983436853002 0.0
5 0.362 -10 0.4887585532746823 0.4887585532746823 0.4887585532746823 0.4887585532746823 0.4887585532746823 0.0
5 0.256 -10 0.8849557522123894 0.8849557522123894 0.8849557522123894 0.8849557522123894 0.8849557522123894 0.0
5 0.256 -10 0.4659832246039143 0.4659832246039143 0.4659832246039143 0.4659832246039143 0.4659832246039143 0.0
5 0.256 -10 0.47869794159885115 0.47869794159885115 0.47869794159885115 0.47869794159885115 0.47869794159885115 0.0
5 0.181 -10 0.6653359946773121 0.6653359946773121 0.6653359946773121 0.6653359946773121 0.6653359946773121 0.0
5 0.181 -10 0.36913990402362495 0.36913990402362495 0.36913990402362495 0.36913990402362495 0.36913990402362495 0.0
5 0.181 -10 0.36968576709796674 0.36968576709796674 0.36968576709796674 0.36968576709796674 0.36968576709796674 0.0
5 0.128 -10 0.4280821917808219 0.4280821917808219 0.4280821917808219 0.4280821917808219 0.4280821917808219 0.0
5 0.128 -10 0.21729682746631898 0.21729682746631898 0.21729682746631898 0.21729682746631898 0.21729682746631898 0.0
5 0.128 -10 0.21958717610891523 0.21958717610891523 0.21958717610891523 0.21958717610891523 0.21958717610891523 0.0
5 0.090496 -10 0.2284148012791229 0.2284148012791229 0.2284148012791229 0.2284148012791229 0.2284148012791229 0.0
5 0.090496 -10 0.11487650775416428 0.11487650775416428 0.11487650775416428 0.11487650775416428 0.11487650775416428 0.0
5 0.090496 -10 0.11088933244621868 0.11088933244621868 0.11088933244621868 0.11088933244621868 0.11088933244621868 0.0
5 0.064 -10 0.10789814415192059 0.10789814415192059 0.10789814415192059 0.10789814415192059 0.10789814415192059 0.0
5 0.064 -10 0.04811161895597787 0.04811161895597787 0.04811161895597787 0.04811161895597787 0.04811161895597787 0.0
5 0.064 -10 0.05267871253226571 0.05267871253226571 0.05267871253226571 0.05267871253226571 0.05267871253226571 0.0
5 0.045249 -10 0.055741360089186176 0.055741360089186176 0.055741360089186176 0.055741360089186176 0.055741360089186176 0.0
5 0.045249 -10 0.021466137168616506 0.021466137168616506 0.021466137168616506 0.021466137168616506 0.021466137168616506 0.0
5 0.045249 -10 0.021085035949986296 0.021085035949986296 0.021085035949986296 0.021085035949986296 0.021085035949986296 0.0
5 0.032 -10 0.02705042198658299 0.02705042198658299 0.02705042198658299 0.02705042198658299 0.02705042198658299 0.0
5 0.032 -10 0.008649321893163576 0.008649321893163576 0.008649321893163576 0.008649321893163576 0.008649321893163576 0.0
5 0.032 -10 0.00762212550591858 0.00762212550591858 0.00762212550591858 0.00762212550591858 0.00762212550591858 0.0
5 0.022624 -10 0.01144505230388903 0.01144505230388903 0.01144505230388903 0.01144505230388903 0.01144505230388903 0.0
5 0.022624 -10 0.0032012395199421217 0.0032012395199421217 0.0032012395199421217 0.0032012395199421217 0.0032012395199421217 0.0
5 0.022624 -10 0.002982626202371188 0.002982626202371188 0.002982626202371188 0.002982626202371188 0.002982626202371188 0.0
5 0.016 -10 0.0055057287107235075 0.0055057287107235075 0.0055057287107235075 0.0055057287107235075 0.0055057287107235075 0.0
5 0.016 -10 0.0013114014553933353 0.0013114014553933353 0.0013114014553933353 0.0013114014553933353 0.0013114014553933353 0.0
5 0.016 -10 0.001141272404603893 0.001141272404603893 0.001141272404603893 0.001141272404603893 0.001141272404603893 0.0
5 0.011312 -10 0.0026989606302612866 0.0026989606302612866 0.0026989606302612866 0.0026989606302612866 0.0026989606302612866 0.0
5 0.011312 -10 0.0004685172786829792 0.0004685172786829792 0.0004685172786829792 0.0004685172786829792 0.0004685172786829792 0.0
5 0.011312 -10 0.000398074592809499 0.000398074592809499 0.000398074592809499 0.000398074592809499 0.000398074592809499 0.0
5 0.008 -10 0.0013404412464495061 0.0013404412464495061 0.0013404412464495061 0.0013404412464495061 0.0013404412464495061 0.0
5 0.008 -10 0.0001832572510312802 0.0001832572510312802 0.0001832572510312802 0.0001832572510312802 0.0001832572510312802 0.0
5 0.008 -10 0.00014588722042537796 0.00014588722042537796 0.00014588722042537796 0.00014588722042537796 0.00014588722042537796 0.0
5 0.005656 -10 0.0004417027464193367 0.0004417027464193367 0.0004417027464193367 0.0004417027464193367 0.0004417027464193367 0.0
5 0.005656 -10 6.347139398223905e-05 6.347139398223905e-05 6.347139398223905e-05 6.347139398223905e-05 6.347139398223905e-05 0.0
5 0.005656 -10 5.29500427995196e-05 5.29500427995196e-05 5.29500427995196e-05 5.29500427995196e-05 5.29500427995196e-05 0.0
5 0.004 -10 0.00022372105385144744 0.00022372105385144744 0.00022372105385144744 0.00022372105385144744 0.00022372105385144744 0.0
5 0.004 -10 2.1977450564307306e-05 2.1977450564307306e-05 2.1977450564307306e-05 2.1977450564307306e-05 2.1977450564307306e-05 0.0
5 0.004 -10 1.847559799367569e-05 1.847559799367569e-05 1.847559799367569e-05 1.847559799367569e-05 1.847559799367569e-05 0.0
5 0.002828 -10 0.00010121533298933615 0.00010121533298933615 0.00010121533298933615 0.00010121533298933615 0.00010121533298933615 0.0
5 0.002828 -10 8.495181550015194e-06 8.495181550015194e-06 8.495181550015194e-06 8.495181550015194e-06 8.495181550015194e-06 0.0
5 0.002828 -10 6.679707771869383e-06 6.679707771869383e-06 6.679707771869383e-06 6.679707771869383e-06 6.679707771869383e-06 0.0
5 0.002 -10 5.369702399279687e-05 5.369702399279687e-05 5.369702399279687e-05 5.369702399279687e-05 5.369702399279687e-05 0.0
5 0.002 -10 2.9818947787794733e-06 2.9818947787794733e-06 2.9818947787794733e-06 2.9818947787794733e-06 2.9818947787794733e-06 0.0
5 0.002 -10 2.452256196474374e-06 2.452256196474374e-06 2.452256196474374e-06 2.452256196474374e-06 2.452256196474374e-06 0.0
