7 0.362 -10 0.4930966469428008 0.4930966469428008 0.4930966469428008 0.4930966469428008 0.4930966469428008 0.0
7 0.256 -10 0.47961630695443647 0.47961630695443647 0.47961630695443647 0.47961630695443647 0.47961630695443647 0.0
7 0.181 -10 0.3901677721420211 0.3901677721420211 0.3901677721420211 0.3901677721420211 0.3901677721420211 0.0
7 0.128 -10 0.2426595486532395 0.2426595486532395 0.2426595486532395 0.2426595486532395 0.2426595486532395 0.0
7 0.090496 -10 0.1137915339098771 0.1137915339098771 0.1137915339098771 0.1137915339098771 0.1137915339098771 0.0
7 0.064 -10 0.04339147791373774 0.04339147791373774 0.04339147791373774 0.04339147791373774 0.04339147791373774 0.0
7 0.045249 -10 0.014352350197344816 0.014352350197344816 0.014352350197344816 0.014352350197344816 0.014352350197344816 0.0
7 0.032 -10 0.00464155584952076 0.00464155584952076 0.00464155584952076 0.00464155584952076 0.00464155584952076 0.0
7 0.022624 -10 0.001513511877284457 0.001513511877284457 0.001513511877284457 0.001513511877284457 0.001513511877284457 0.0
7 0.016 -10 0.0005274745678137128 0.0005274745678137128 0.0005274745678137128 0.0005274745678137128 0.0005274745678137128 0.0
7 0.011312 -10 0.0001570828088731052 0.0001570828088731052 0.0001570828088731052 0.0001570828088731052 0.0001570828088731052 0.0
7 0.008 -10 5.291595485888055e-05 5.291595485888055e-05 5.291595485888055e-05 5.291595485888055e-05 5.291595485888055e-05 0.0
7 0.005656 -10 1.7783455521381485e-05 1.7783455521381485e-05 1.7783455521381485e-05 1.7783455521381485e-05 1.7783455521381485e-05 0.0
7 0.004 -10 5.886386223765392e-06 5.886386223765392e-06 5.886386223765392e-06 5.886386223765392e-06 5.886386223765392e-06 0.0
7 0.002828 -10 1.9285693439257226e-06 1.9285693439257226e-06 1.9285693439257226e-06 1.9285693439257226e-06 1.9285693439257226e-06 0.0
7 0.002 -10 6.665126258233204e-07 6.665126258233204e-07 6.665126258233204e-07 6.665126258233204e-07 6.665126258233204e-07 0.0
