9 0.362 -10 0.6493506493506493 0.6493506493506493 0.6493506493506493 0.6493506493506493 0.6493506493506493 0.0
9 0.256 -10 0.6230529595015576 0.6230529595015576 0.6230529595015576 0.6230529595015576 0.6230529595015576 0.0
9 0.181 -10 0.5659309564233164 0.5659309564233164 0.5659309564233164 0.5659309564233164 0.5659309564233164 0.0
9 0.128 -10 0.4230118443316413 0.4230118443316413 0.4230118443316413 0.4230118443316413 0.4230118443316413 0.0
9 0.090496 -10 0.2187705097352877 0.2187705097352877 0.2187705097352877 0.2187705097352877 0.2187705097352877 0.0
9 0.064 -10 0.08777319406653208 0.08777319406653208 0.08777319406653208 0.08777319406653208 0.08777319406653208 0.0
9 0.045249 -10 0.034925956971221014 0.034925956971221014 0.034925956971221014 0.034925956971221014 0.034925956971221014 0.0
9 0.032 -10 0.012367360063320884 0.012367360063320884 0.012367360063320884 0.012367360063320884 0.012367360063320884 0.0
9 0.022624 -10 0.004560899409363527 0.004560899409363527 0.004560899409363527 0.004560899409363527 0.004560899409363527 0.0
9 0.016 -10 0.0016366987132274717 0.0016366987132274717 0.0016366987132274717 0.0016366987132274717 0.0016366987132274717 0.0
9 0.011312 -10 0.0005223694259264483 0.0005223694259264483 0.0005223694259264483 0.0005223694259264483 0.0005223694259264483 0.0
9 0.008 -10 0.00021387048473959236 0.00021387048473959236 0.00021387048473959236 0.00021387048473959236 0.00021387048473959236 0.0
9 0.005656 -10 7.333541263673296e-05 7.333541263673296e-05 7.333541263673296e-05 7.333541263673296e-05 7.333541263673296e-05 0.0
9 0.004 -10 2.8255138931648334e-05 2.8255138931648334e-05 2.8255138931648334e-05 2.8255138931648334e-05 2.8255138931648334e-05 0.0
9 0.002828 -10 9.629341234426082e-06 9.629341234426082e-06 9.629341234426082e-06 9.629341234426082e-06 9.629341234426082e-06 0.0
9 0.002 -10 3.330848864268305e-06 3.330848864268305e-06 3.330848864268305e-06 3.330848864268305e-06 3.330848864268305e-06 0.0
