9 0.362 -10 1.0 1.0 1.0 1.0 1.0 0.0
9 0.362 -10 0.6493506493506493 0.6493506493506493 0.6493506493506493 0.6493506493506493 0.6493506493506493 0.0
9 0.362 -10 0.49554013875123887 0.49554013875123887 0.49554013875123887 0.49554013875123887 0.49554013875123887 0.0
9 0.256 -10 1.0 1.0 1.0 1.0 1.0 0.0
9 0.256 -10 0.6230529595015576 0.6230529595015576 0.6230529595015576 0.6230529595015576 0.6230529595015576 0.0
9 0.256 -10 0.4791566842357451 0.4791566842357451 0.4791566842357451 0.4791566842357451 0.4791566842357451 0.0
9 0.181 -10 0.9881422924901185 0.9881422924901185 0.9881422924901185 0.9881422924901185 0.9881422924901185 0.0
9 0.181 -10 0.5659309564233164 0.5659309564233164 0.5659309564233164 0.5659309564233164 0.5659309564233164 0.0
9 0.181 -10 0.4100041000410004 0.4100041000410004 0.4100041000410004 0.4100041000410004 0.4100041000410004 0.0
9 0.128 -10 0.8833922261484098 0.8833922261484098 0.8833922261484098 0.8833922261484098 0.8833922261484098 0.0
9 0.128 -10 0.4230118443316413 0.4230118443316413 0.4230118443316413 0.4230118443316413 0.4230118443316413 0.0
9 0.128 -10 0.24685262898049865 0.24685262898049865 0.24685262898049865 0.24685262898049865 0.24685262898049865 0.0
9 0.090496 -10 0.6684491978609626 0.6684491978609626 0.6684491978609626 0.6684491978609626 0.6684491978609626 0.0
9 0.090496 -10 0.2187705097352877 0.2187705097352877 0.2187705097352877 0.2187705097352877 0.2187705097352877 0.0
9 0.090496 -10 0.10751532093323299 0.10751532093323299 0.10751532093323299 0.10751532093323299 0.10751532093323299 0.0
9 0.064 -10 0.3688675765400221 0.3688675765400221 0.3688675765400221 0.3688675765400221 0.3688675765400221 0.0
9 0.064 -10 0.08777319406653208 0.08777319406653208 0.08777319406653208 0.08777319406653208 0.08777319406653208 0.0
9 0.064 -10 0.03943684189770083 0.03943684189770083 0.03943684189770083 0.03943684189770083 0.03943684189770083 0.0
9 0.045249 -10 0.19661816751867872 0.19661816751867872 0.19661816751867872 0.19661816751867872 0.19661816751867872 0.0
9 0.045249 -10 0.034925956971221014 0.034925956971221014 0.034925956971221014 0.034925956971221014 0.034925956971221014 0.0
9 0.045249 -10 0.011866337573571292 0.011866337573571292 0.011866337573571292 0.011866337573571292 0.011866337573571292 0.0
9 0.032 -10 0.09357162908206232 0.09357162908206232 0.09357162908206232 0.09357162908206232 0.09357162908206232 0.0
9 0.032 -10 0.012367360063320884 0.012367360063320884 0.012367360063320884 0.012367360063320884 0.012367360063320884 0.0
9 0.032 -10 0.0029898494610796347 0.0029898494610796347 0.0029898494610796347 0.0029898494610796347 0.0029898494610796347 0.0
9 0.022624 -10 0.04759185227489054 0.04759185227489054 0.04759185227489054 0.04759185227489054 0.04759185227489054 0.0
9 0.022624 -10 0.004560899409363527 0.004560899409363527 0.004560899409363527 0.004560899409363527 0.004560899409363527 0.0
9 0.022624 -10 0.0007737171382988436 0.0007737171382988436 0.0007737171382988436 0.0007737171382988436 0.0007737171382988436 0.0
9 0.016 -10 0.021688680677554386 0.021688680677554386 0.021688680677554386 0.021688680677554386 0.021688680677554386 0.0
9 0.016 -10 0.0016366987132274717 0.0016366987132274717 0.0016366987132274717 0.0016366987132274717 0.0016366987132274717 0.0
9 0.016 -10 0.00022119416091654013 0.00022119416091654013 0.00022119416091654013 0.00022119416091654013 0.00022119416091654013 0.0
9 0.011312 -10 0.009808441144448912 0.009808441144448912 0.009808441144448912 0.009808441144448912 0.009808441144448912 0.0
9 0.011312 -10 0.0005223694259264483 0.0005223694259264483 0.0005223694259264483 0.0005223694259264483 0.0005223694259264483 0.0
9 0.011312 -10 6.85632871708148e-05 6.85632871708148e-05 6.85632871708148e-05 6.85632871708148e-05 6.85632871708148e-05 0.0
9 0.008 -10 0.005078462241633233 0.005078462241633233 0.005078462241633233 0.005078462241633233 0.005078462241633233 0.0
9 0.008 -10 0.00021387048473959236 0.00021387048473959236 0.00021387048473959236 0.00021387048473959236 0.00021387048473959236 0.0
9 0.008 -10 2.4448377373417915e-05 2.4448377373417915e-05 2.4448377373417915e-05 2.4448377373417915e-05 2.4448377373417915e-05 0.0
9 0.005656 -10 0.00269226834377036 0.00269226834377036 0.00269226834377036 0.00269226834377036 0.00269226834377036 0.0
9 0.005656 -10 7.333541263673296e-05 7.333541263673296e-05 7.333541263673296e-05 7.333541263673296e-05 7.333541263673296e-05 0.0
9 0.005656 -10 7.497566308720105e-06 7.497566308720105e-06 7.497566308720105e-06 7.497566308720105e-06 7.497566308720105e-06 0.0
9 0.004 -10 0.0014852507177474093 0.0014852507177474093 0.0014852507177474093 0.0014852507177474093 0.0014852507177474093 0.0
9 0.004 -10 2.8255138931648334e-05 2.8255138931648334e-05 2.8255138931648334e-05 2.8255138931648334e-05 2.8255138931648334e-05 0.0
9 0.004 -10 2.4955202354760917e-06 2.4955202354760917e-06 2.4955202354760917e-06 2.4955202354760917e-06 2.4955202354760917e-06 0.0
9 0.002828 -10 0.0007011747481730892 0.0007011747481730892 0.0007011747481730892 0.0007011747481730892 0.0007011747481730892 0.0
9 0.002828 -10 9.629341234426082e-06 9.629341234426082e-06 9.629341234426082e-06 9.629341234426082e-06 9.629341234426082e-06 0.0
9 0.002828 -10 1.1297516901362074e-06 1.1297516901362074e-06 1.1297516901362074e-06 1.1297516901362074e-06 1.1297516901362074e-06 0.0
9 0.002 -10 0.00033793887699531787 0.00033793887699531787 0.00033793887699531787 0.00033793887699531787 0.00033793887699531787 0.0
9 0.002 -10 3.330848864268305e-06 3.330848864268305e-06 3.330848864268305e-06 3.330848864268305e-06 3.330848864268305e-06 0.0
9 0.002 -10 3.787506909217448e-07 3.787506909217448e-07 3.787506909217448e-07 3.787506909217448e-07 3.787506909217448e-07 0.0
