5 0.362 -10 0.5175983436853002 0.5175983436853002 0.5175983436853002 0.5175983436853002 0.5175983436853002 0.0
5 0.256 -10 0.4659832246039143 0.4659832246039143 0.4659832246039143 0.4659832246039143 0.4659832246039143 0.0
5 0.181 -10 0.36913990402362495 0.36913990402362495 0.36913990402362495 0.36913990402362495 0.36913990402362495 0.0
5 0.128 -10 0.21729682746631898 0.21729682746631898 0.21729682746631898 0.21729682746631898 0.21729682746631898 0.0
5 0.090496 -10 0.11487650775416428 0.11487650775416428 0.11487650775416428 0.11487650775416428 0.11487650775416428 0.0
5 0.064 -10 0.04811161895597787 0.04811161895597787 0.04811161895597787 0.04811161895597787 0.04811161895597787 0.0
5 0.045249 -10 0.021466137168616506 0.021466137168616506 0.021466137168616506 0.021466137168616506 0.021466137168616506 0.0
5 0.032 -10 0.008649321893163576 0.008649321893163576 0.008649321893163576 0.008649321893163576 0.008649321893163576 0.0
5 0.022624 -10 0.0032012395199421217 0.0032012395199421217 0.0032012395199421217 0.0032012395199421217 0.0032012395199421217 0.0
5 0.016 -10 0.0013114014553933353 0.0013114014553933353 0.0013114014553933353 0.0013114014553933353 0.0013114014553933353 0.0
5 0.011312 -10 0.0004685172786829792 0.0004685172786829792 0.0004685172786829792 0.0004685172786829792 0.0004685172786829792 0.0
5 0.008 -10 0.0001832572510312802 0.0001832572510312802 0.0001832572510312802 0.0001832572510312802 0.0001832572510312802 0.0
5 0.005656 -10 6.347139398223905e-05 6.347139398223905e-05 6.347139398223905e-05 6.347139398223905e-05 6.347139398223905e-05 0.0
5 0.004 -10 2.1977450564307306e-05 2.1977450564307306e-05 2.1977450564307306e-05 2.1977450564307306e-05 2.1977450564307306e-05 0.0
5 0.002828 -10 8.495181550015194e-06 8.495181550015194e-06 8.495181550015194e-06 8.495181550015194e-06 8.495181550015194e-06 0.0
5 0.002 -10 2.9818947787794733e-06 2.9818947787794733e-06 2.9818947787794733e-06 2.9818947787794733e-06 2.9818947787794733e-06 0.0
