5 0.001 -10 2.6336072130329933e-07 0.007992805638228583 2.6336072130329933e-07 2.6336072130329933e-07 2.6336072130329933e-07 25.0
5 0.006 -10 6.735312976523394e-05 0.04763886868294996 6.735312976523394e-05 6.735312976523394e-05 6.735312976523394e-05 25.0
5 0.01 -10 0.00026159315463032966 0.07909269030248016 0.00026159315463032966 0.00026159315463032966 0.00026159315463032966 25.0
5 0.02 -10 0.002216361178217602 0.1546355194042421 0.002216361178217602 0.002216361178217602 0.002216361178217602 25.0
5 0.03 -10 0.006236357966947303 0.23292797006548177 0.006236357966947303 0.006236357966947303 0.006236357966947303 25.0
5 0.04 -10 0.014639145073927683 0.30303030303030304 0.014639145073927683 0.014639145073927683 0.014639145073927683 25.0
5 0.05 -10 0.02529724260055654 0.3837591702504427 0.02529724260055654 0.02529724260055654 0.02529724260055654 25.0
5 0.06 -10 0.03500175008750438 0.43052152607630384 0.03500175008750438 0.03500175008750438 0.03500175008750438 25.0
5 0.07 -10 0.05830903790087463 0.4892128279883382 0.05830903790087463 0.05830903790087463 0.05830903790087463 25.0
5 0.08 -10 0.08025682182985554 0.5593900481540931 0.08025682182985554 0.08025682182985554 0.08025682182985554 25.0
5 0.09 -10 0.1145475372279496 0.6357388316151202 0.1145475372279496 0.1145475372279496 0.1145475372279496 25.0
5 0.1 -10 0.12315270935960591 0.6440886699507389 0.12315270935960591 0.12315270935960591 0.12315270935960591 25.0
5 0.11 -10 0.1610305958132045 0.6634460547504025 0.1610305958132045 0.1610305958132045 0.1610305958132045 25.0
5 0.12 -10 0.18518518518518517 0.737037037037037 0.18518518518518517 0.18518518518518517 0.18518518518518517 25.0
