3 0.001 -10 1.890593616145972e-05 0.00404341256685139 1.890593616145972e-05 1.890593616145972e-05 1.890593616145972e-05 9.0
3 0.006 -10 0.0006125949522175938 0.023774810095564813 0.0006125949522175938 0.0006125949522175938 0.0006125949522175938 9.0
3 0.01 -10 0.002024660363224069 0.041201838391609805 0.002024660363224069 0.002024660363224069 0.002024660363224069 9.0
3 0.02 -10 0.005748447919061853 0.08053575534605656 0.005748447919061853 0.005748447919061853 0.005748447919061853 9.0
3 0.03 -10 0.01694915254237288 0.12033898305084746 0.01694915254237288 0.01694915254237288 0.01694915254237288 9.0
3 0.04 -10 0.023934897079942556 0.15725227381522258 0.023934897079942556 0.023934897079942556 0.023934897079942556 9.0
3 0.05 -10 0.035868005738880916 0.20050215208034433 0.035868005738880916 0.035868005738880916 0.035868005738880916 9.0
3 0.06 -10 0.045787545787545784 0.22206959706959706 0.045787545787545784 0.045787545787545784 0.045787545787545784 9.0
3 0.07 -10 0.07564296520423601 0.2428139183055976 0.07564296520423601 0.07564296520423601 0.07564296520423601 9.0
3 0.08 -10 0.08103727714748785 0.3055105348460292 0.08103727714748785 0.08103727714748785 0.08103727714748785 9.0
3 0.09 -10 0.08976660682226212 0.3213644524236984 0.08976660682226212 0.08976660682226212 0.08976660682226212 9.0
3 0.1 -10 0.13245033112582782 0.3350993377483444 0.13245033112582782 0.13245033112582782 0.13245033112582782 9.0
3 0.11 -10 0.14326647564469913 0.3968481375358166 0.14326647564469913 0.14326647564469913 0.14326647564469913 9.0
3 0.12 -10 0.18181818181818182 0.40545454545454546 0.18181818181818182 0.18181818181818182 0.18181818181818182 9.0
