7 0.006 -10 4.915708865372793e-06 0.07082263306406063 4.915708865372793e-06 4.915708865372793e-06 4.915708865372793e-06 49.0
7 0.01 -10 4.62357189423117e-05 0.11712016200995917 4.62357189423117e-05 4.62357189423117e-05 4.62357189423117e-05 49.0
7 0.02 -10 0.0007171594747524007 0.22925436929409992 0.0007171594747524007 0.0007171594747524007 0.0007171594747524007 49.0
7 0.03 -10 0.002771234585007621 0.3419980601357905 0.002771234585007621 0.002771234585007621 0.002771234585007621 49.0
7 0.04 -10 0.007743534148985597 0.44045222239430076 0.007743534148985597 0.007743534148985597 0.007743534148985597 49.0
7 0.05 -10 0.015620118712902219 0.535457669478288 0.015620118712902219 0.015620118712902219 0.015620118712902219 49.0
7 0.06 -10 0.029282576866764276 0.6111273792093704 0.029282576866764276 0.029282576866764276 0.029282576866764276 49.0
7 0.07 -10 0.04426737494466578 0.6644532979194334 0.04426737494466578 0.04426737494466578 0.04426737494466578 49.0
7 0.08 -10 0.06097560975609756 0.7390243902439024 0.06097560975609756 0.06097560975609756 0.06097560975609756 49.0
7 0.09 -10 0.1049317943336831 0.776495278069255 0.1049317943336831 0.1049317943336831 0.1049317943336831 49.0
7 0.1 -10 0.12610340479192939 0.8259773013871374 0.12610340479192939 0.12610340479192939 0.12610340479192939 49.0
7 0.11 -10 0.18518518518518517 0.8648148148148148 0.18518518518518517 0.18518518518518517 0.18518518518518517 49.0
7 0.12 -10 0.19011406844106463 0.9068441064638784 0.19011406844106463 0.19011406844106463 0.19011406844106463 49.0
