0.005 0.15367704918032787
0.005829572 0.15207641196013288
0.0067967819 0.15734717607973425
0.0079244659 0.16075833333333334
0.0092392489 0.16415500000000005
0.0107721734 0.16761666666666664
0.0125594321 0.17005000000000003
0.0146432228 0.17459999999999998
0.0170727443 0.18025000000000002
0.0199053585 0.19123333333333337
0.0232079441 0.17426086956521736
0.0270584763 0.20704347826086955
0.0315478672 0.25982608695652176
0.0367821127 0.3609565217391304
0.0428847949 0.49052173913043473
0.0499999999 0.660608695652174
