4 0.002 -10 0.00020943180314080687 0.00039226576728273126 0.00020943180314080687 0.00020943180314080687 0.00020943180314080687 0.00035456804271738604
4 0.002828 -10 0.0004294116030450436 0.0007823879407480693 0.0004294116030450436 0.0004294116030450436 0.0004294116030450436 0.0007042350289938714
4 0.004 -10 0.0008419705478702356 0.0015408061026025309 0.0008419705478702356 0.0008419705478702356 0.0008419705478702356 0.0013892514039858886
4 0.005656 -10 0.001789267259271983 0.0031920527905412175 0.001789267259271983 0.001789267259271983 0.001789267259271983 0.002834199338686821
4 0.008 -10 0.0035675934085144185 0.006189774563772516 0.0035675934085144185 0.0035675934085144185 0.0035675934085144185 0.005554742937056949
4 0.011312 -10 0.0063639140617045105 0.011480500967314938 0.0063639140617045105 0.0063639140617045105 0.0063639140617045105 0.010277721209652785
4 0.016 -10 0.012034128789246302 0.021264305570598215 0.012034128789246302 0.012034128789246302 0.012034128789246302 0.019182401290058607
4 0.022624 -10 0.024297793760326564 0.038244727378754007 0.024297793760326564 0.024297793760326564 0.024297793760326564 0.029934881912722325
4 0.032 -10 0.046155266315886644 0.07140219699067664 0.046155266315886644 0.046155266315886644 0.046155266315886644 0.059632604080125544
4 0.045249 -10 0.08438818565400844 0.12793248945147678 0.08455696202531646 0.08438818565400844 0.08438818565400844 0.10590717299578059
4 0.064 -10 0.1502403846153846 0.23076923076923078 0.15099158653846154 0.1502403846153846 0.1502403846153846 0.1912560096153846
4 0.090496 -10 0.24473813020068527 0.3768967205090553 0.24865394028389623 0.24473813020068527 0.24473813020068527 0.3142437591776799
4 0.128 -10 0.36683785766691124 0.5671313279530448 0.3727072633895818 0.36683785766691124 0.36683785766691124 0.49926632428466616
4 0.181 -10 0.5347593582887701 0.7919786096256685 0.5518716577540107 0.5347593582887701 0.5347593582887701 0.7262032085561497
4 0.256 -10 0.6587615283267457 0.9874835309617919 0.6712779973649539 0.6587615283267457 0.6587615283267457 0.9828722002635046
4 0.362 -10 0.7552870090634441 0.9984894259818731 0.7681268882175226 0.7552870090634441 0.7552870090634441 0.9916918429003021
