6 0.002 -10 6.44251843637784e-06 0.00023047465454298084 7.035230132524601e-06 6.44251843637784e-06 6.44251843637784e-06 0.0002300558908446163
6 0.002828 -10 1.820904600276934e-05 0.0004599969201219591 2.008457774105458e-05 1.820904600276934e-05 1.820904600276934e-05 0.00045895900449980124
6 0.004 -10 4.8775060687149885e-05 0.0009384809426814509 5.1457689024943125e-05 4.8823835747837035e-05 4.8775060687149885e-05 0.0009350666884333504
6 0.005656 -10 0.00014226054278656538 0.0018767010804403704 0.0001499426120970399 0.00014226054278656538 0.00014226054278656538 0.001868307708415963
6 0.008 -10 0.0004047244292070194 0.0038505482194755823 0.00042779372167181946 0.0004047244292070194 0.0004047244292070194 0.0038185749895682276
6 0.011312 -10 0.0011236043429555065 0.007897814926634255 0.0012045038556483029 0.0011236043429555065 0.0011236043429555065 0.007819162622627369
6 0.016 -10 0.002910665843918455 0.015446903633675239 0.003187179099090708 0.002910665843918455 0.002910665843918455 0.015208229034473926
6 0.022624 -10 0.007624333823832143 0.029010590199681302 0.008600248553282657 0.0076319581576559745 0.007624333823832143 0.028263405484945752
6 0.032 -10 0.019595547891519047 0.05992318545226524 0.02261326226681298 0.019595547891519047 0.019595547891519047 0.0579244395673303
6 0.045249 -10 0.04719875395289564 0.12002643130221362 0.05342898947467787 0.04724595270684854 0.04719875395289564 0.1126634256855619
6 0.064 -10 0.1088139281828074 0.2394994559303591 0.123721436343852 0.10924918389553863 0.1088139281828074 0.22383025027203482
6 0.090496 -10 0.22177866489243736 0.4581947216677756 0.26081170991350633 0.22244400088711466 0.22177866489243736 0.4278110445775116
6 0.128 -10 0.43010752688172044 0.7466666666666667 0.4946236559139785 0.43268817204301074 0.43010752688172044 0.6997849462365592
6 0.181 -10 0.5977286312014346 0.9205020920502092 0.6718469814704124 0.5989240884638374 0.5977286312014346 0.8768679019725045
6 0.256 -10 0.7267441860465116 0.9992732558139535 0.7870639534883721 0.7325581395348837 0.7267441860465116 0.998546511627907
6 0.362 -10 0.7434944237918215 1.0 0.8200743494423792 0.7516728624535316 0.7434944237918215 1.0
