9 0.008 -10 0.12149192078726764 0.12149192078726764 0.12149192078726764 0.12149192078726764 0.12149192078726764 0.0
9 0.011312 -10 0.17385257301808066 0.17385257301808066 0.17385257301808066 0.17385257301808066 0.17385257301808066 0.0
9 0.016 -10 0.23164234422052352 0.23164234422052352 0.23164234422052352 0.23164234422052352 0.23164234422052352 0.0
9 0.022624 -10 0.33602150537634407 0.33602150537634407 0.33602150537634407 0.33602150537634407 0.33602150537634407 0.0
9 0.032 -10 0.43994720633523976 0.43994720633523976 0.43994720633523976 0.43994720633523976 0.43994720633523976 0.0
9 0.045249 -10 0.5640157924421884 0.5640157924421884 0.5640157924421884 0.5640157924421884 0.5640157924421884 0.0
9 0.064 -10 0.7429420505200595 0.7429420505200595 0.7429420505200595 0.7429420505200595 0.7429420505200595 0.0
9 0.090496 -10 0.8748906386701663 0.8748906386701663 0.8748906386701663 0.8748906386701663 0.8748906386701663 0.0
9 0.128 -10 0.9784735812133072 0.9784735812133072 0.9784735812133072 0.9784735812133072 0.9784735812133072 0.0
9 0.181 -10 1.0 1.0 1.0 1.0 1.0 0.0
9 0.256 -10 1.0 1.0 1.0 1.0 1.0 0.0
9 0.362 -10 1.0 1.0 1.0 1.0 1.0 0.0
9 0.002 -10 0.03178336458697518 0.03178336458697518 0.03178336458697518 0.03178336458697518 0.03178336458697518 0.0
9 0.002828 -10 0.04511617414843221 0.04511617414843221 0.04511617414843221 0.04511617414843221 0.04511617414843221 0.0
9 0.004 -10 0.0640450877417702 0.0640450877417702 0.0640450877417702 0.0640450877417702 0.0640450877417702 0.0
9 0.005656 -10 0.09260116677470136 0.09260116677470136 0.09260116677470136 0.09260116677470136 0.09260116677470136 0.0
