11 0.008 -10 0.15267175572519084 0.15267175572519084 0.15267175572519084 0.15267175572519084 0.15267175572519084 0.0
11 0.011312 -10 0.2176278563656148 0.2176278563656148 0.2176278563656148 0.2176278563656148 0.2176278563656148 0.0
11 0.016 -10 0.29507229271171437 0.29507229271171437 0.29507229271171437 0.29507229271171437 0.29507229271171437 0.0
11 0.022624 -10 0.4037141703673799 0.4037141703673799 0.4037141703673799 0.4037141703673799 0.4037141703673799 0.0
11 0.032 -10 0.5402485143165856 0.5402485143165856 0.5402485143165856 0.5402485143165856 0.5402485143165856 0.0
11 0.045249 -10 0.6640106241699867 0.6640106241699867 0.6640106241699867 0.6640106241699867 0.6640106241699867 0.0
11 0.064 -10 0.8361204013377926 0.8361204013377926 0.8361204013377926 0.8361204013377926 0.8361204013377926 0.0
11 0.090496 -10 0.9596928982725528 0.9596928982725528 0.9596928982725528 0.9596928982725528 0.9596928982725528 0.0
11 0.128 -10 0.9940357852882704 0.9940357852882704 0.9940357852882704 0.9940357852882704 0.9940357852882704 0.0
11 0.181 -10 1.0 1.0 1.0 1.0 1.0 0.0
11 0.256 -10 1.0 1.0 1.0 1.0 1.0 0.0
11 0.362 -10 1.0 1.0 1.0 1.0 1.0 0.0
