13 0.008 -10 0.17895490336435219 0.17895490336435219 0.17895490336435219 0.17895490336435219 0.17895490336435219 0.0
13 0.011312 -10 0.25201612903225806 0.25201612903225806 0.25201612903225806 0.25201612903225806 0.25201612903225806 0.0
13 0.016 -10 0.35323207347227126 0.35323207347227126 0.35323207347227126 0.35323207347227126 0.35323207347227126 0.0
13 0.022624 -10 0.45351473922902497 0.45351473922902497 0.45351473922902497 0.45351473922902497 0.45351473922902497 0.0
13 0.032 -10 0.6082725060827251 0.6082725060827251 0.6082725060827251 0.6082725060827251 0.6082725060827251 0.0
13 0.045249 -10 0.7530120481927711 0.7530120481927711 0.7530120481927711 0.7530120481927711 0.7530120481927711 0.0
13 0.064 -10 0.91324200913242 0.91324200913242 0.91324200913242 0.91324200913242 0.91324200913242 0.0
13 0.090496 -10 0.983284169124877 0.983284169124877 0.983284169124877 0.983284169124877 0.983284169124877 0.0
13 0.128 -10 0.999000999000999 0.999000999000999 0.999000999000999 0.999000999000999 0.999000999000999 0.0
13 0.181 -10 1.0 1.0 1.0 1.0 1.0 0.0
13 0.256 -10 1.0 1.0 1.0 1.0 1.0 0.0
13 0.362 -10 1.0 1.0 1.0 1.0 1.0 0.0
