3 0.002 -10 0.007995458579526828 0.007995458579526828 0.007995458579526828 0.007995458579526828 0.007995458579526828 0.0
3 0.002828 -10 0.011530833448641668 0.011530833448641668 0.011530833448641668 0.011530833448641668 0.011530833448641668 0.0
3 0.004 -10 0.016131894368355677 0.016131894368355677 0.016131894368355677 0.016131894368355677 0.016131894368355677 0.0
3 0.005656 -10 0.02255757821840247 0.02255757821840247 0.02255757821840247 0.02255757821840247 0.02255757821840247 0.0
3 0.008 -10 0.03130086390384375 0.03130086390384375 0.03130086390384375 0.03130086390384375 0.03130086390384375 0.0
3 0.011312 -10 0.046742077217911564 0.046742077217911564 0.046742077217911564 0.046742077217911564 0.046742077217911564 0.0
3 0.016 -10 0.06222775357809583 0.06222775357809583 0.06222775357809583 0.06222775357809583 0.06222775357809583 0.0
3 0.022624 -10 0.09389671361502347 0.09389671361502347 0.09389671361502347 0.09389671361502347 0.09389671361502347 0.0
3 0.032 -10 0.12561236025624922 0.12561236025624922 0.12561236025624922 0.12561236025624922 0.12561236025624922 0.0
3 0.045249 -10 0.1772421127259837 0.1772421127259837 0.1772421127259837 0.1772421127259837 0.1772421127259837 0.0
3 0.064 -10 0.2452783909737552 0.2452783909737552 0.2452783909737552 0.2452783909737552 0.2452783909737552 0.0
3 0.090496 -10 0.3381805884342239 0.3381805884342239 0.3381805884342239 0.3381805884342239 0.3381805884342239 0.0
3 0.128 -10 0.43029259896729777 0.43029259896729777 0.43029259896729777 0.43029259896729777 0.43029259896729777 0.0
3 0.181 -10 0.5271481286241434 0.5271481286241434 0.5271481286241434 0.5271481286241434 0.5271481286241434 0.0
3 0.256 -10 0.6854009595613434 0.6854009595613434 0.6854009595613434 0.6854009595613434 0.6854009595613434 0.0
3 0.362 -10 0.7037297677691766 0.7037297677691766 0.7037297677691766 0.7037297677691766 0.7037297677691766 0.0
