15 0.008 -10 0.22207417277370642 0.22207417277370642 0.22207417277370642 0.22207417277370642 0.22207417277370642 0.0
15 0.011312 -10 0.29542097488921715 0.29542097488921715 0.29542097488921715 0.29542097488921715 0.29542097488921715 0.0
15 0.016 -10 0.4 0.4 0.4 0.4 0.4 0.0
15 0.022624 -10 0.513083632632119 0.513083632632119 0.513083632632119 0.513083632632119 0.513083632632119 0.0
15 0.032 -10 0.6640106241699867 0.6640106241699867 0.6640106241699867 0.6640106241699867 0.6640106241699867 0.0
15 0.045249 -10 0.8257638315441783 0.8257638315441783 0.8257638315441783 0.8257638315441783 0.8257638315441783 0.0
15 0.064 -10 0.9514747859181731 0.9514747859181731 0.9514747859181731 0.9514747859181731 0.9514747859181731 0.0
15 0.090496 -10 0.9930486593843099 0.9930486593843099 0.9930486593843099 0.9930486593843099 0.9930486593843099 0.0
15 0.128 -10 1.0 1.0 1.0 1.0 1.0 0.0
15 0.181 -10 1.0 1.0 1.0 1.0 1.0 0.0
15 0.256 -10 1.0 1.0 1.0 1.0 1.0 0.0
15 0.362 -10 1.0 1.0 1.0 1.0 1.0 0.0
