5 0.002 -10 0.015247388884653504 0.015247388884653504 0.015247388884653504 0.015247388884653504 0.015247388884653504 0.0
5 0.002828 -10 0.02255757821840247 0.02255757821840247 0.02255757821840247 0.02255757821840247 0.02255757821840247 0.0
5 0.004 -10 0.03295761650517435 0.03295761650517435 0.03295761650517435 0.03295761650517435 0.03295761650517435 0.0
5 0.005656 -10 0.04277708859135047 0.04277708859135047 0.04277708859135047 0.04277708859135047 0.04277708859135047 0.0
5 0.008 -10 0.06045583701106342 0.06045583701106342 0.06045583701106342 0.06045583701106342 0.06045583701106342 0.0
5 0.011312 -10 0.0887941751021133 0.0887941751021133 0.0887941751021133 0.0887941751021133 0.0887941751021133 0.0
5 0.016 -10 0.12671059300557527 0.12671059300557527 0.12671059300557527 0.12671059300557527 0.12671059300557527 0.0
5 0.022624 -10 0.175284837861525 0.175284837861525 0.175284837861525 0.175284837861525 0.175284837861525 0.0
5 0.032 -10 0.25157232704402516 0.25157232704402516 0.25157232704402516 0.25157232704402516 0.25157232704402516 0.0
5 0.045249 -10 0.33579583613163194 0.33579583613163194 0.33579583613163194 0.33579583613163194 0.33579583613163194 0.0
5 0.064 -10 0.4553734061930783 0.4553734061930783 0.4553734061930783 0.4553734061930783 0.4553734061930783 0.0
5 0.090496 -10 0.585480093676815 0.585480093676815 0.585480093676815 0.585480093676815 0.585480093676815 0.0
5 0.128 -10 0.7473841554559043 0.7473841554559043 0.7473841554559043 0.7473841554559043 0.7473841554559043 0.0
5 0.181 -10 0.8960573476702509 0.8960573476702509 0.8960573476702509 0.8960573476702509 0.8960573476702509 0.0
5 0.256 -10 0.9746588693957114 0.9746588693957114 0.9746588693957114 0.9746588693957114 0.9746588693957114 0.0
5 0.362 -10 0.9861932938856016 0.9861932938856016 0.9861932938856016 0.9861932938856016 0.9861932938856016 0.0
