2 0.181 -10 0.5494505494505495 1.0 0.5494505494505495 0.5494505494505495 0.5494505494505495 1.0
2 0.128 -10 0.49504950495049505 1.0 0.49504950495049505 0.49504950495049505 0.49504950495049505 1.0
2 0.090496 -10 0.49504950495049505 1.0 0.49504950495049505 0.49504950495049505 0.49504950495049505 1.0
2 0.064 -10 0.5319148936170213 1.0 0.5319148936170213 0.5319148936170213 0.5319148936170213 1.0
2 0.045249 -10 0.4854368932038835 1.0 0.4854368932038835 0.4854368932038835 0.4854368932038835 1.0
2 0.032 -10 0.4424778761061947 1.0 0.4424778761061947 0.4424778761061947 0.4424778761061947 1.0
2 0.022624 -10 0.5050505050505051 0.9797979797979798 0.5050505050505051 0.5050505050505051 0.5050505050505051 0.9797979797979798
2 0.016 -10 0.373134328358209 0.8059701492537313 0.373134328358209 0.373134328358209 0.373134328358209 0.7761194029850746
2 0.011312 -10 0.20161290322580644 0.5806451612903226 0.20161290322580644 0.20161290322580644 0.20161290322580644 0.5524193548387096
2 0.008 -10 0.11261261261261261 0.3716216216216216 0.11261261261261261 0.11261261261261261 0.11261261261261261 0.32882882882882886
2 0.005656 -10 0.09671179883945841 0.2514506769825919 0.09671179883945841 0.09671179883945841 0.09671179883945841 0.2127659574468085
2 0.004 -10 0.04095004095004095 0.13267813267813267 0.04095004095004095 0.04095004095004095 0.04095004095004095 0.11056511056511056
2 0.002828 -10 0.034818941504178275 0.07729805013927576 0.034818941504178275 0.034818941504178275 0.034818941504178275 0.052924791086350974
2 0.002 -10 0.02055076037813399 0.04521167283189478 0.02055076037813399 0.02055076037813399 0.02055076037813399 0.030415125359638306
2 0.001414 -10 0.01763668430335097 0.02433862433862434 0.01763668430335097 0.01763668430335097 0.01763668430335097 0.010229276895943563
2 0.001 -10 0.009703085581214826 0.01630118377644091 0.009703085581214826 0.009703085581214826 0.009703085581214826 0.007180283330098972
