4 0.181 -10 0.6944444444444444 1.0 0.6944444444444444 0.6944444444444444 0.6944444444444444 1.0
4 0.128 -10 0.819672131147541 1.0 0.819672131147541 0.819672131147541 0.819672131147541 1.0
4 0.090496 -10 0.819672131147541 1.0 0.819672131147541 0.819672131147541 0.819672131147541 1.0
4 0.064 -10 0.7575757575757576 1.0 0.7575757575757576 0.7575757575757576 0.7575757575757576 1.0
4 0.045249 -10 0.746268656716418 1.0 0.746268656716418 0.746268656716418 0.746268656716418 1.0
4 0.032 -10 0.8620689655172413 1.0 0.8620689655172413 0.8620689655172413 0.8620689655172413 1.0
4 0.022624 -10 0.7936507936507936 1.0 0.7936507936507936 0.7936507936507936 0.7936507936507936 1.0
4 0.016 -10 0.625 0.9625 0.625 0.625 0.625 0.9625
4 0.011312 -10 0.3125 0.8125 0.3125 0.3125 0.3125 0.80625
4 0.008 -10 0.14285714285714285 0.5657142857142857 0.14285714285714285 0.14285714285714285 0.14285714285714285 0.5571428571428572
4 0.005656 -10 0.05917159763313609 0.30177514792899407 0.05917159763313609 0.05917159763313609 0.05917159763313609 0.2875739644970414
4 0.004 -10 0.022904260192395786 0.163078332569858 0.022904260192395786 0.022904260192395786 0.022904260192395786 0.15666513971598717
4 0.002828 -10 0.012850167052171678 0.09200719609354921 0.012850167052171678 0.012850167052171678 0.012850167052171678 0.08866615265998458
4 0.002 -10 0.004843553230650005 0.036907875617553036 0.004843553230650005 0.004843553230650005 0.004843553230650005 0.03467984113145404
4 0.001414 -10 0.0020678246484698098 0.018941273779983458 0.0020678246484698098 0.0020678246484698098 0.0020678246484698098 0.017948717948717947
4 0.001 -10 0.000785681736042364 0.010119580760225648 0.000785681736042364 0.000785681736042364 0.000785681736042364 0.009601030814437687
