4 0.181 -10 0.5319148936170213 1.0 0.5319148936170213 0.5319148936170213 0.5319148936170213 1.0
4 0.128 -10 0.4166666666666667 1.0 0.4166666666666667 0.4166666666666667 0.4166666666666667 1.0
4 0.090496 -10 0.5154639175257731 1.0 0.5154639175257731 0.5154639175257731 0.5154639175257731 1.0
4 0.064 -10 0.43103448275862066 1.0 0.43103448275862066 0.43103448275862066 0.43103448275862066 1.0
4 0.045249 -10 0.5319148936170213 1.0 0.5319148936170213 0.5319148936170213 0.5319148936170213 1.0
4 0.032 -10 0.5263157894736842 1.0 0.5263157894736842 0.5263157894736842 0.5263157894736842 1.0
4 0.022624 -10 0.43859649122807015 0.9912280701754386 0.43859649122807015 0.43859649122807015 0.43859649122807015 0.9912280701754386
4 0.016 -10 0.3875968992248062 0.9457364341085271 0.3875968992248062 0.3875968992248062 0.3875968992248062 0.9457364341085271
4 0.011312 -10 0.2127659574468085 0.6382978723404256 0.2127659574468085 0.2127659574468085 0.2127659574468085 0.6382978723404256
4 0.008 -10 0.12658227848101267 0.44556962025316454 0.12658227848101267 0.12658227848101267 0.12658227848101267 0.43544303797468353
4 0.005656 -10 0.0589622641509434 0.24764150943396226 0.0589622641509434 0.0589622641509434 0.0589622641509434 0.2429245283018868
4 0.004 -10 0.021949078138718173 0.11852502194907814 0.021949078138718173 0.021949078138718173 0.021949078138718173 0.11369622475856014
4 0.002828 -10 0.01157943492357573 0.04909680407596109 0.01157943492357573 0.01157943492357573 0.01157943492357573 0.0460861509958314
4 0.002 -10 0.005687635081333181 0.02786941189853259 0.005687635081333181 0.005687635081333181 0.005687635081333181 0.02604936867250597
4 0.001414 -10 0.0020253574755944425 0.01263823064770932 0.0020253574755944425 0.0020253574755944425 0.0020253574755944425 0.011868594806983433
4 0.001 -10 0.0014435013568912755 0.006293665916045961 0.0014435013568912755 0.0014435013568912755 0.0014435013568912755 0.005427565101911196
