3 0.181 -10 0.8064516129032258 1.0 0.8064516129032258 0.8064516129032258 0.8064516129032258 1.0
3 0.128 -10 0.6944444444444444 1.0 0.6944444444444444 0.6944444444444444 0.6944444444444444 1.0
3 0.090496 -10 0.7142857142857143 1.0 0.7142857142857143 0.7142857142857143 0.7142857142857143 1.0
3 0.064 -10 0.7246376811594203 1.0 0.7246376811594203 0.7246376811594203 0.7246376811594203 1.0
3 0.045249 -10 0.7692307692307693 1.0 0.7692307692307693 0.7692307692307693 0.7692307692307693 1.0
3 0.032 -10 0.7246376811594203 1.0 0.7246376811594203 0.7246376811594203 0.7246376811594203 1.0
3 0.022624 -10 0.684931506849315 1.0 0.684931506849315 0.684931506849315 0.684931506849315 0.9863013698630136
3 0.016 -10 0.5263157894736842 0.9473684210526315 0.5263157894736842 0.5263157894736842 0.5263157894736842 0.9473684210526315
3 0.011312 -10 0.2857142857142857 0.64 0.2857142857142857 0.2857142857142857 0.2857142857142857 0.6228571428571429
3 0.008 -10 0.1893939393939394 0.4318181818181818 0.1893939393939394 0.1893939393939394 0.1893939393939394 0.3977272727272727
3 0.005656 -10 0.08849557522123894 0.22123893805309736 0.08849557522123894 0.08849557522123894 0.08849557522123894 0.2
3 0.004 -10 0.04921259842519685 0.12401574803149606 0.04921259842519685 0.04921259842519685 0.04921259842519685 0.09744094488188976
3 0.002828 -10 0.021303792074989347 0.0651896037494674 0.021303792074989347 0.021303792074989347 0.021303792074989347 0.05325948018747337
3 0.002 -10 0.016276041666666668 0.03515625 0.016276041666666668 0.016276041666666668 0.016276041666666668 0.0205078125
3 0.001414 -10 0.006242197253433208 0.01610486891385768 0.006242197253433208 0.006242197253433208 0.006242197253433208 0.010861423220973783
3 0.001 -10 0.004072987943955686 0.009367872271098077 0.004072987943955686 0.004072987943955686 0.004072987943955686 0.005865102639296188
