4 0.181 -10 0.5494505494505495 1.0 0.5494505494505495 0.5494505494505495 0.5494505494505495 1.0
4 0.128 -10 0.46296296296296297 1.0 0.46296296296296297 0.46296296296296297 0.46296296296296297 1.0
4 0.090496 -10 0.5154639175257731 1.0 0.5154639175257731 0.5154639175257731 0.5154639175257731 1.0
4 0.064 -10 0.5813953488372093 1.0 0.5813953488372093 0.5813953488372093 0.5813953488372093 1.0
4 0.045249 -10 0.6410256410256411 1.0 0.6410256410256411 0.6410256410256411 0.6410256410256411 1.0
4 0.032 -10 0.704225352112676 1.0 0.704225352112676 0.704225352112676 0.704225352112676 1.0
4 0.022624 -10 0.45045045045045046 1.0 0.45045045045045046 0.45045045045045046 0.45045045045045046 1.0
4 0.016 -10 0.42735042735042733 0.9743589743589743 0.42735042735042733 0.42735042735042733 0.42735042735042733 0.9743589743589743
4 0.011312 -10 0.3048780487804878 0.8536585365853658 0.3048780487804878 0.3048780487804878 0.3048780487804878 0.8536585365853658
4 0.008 -10 0.17543859649122806 0.5508771929824562 0.17543859649122806 0.17543859649122806 0.17543859649122806 0.5298245614035088
4 0.005656 -10 0.06747638326585695 0.3643724696356275 0.06747638326585695 0.06747638326585695 0.06747638326585695 0.34547908232118757
4 0.004 -10 0.02631578947368421 0.1705263157894737 0.02631578947368421 0.02631578947368421 0.02631578947368421 0.15947368421052632
4 0.002828 -10 0.017593244194229415 0.10731878958479944 0.017593244194229415 0.017593244194229415 0.017593244194229415 0.10098522167487685
4 0.002 -10 0.006218905472636816 0.04378109452736319 0.006218905472636816 0.006218905472636816 0.006218905472636816 0.03992537313432836
4 0.001414 -10 0.0036353060927730115 0.022829722262614514 0.0036353060927730115 0.0036353060927730115 0.0036353060927730115 0.020357714119528865
4 0.001 -10 0.0009717417499125432 0.011233334628988999 0.0009717417499125432 0.0009717417499125432 0.0009717417499125432 0.010650289579041475
