2 0.181 -10 0.4807692307692308 1.0 0.4807692307692308 0.4807692307692308 0.4807692307692308 1.0
2 0.128 -10 0.45454545454545453 1.0 0.45454545454545453 0.45454545454545453 0.45454545454545453 1.0
2 0.090496 -10 0.49504950495049505 1.0 0.49504950495049505 0.49504950495049505 0.49504950495049505 1.0
2 0.064 -10 0.5952380952380952 1.0 0.5952380952380952 0.5952380952380952 0.5952380952380952 1.0
2 0.045249 -10 0.5319148936170213 1.0 0.5319148936170213 0.5319148936170213 0.5319148936170213 1.0
2 0.032 -10 0.5 1.0 0.5 0.5 0.5 1.0
2 0.022624 -10 0.423728813559322 0.9152542372881356 0.423728813559322 0.423728813559322 0.423728813559322 0.8898305084745762
2 0.016 -10 0.3125 0.80625 0.3125 0.3125 0.3125 0.78125
2 0.011312 -10 0.21008403361344538 0.5378151260504201 0.21008403361344538 0.21008403361344538 0.21008403361344538 0.4957983193277311
2 0.008 -10 0.1497005988023952 0.3712574850299401 0.1497005988023952 0.1497005988023952 0.1497005988023952 0.32934131736526945
2 0.005656 -10 0.09578544061302682 0.2164750957854406 0.09578544061302682 0.09578544061302682 0.09578544061302682 0.1743295019157088
2 0.004 -10 0.05500550055005501 0.1111111111111111 0.05500550055005501 0.05500550055005501 0.05500550055005501 0.0781078107810781
2 0.002828 -10 0.0382262996941896 0.06651376146788991 0.0382262996941896 0.0382262996941896 0.0382262996941896 0.04128440366972477
2 0.002 -10 0.0244140625 0.04296875 0.0244140625 0.0244140625 0.0244140625 0.02294921875
2 0.001414 -10 0.018328445747800588 0.03225806451612903 0.018328445747800588 0.018328445747800588 0.018328445747800588 0.016495601173020527
2 0.001 -10 0.013743815283122594 0.02061572292468389 0.013743815283122594 0.013743815283122594 0.013743815283122594 0.007971412864211104
