6 0.181 -10 0.45045045045045046 1.0 0.45045045045045046 0.45045045045045046 0.45045045045045046 1.0
6 0.128 -10 0.4854368932038835 1.0 0.4854368932038835 0.4854368932038835 0.4854368932038835 1.0
6 0.090496 -10 0.4854368932038835 1.0 0.4854368932038835 0.4854368932038835 0.4854368932038835 1.0
6 0.064 -10 0.4132231404958678 1.0 0.4132231404958678 0.4132231404958678 0.4132231404958678 1.0
6 0.045249 -10 0.5882352941176471 1.0 0.5882352941176471 0.5882352941176471 0.5882352941176471 1.0
6 0.032 -10 0.5208333333333334 1.0 0.5208333333333334 0.5208333333333334 0.5208333333333334 1.0
6 0.022624 -10 0.5882352941176471 1.0 0.5882352941176471 0.5882352941176471 0.5882352941176471 1.0
6 0.016 -10 0.6493506493506493 0.987012987012987 0.6493506493506493 0.6493506493506493 0.6493506493506493 0.987012987012987
6 0.011312 -10 0.2403846153846154 0.8557692307692307 0.2403846153846154 0.2403846153846154 0.2403846153846154 0.8557692307692307
6 0.008 -10 0.10893246187363835 0.6296296296296297 0.10893246187363835 0.10893246187363835 0.10893246187363835 0.6252723311546841
6 0.005656 -10 0.04638218923933209 0.3469387755102041 0.04638218923933209 0.04638218923933209 0.04638218923933209 0.34415584415584416
6 0.004 -10 0.01169864295741694 0.1846045858680393 0.01169864295741694 0.01169864295741694 0.01169864295741694 0.18343472157229762
6 0.002828 -10 0.005179736869367037 0.0865016057184295 0.005179736869367037 0.005179736869367037 0.005179736869367037 0.08567284781933078
6 0.002 -10 0.0026445231924683977 0.046966731898238745 0.0026445231924683977 0.0026445231924683977 0.0026445231924683977 0.04659649865129317
6 0.001414 -10 0.0008032902769744875 0.03030010924747767 0.0008032902769744875 0.0008032902769744875 0.0008032902769744875 0.03013945119208277
6 0.001 -10 0.0003274287024000524 0.01612913788022658 0.0003274287024000524 0.0003274287024000524 0.0003274287024000524 0.016044006417602567
