3 0.002 -10 0.008245450572646543 0.008245450572646543 0.008245450572646543 0.008245450572646543 0.008245450572646543 0.0
3 0.002828 -10 0.011084631158898187 0.011084631158898187 0.011084631158898187 0.011084631158898187 0.011084631158898187 0.0
3 0.004 -10 0.016091399147155846 0.016091399147155846 0.016091399147155846 0.016091399147155846 0.016091399147155846 0.0
3 0.005656 -10 0.023554906487021247 0.023554906487021247 0.023554906487021247 0.023554906487021247 0.023554906487021247 0.0
3 0.008 -10 0.031191515907673113 0.031191515907673113 0.031191515907673113 0.031191515907673113 0.031191515907673113 0.0
3 0.011312 -10 0.04444839541292559 0.04444839541292559 0.04444839541292559 0.04444839541292559 0.04444839541292559 0.0
3 0.016 -10 0.060024009603841535 0.060024009603841535 0.060024009603841535 0.060024009603841535 0.060024009603841535 0.0
3 0.022624 -10 0.09341429238673517 0.09341429238673517 0.09341429238673517 0.09341429238673517 0.09341429238673517 0.0
3 0.032 -10 0.12532898859506203 0.12532898859506203 0.12532898859506203 0.12532898859506203 0.12532898859506203 0.0
3 0.045249 -10 0.18382352941176472 0.18382352941176472 0.18382352941176472 0.18382352941176472 0.18382352941176472 0.0
3 0.064 -10 0.25176233635448136 0.25176233635448136 0.25176233635448136 0.25176233635448136 0.25176233635448136 0.0
3 0.090496 -10 0.3306878306878307 0.3306878306878307 0.3306878306878307 0.3306878306878307 0.3306878306878307 0.0
3 0.128 -10 0.42016806722689076 0.42016806722689076 0.42016806722689076 0.42016806722689076 0.42016806722689076 0.0
3 0.181 -10 0.5546311702717692 0.5546311702717692 0.5546311702717692 0.5546311702717692 0.5546311702717692 0.0
3 0.256 -10 0.6675567423230975 0.6675567423230975 0.6675567423230975 0.6675567423230975 0.6675567423230975 0.0
3 0.362 -10 0.7215007215007215 0.7215007215007215 0.7215007215007215 0.7215007215007215 0.7215007215007215 0.0
