9 0.002 -10 0.03281055187348251 0.03281055187348251 0.03281055187348251 0.03281055187348251 0.03281055187348251 0.0
9 0.002828 -10 0.041858518208455424 0.041858518208455424 0.041858518208455424 0.041858518208455424 0.041858518208455424 0.0
9 0.004 -10 0.06551518761167362 0.06551518761167362 0.06551518761167362 0.06551518761167362 0.06551518761167362 0.0
9 0.005656 -10 0.0906676435571023 0.0906676435571023 0.0906676435571023 0.0906676435571023 0.0906676435571023 0.0
9 0.008 -10 0.11780104712041885 0.11780104712041885 0.11780104712041885 0.11780104712041885 0.11780104712041885 0.0
9 0.011312 -10 0.16848196051735875 0.16848196051735875 0.16848196051735875 0.16848196051735875 0.16848196051735875 0.0
9 0.016 -10 0.23420865862313697 0.23420865862313697 0.23420865862313697 0.23420865862313697 0.23420865862313697 0.0
9 0.022624 -10 0.323846908734053 0.323846908734053 0.323846908734053 0.323846908734053 0.323846908734053 0.0
9 0.032 -10 0.42987407729049065 0.42987407729049065 0.42987407729049065 0.42987407729049065 0.42987407729049065 0.0
9 0.045249 -10 0.581668625146886 0.581668625146886 0.581668625146886 0.581668625146886 0.581668625146886 0.0
9 0.064 -10 0.7377049180327869 0.7377049180327869 0.7377049180327869 0.7377049180327869 0.7377049180327869 0.0
9 0.090496 -10 0.9016393442622951 0.9016393442622951 0.9016393442622951 0.9016393442622951 0.9016393442622951 0.0
9 0.128 -10 0.9744094488188977 0.9744094488188977 0.9744094488188977 0.9744094488188977 0.9744094488188977 0.0
9 0.181 -10 1.0 1.0 1.0 1.0 1.0 0.0
9 0.256 -10 1.0 1.0 1.0 1.0 1.0 0.0
9 0.362 -10 1.0 1.0 1.0 1.0 1.0 0.0
