7 0.002 -10 0.024402742868298397 0.024402742868298397 0.024402742868298397 0.024402742868298397 0.024402742868298397 0.0
7 0.002828 -10 0.03337895123335225 0.03337895123335225 0.03337895123335225 0.03337895123335225 0.03337895123335225 0.0
7 0.004 -10 0.04868075163080518 0.04868075163080518 0.04868075163080518 0.04868075163080518 0.04868075163080518 0.0
7 0.005656 -10 0.06094959468519534 0.06094959468519534 0.06094959468519534 0.06094959468519534 0.06094959468519534 0.0
7 0.008 -10 0.09477774618519572 0.09477774618519572 0.09477774618519572 0.09477774618519572 0.09477774618519572 0.0
7 0.011312 -10 0.132749236691889 0.132749236691889 0.132749236691889 0.132749236691889 0.132749236691889 0.0
7 0.016 -10 0.18102824040550325 0.18102824040550325 0.18102824040550325 0.18102824040550325 0.18102824040550325 0.0
7 0.022624 -10 0.24142926122646063 0.24142926122646063 0.24142926122646063 0.24142926122646063 0.24142926122646063 0.0
7 0.032 -10 0.33772374197906113 0.33772374197906113 0.33772374197906113 0.33772374197906113 0.33772374197906113 0.0
7 0.045249 -10 0.45955882352941174 0.45955882352941174 0.45955882352941174 0.45955882352941174 0.45955882352941174 0.0
7 0.064 -10 0.6195786864931846 0.6195786864931846 0.6195786864931846 0.6195786864931846 0.6195786864931846 0.0
7 0.090496 -10 0.7874015748031497 0.7874015748031497 0.7874015748031497 0.7874015748031497 0.7874015748031497 0.0
7 0.128 -10 0.91324200913242 0.91324200913242 0.91324200913242 0.91324200913242 0.91324200913242 0.0
7 0.181 -10 0.9881422924901185 0.9881422924901185 0.9881422924901185 0.9881422924901185 0.9881422924901185 0.0
7 0.256 -10 1.0 1.0 1.0 1.0 1.0 0.0
7 0.362 -10 1.0 1.0 1.0 1.0 1.0 0.0
