9 0.001 -10 7.2692754506710895e-06 7.2692754506710895e-06 7.2692754506710895e-06 7.2692754506710895e-06 7.2692754506710895e-06 0.0
9 0.001414 -10 1.5189435577434217e-05 1.5189435577434217e-05 1.5189435577434217e-05 1.5189435577434217e-05 1.5189435577434217e-05 0.0
9 0.002 -10 3.0672548066413305e-05 3.0672548066413305e-05 3.0672548066413305e-05 3.0672548066413305e-05 3.0672548066413305e-05 0.0
9 0.002828 -10 6.0882252019890475e-05 6.0882252019890475e-05 6.0882252019890475e-05 6.0882252019890475e-05 6.0882252019890475e-05 0.0
9 0.004 -10 0.0001491001804112183 0.0001491001804112183 0.0001491001804112183 0.0001491001804112183 0.0001491001804112183 0.0
9 0.005656 -10 0.00026721734817779143 0.00026721734817779143 0.00026721734817779143 0.00026721734817779143 0.00026721734817779143 0.0
9 0.008 -10 0.0006448056072295605 0.0006448056072295605 0.0006448056072295605 0.0006448056072295605 0.0006448056072295605 0.0
9 0.011312 -10 0.0014117773288325872 0.0014117773288325872 0.0014117773288325872 0.0014117773288325872 0.0014117773288325872 0.0
9 0.016 -10 0.0033777393466101007 0.0033777393466101007 0.0033777393466101007 0.0033777393466101007 0.0033777393466101007 0.0
9 0.022624 -10 0.0075495058848398374 0.0075495058848398374 0.0075495058848398374 0.0075495058848398374 0.0075495058848398374 0.0
9 0.032 -10 0.021090372245070127 0.021090372245070127 0.021090372245070127 0.021090372245070127 0.021090372245070127 0.0
9 0.045249 -10 0.05394034198176816 0.05394034198176816 0.05394034198176816 0.05394034198176816 0.05394034198176816 0.0
9 0.064 -10 0.13404825737265416 0.13404825737265416 0.13404825737265416 0.13404825737265416 0.13404825737265416 0.0
9 0.090496 -10 0.32164683177870695 0.32164683177870695 0.32164683177870695 0.32164683177870695 0.32164683177870695 0.0
9 0.128 -10 0.6557377049180327 0.6557377049180327 0.6557377049180327 0.6557377049180327 0.6557377049180327 0.0
9 0.181 -10 0.9433962264150944 0.9433962264150944 0.9433962264150944 0.9433962264150944 0.9433962264150944 0.0
9 0.256 -10 0.9970089730807578 0.9970089730807578 0.9970089730807578 0.9970089730807578 0.9970089730807578 0.0
9 0.362 -10 1.0 1.0 1.0 1.0 1.0 0.0
