5 0.001 -10 0.004144218814753419 0.004185661002900953 0.004144218814753419 0.004144218814753419 0.004144218814753419 4.144218814753419e-05
5 0.001414 -10 0.00584726932522512 0.00584726932522512 0.00584726932522512 0.00584726932522512 0.00584726932522512 0.0
5 0.002 -10 0.006958942240779402 0.0070285316631871955 0.006958942240779402 0.006958942240779402 0.006958942240779402 6.958942240779402e-05
5 0.002828 -10 0.01006238679814852 0.01006238679814852 0.01006238679814852 0.01006238679814852 0.01006238679814852 0.0
5 0.004 -10 0.02043318348998774 0.02063751532488762 0.02043318348998774 0.02043318348998774 0.02043318348998774 0.0002043318348998774
5 0.005656 -10 0.020807324178110695 0.021015397419891804 0.020807324178110695 0.020807324178110695 0.020807324178110695 0.00020807324178110696
5 0.008 -10 0.033783783783783786 0.03547297297297297 0.033783783783783786 0.033783783783783786 0.033783783783783786 0.002027027027027027
5 0.011312 -10 0.041736227045075125 0.04632721202003339 0.041736227045075125 0.041736227045075125 0.041736227045075125 0.005425709515859766
5 0.016 -10 0.06042296072507553 0.06404833836858007 0.06042296072507553 0.06042296072507553 0.06042296072507553 0.006646525679758308
5 0.022624 -10 0.1 0.105 0.1 0.1 0.1 0.013
5 0.032 -10 0.14925373134328357 0.15970149253731344 0.14925373134328357 0.14925373134328357 0.14925373134328357 0.023880597014925373
5 0.045249 -10 0.22522522522522523 0.2545045045045045 0.22522522522522523 0.22522522522522523 0.22522522522522523 0.05630630630630631
5 0.064 -10 0.27548209366391185 0.3168044077134986 0.27548209366391185 0.27548209366391185 0.27548209366391185 0.08539944903581267
5 0.090496 -10 0.37593984962406013 0.42857142857142855 0.37593984962406013 0.37593984962406013 0.37593984962406013 0.11654135338345864
5 0.128 -10 0.5681818181818182 0.6420454545454546 0.5681818181818182 0.5681818181818182 0.5681818181818182 0.26704545454545453
5 0.181 -10 0.7092198581560284 0.8297872340425532 0.7092198581560284 0.7092198581560284 0.7092198581560284 0.5319148936170213
5 0.256 -10 0.9174311926605505 0.981651376146789 0.9174311926605505 0.9174311926605505 0.9174311926605505 0.7706422018348624
5 0.362 -10 0.9900990099009901 1.0 0.9900990099009901 0.9900990099009901 0.9900990099009901 0.9702970297029703
