3 0.001 -10 3.3561667903470065e-05 3.3561667903470065e-05 3.3561667903470065e-05 3.3561667903470065e-05 3.3561667903470065e-05 0.0
3 0.001414 -10 7.391211347105919e-05 7.391211347105919e-05 7.391211347105919e-05 7.391211347105919e-05 7.391211347105919e-05 0.0
3 0.002 -10 0.00013857747450867356 0.00013857747450867356 0.00013857747450867356 0.00013857747450867356 0.00013857747450867356 0.0
3 0.002828 -10 0.0002616713946326487 0.0002616713946326487 0.0002616713946326487 0.0002616713946326487 0.0002616713946326487 0.0
3 0.004 -10 0.000521222893151913 0.000521222893151913 0.000521222893151913 0.000521222893151913 0.000521222893151913 0.0
3 0.005656 -10 0.0010237332069364068 0.0010237332069364068 0.0010237332069364068 0.0010237332069364068 0.0010237332069364068 0.0
3 0.008 -10 0.0020197695039042146 0.0020197695039042146 0.0020197695039042146 0.0020197695039042146 0.0020197695039042146 0.0
3 0.011312 -10 0.0038881004685161064 0.0038881004685161064 0.0038881004685161064 0.0038881004685161064 0.0038881004685161064 0.0
3 0.016 -10 0.008253004093490031 0.008253004093490031 0.008253004093490031 0.008253004093490031 0.008253004093490031 0.0
3 0.022624 -10 0.015993090984694612 0.015993090984694612 0.015993090984694612 0.015993090984694612 0.015993090984694612 0.0
3 0.032 -10 0.02959455460195324 0.02959455460195324 0.02959455460195324 0.02959455460195324 0.02959455460195324 0.0
3 0.045249 -10 0.06058035984733749 0.06058035984733749 0.06058035984733749 0.06058035984733749 0.06058035984733749 0.0
3 0.064 -10 0.1224739742804654 0.1224739742804654 0.1224739742804654 0.1224739742804654 0.1224739742804654 0.0
3 0.090496 -10 0.20903010033444816 0.20903010033444816 0.20903010033444816 0.20903010033444816 0.20903010033444816 0.0
3 0.128 -10 0.3412969283276451 0.3412969283276451 0.3412969283276451 0.3412969283276451 0.3412969283276451 0.0
3 0.181 -10 0.49504950495049505 0.49504950495049505 0.49504950495049505 0.49504950495049505 0.49504950495049505 0.0
3 0.256 -10 0.6468305304010349 0.6468305304010349 0.6468305304010349 0.6468305304010349 0.6468305304010349 0.0
3 0.362 -10 0.7331378299120235 0.7331378299120235 0.7331378299120235 0.7331378299120235 0.7331378299120235 0.0
