3 0.001 -10 1.7943079527675943e-05 0.004035219154979043 1.7943079527675943e-05 1.7943079527675943e-05 1.7943079527675943e-05 0.004023795394346423
3 0.001414 -10 3.779744224708314e-05 0.005646055931395122 3.779744224708314e-05 3.779744224708314e-05 3.779744224708314e-05 0.005619723713296321
3 0.002 -10 6.753384627540708e-05 0.008021670260592853 6.753384627540708e-05 6.753384627540708e-05 6.753384627540708e-05 0.007979574163081182
3 0.002828 -10 0.00015069424840238982 0.011282478377886925 0.00015069424840238982 0.00015069424840238982 0.00015069424840238982 0.01118352248810269
3 0.004 -10 0.00029228484912256086 0.016012338317764295 0.00029228484912256086 0.00029228484912256086 0.00029228484912256086 0.0158077389233785
3 0.005656 -10 0.0005445683841748427 0.022532424509207744 0.0005445683841748427 0.0005445683841748427 0.0005445683841748427 0.022202053022808338
3 0.008 -10 0.0011496058767852422 0.032016523668468994 0.0011496058767852422 0.0011496058767852422 0.0011496058767852422 0.031246287731022882
3 0.011312 -10 0.002330223779156925 0.04479466844799329 0.002330223779156925 0.002330223779156925 0.002330223779156925 0.04324118592855534
3 0.016 -10 0.004966640729765078 0.06393722166117577 0.004966640729765078 0.004966640729765078 0.004966640729765078 0.060526795026737086
3 0.022624 -10 0.008216701815891101 0.09010982991427241 0.008216701815891101 0.008216701815891101 0.008216701815891101 0.08490591876420804
3 0.032 -10 0.01666481502055327 0.12837462504166203 0.01666481502055327 0.01666481502055327 0.01666481502055327 0.11693145206088212
3 0.045249 -10 0.0316722972972973 0.17366976351351351 0.0316722972972973 0.0316722972972973 0.0316722972972973 0.15297719594594594
3 0.064 -10 0.05704506560182544 0.23635672181023007 0.05704506560182544 0.05704506560182544 0.05704506560182544 0.2009887811370983
3 0.090496 -10 0.10634526763559021 0.33569656150301314 0.10634526763559021 0.10634526763559021 0.10634526763559021 0.2736618220489188
3 0.128 -10 0.18587360594795538 0.4479553903345725 0.18587360594795538 0.18587360594795538 0.18587360594795538 0.3358116480793061
3 0.181 -10 0.29411764705882354 0.5264705882352941 0.29411764705882354 0.29411764705882354 0.29411764705882354 0.35
