3 0.001 -10 1.5600178653245937e-05 0.003984441629825545 1.5600178653245937e-05 1.5600178653245937e-05 1.5600178653245937e-05 0.0039741455119144025
3 0.001414 -10 4.259809169068844e-05 0.005661712366609401 4.259809169068844e-05 4.259809169068844e-05 4.259809169068844e-05 0.005630189778758291
3 0.002 -10 7.854910379400026e-05 0.007978232472356607 7.854910379400026e-05 7.854910379400026e-05 7.854910379400026e-05 0.007931888501118147
3 0.002828 -10 0.00014272624250330411 0.011283936732311223 0.00014272624250330411 0.00014272624250330411 0.00014272624250330411 0.011189737412259043
3 0.004 -10 0.00028973413995317897 0.01568620633706511 0.00028973413995317897 0.00028973413995317897 0.00028973413995317897 0.01550946851169367
3 0.005656 -10 0.0005597035809835111 0.023031802357471483 0.0005597035809835111 0.0005597035809835111 0.0005597035809835111 0.022651203922402694
3 0.008 -10 0.0012354678098862135 0.032888153099171 0.0012354678098862135 0.0012354678098862135 0.0012354678098862135 0.032085099022744965
3 0.011312 -10 0.002095250068095627 0.04467073145179877 0.002095250068095627 0.002095250068095627 0.002095250068095627 0.04339262891026044
3 0.016 -10 0.0038945359660396465 0.060676870350897694 0.0038945359660396465 0.0038945359660396465 0.0038945359660396465 0.0583012034116135
3 0.022624 -10 0.008598452278589854 0.09355116079105762 0.008598452278589854 0.008598452278589854 0.008598452278589854 0.08770421324161651
3 0.032 -10 0.01737619461337967 0.12562988705473502 0.01737619461337967 0.01737619461337967 0.01737619461337967 0.11485664639443961
3 0.045249 -10 0.033112582781456956 0.1728476821192053 0.033112582781456956 0.033112582781456956 0.033112582781456956 0.1533112582781457
3 0.064 -10 0.06064281382656155 0.24681625227410553 0.06064281382656155 0.06064281382656155 0.06064281382656155 0.20679199514857488
3 0.090496 -10 0.10030090270812438 0.3039117352056169 0.10030090270812438 0.10030090270812438 0.10030090270812438 0.24974924774322968
3 0.128 -10 0.19193857965451055 0.42418426103646834 0.19193857965451055 0.19193857965451055 0.19193857965451055 0.29750479846449135
3 0.181 -10 0.2949852507374631 0.5398230088495575 0.2949852507374631 0.2949852507374631 0.2949852507374631 0.37168141592920356
3 0.256 -10 0.4132231404958678 0.6570247933884298 0.4132231404958678 0.4132231404958678 0.4132231404958678 0.4297520661157025
3 0.362 -10 0.46511627906976744 0.7255813953488373 0.46511627906976744 0.46511627906976744 0.46511627906976744 0.4883720930232558
