3 0.001 -10 0.001949490474080638 0.001949490474080638 0.001949490474080638 0.001949490474080638 0.001949490474080638 0.0
3 0.001414 -10 0.0029177275177015 0.0029177275177015 0.0029177275177015 0.0029177275177015 0.0029177275177015 0.0
3 0.002 -10 0.004536915606280793 0.004536915606280793 0.004536915606280793 0.004536915606280793 0.004536915606280793 0.0
3 0.002828 -10 0.006251010400387994 0.006251010400387994 0.006251010400387994 0.006251010400387994 0.006251010400387994 0.0
3 0.004 -10 0.008181340538917661 0.008181340538917661 0.008181340538917661 0.008181340538917661 0.008181340538917661 0.0
3 0.005656 -10 0.011661807580174927 0.011661807580174927 0.011661807580174927 0.011661807580174927 0.011661807580174927 0.0
3 0.008 -10 0.016630059617194853 0.016630059617194853 0.016630059617194853 0.016630059617194853 0.016630059617194853 0.0
3 0.011312 -10 0.020905923344947737 0.020905923344947737 0.020905923344947737 0.020905923344947737 0.020905923344947737 0.0
3 0.016 -10 0.03258785942492013 0.03258785942492013 0.03258785942492013 0.03258785942492013 0.03258785942492013 0.0
3 0.022624 -10 0.05309734513274336 0.05309734513274336 0.05309734513274336 0.05309734513274336 0.05309734513274336 0.0
3 0.032 -10 0.058925476603119586 0.058925476603119586 0.058925476603119586 0.058925476603119586 0.058925476603119586 0.0
3 0.045249 -10 0.09074410163339383 0.09074410163339383 0.09074410163339383 0.09074410163339383 0.09074410163339383 0.0
3 0.064 -10 0.13966480446927373 0.13966480446927373 0.13966480446927373 0.13966480446927373 0.13966480446927373 0.0
3 0.090496 -10 0.21231422505307856 0.21231422505307856 0.21231422505307856 0.21231422505307856 0.21231422505307856 0.0
3 0.128 -10 0.30120481927710846 0.30120481927710846 0.30120481927710846 0.30120481927710846 0.30120481927710846 0.0
3 0.181 -10 0.46296296296296297 0.46296296296296297 0.46296296296296297 0.46296296296296297 0.46296296296296297 0.0
3 0.256 -10 0.6172839506172839 0.6172839506172839 0.6172839506172839 0.6172839506172839 0.6172839506172839 0.0
3 0.362 -10 0.6211180124223602 0.8260869565217391 0.6211180124223602 0.6211180124223602 0.6211180124223602 0.37267080745341613
