3 0.001 -10 1.7438657733958384e-05 0.004002904373568275 1.7438657733958384e-05 1.7438657733958384e-05 1.7438657733958384e-05 0.003991743632618542
3 0.001414 -10 3.361441595910282e-05 0.005653272476001912 3.361441595910282e-05 3.361441595910282e-05 3.361441595910282e-05 0.005631288647964659
3 0.002 -10 6.884610485950232e-05 0.007968248176438798 6.884610485950232e-05 6.884610485950232e-05 6.884610485950232e-05 0.007921088594610038
3 0.002828 -10 0.00013884977953432007 0.011316395881826619 0.00013884977953432007 0.00013884977953432007 0.00013884977953432007 0.011221561482404678
3 0.004 -10 0.0002922907439413244 0.015966089597050905 0.0002922907439413244 0.0002922907439413244 0.0002922907439413244 0.015768501054146566
3 0.005656 -10 0.0005992681737062699 0.022635557457233228 0.0005992681737062699 0.0005992681737062699 0.0005992681737062699 0.02226401118953534
3 0.008 -10 0.001037209905354596 0.03188279528069493 0.001037209905354596 0.001037209905354596 0.001037209905354596 0.031190976273823414
3 0.011312 -10 0.0021680733849479337 0.04489429558211686 0.0021680733849479337 0.0021680733849479337 0.0021680733849479337 0.04342434182712217
3 0.016 -10 0.004454085064116554 0.06359542654545616 0.004454085064116554 0.004454085064116554 0.004454085064116554 0.060593373212241605
3 0.022624 -10 0.008382862076770251 0.08993972722166803 0.008382862076770251 0.008382862076770251 0.008382862076770251 0.084650141251226
3 0.032 -10 0.01725446890744703 0.1254744978949548 0.01725446890744703 0.01725446890744703 0.01725446890744703 0.1141038028849472
3 0.045249 -10 0.03108003108003108 0.17516705516705516 0.03108003108003108 0.03108003108003108 0.03108003108003108 0.15571095571095572
3 0.064 -10 0.05590339892665474 0.23988148479427548 0.05590339892665474 0.05590339892665474 0.05590339892665474 0.20572450805008943
3 0.090496 -10 0.10170870626525631 0.319060211554109 0.10170870626525631 0.10170870626525631 0.10170870626525631 0.2544751830756713
3 0.128 -10 0.17123287671232876 0.42448630136986304 0.17123287671232876 0.17123287671232876 0.17123287671232876 0.31746575342465755
3 0.181 -10 0.27225701061802343 0.5480533623740811 0.27225701061802343 0.27225701061802343 0.27225701061802343 0.3792540157909066
3 0.256 -10 0.3929273084479371 0.6974459724950884 0.3929273084479371 0.3929273084479371 0.3929273084479371 0.5049115913555993
3 0.362 -10 0.45454545454545453 0.7013636363636364 0.45454545454545453 0.45454545454545453 0.45454545454545453 0.4572727272727273
