5 0.001 -10 0.0038147554741741053 0.0038147554741741053 0.0038147554741741053 0.0038147554741741053 0.0038147554741741053 0.0
5 0.001414 -10 0.005368551028077522 0.005475922048639072 0.005368551028077522 0.005368551028077522 0.005368551028077522 0.00010737102056155044
5 0.002 -10 0.008739730816290859 0.008914525432616675 0.008739730816290859 0.008739730816290859 0.008739730816290859 0.00017479461632581716
5 0.002828 -10 0.011961722488038277 0.01208133971291866 0.011961722488038277 0.011961722488038277 0.011961722488038277 0.00011961722488038278
5 0.004 -10 0.01688333614722269 0.01688333614722269 0.01688333614722269 0.01688333614722269 0.01688333614722269 0.0
5 0.005656 -10 0.021691973969631236 0.022342733188720175 0.021691973969631236 0.021691973969631236 0.021691973969631236 0.0006507592190889371
5 0.008 -10 0.037921880925293895 0.038680318543799774 0.037921880925293895 0.037921880925293895 0.037921880925293895 0.0007584376185058779
5 0.011312 -10 0.04231908590774439 0.0452814219212865 0.04231908590774439 0.04231908590774439 0.04231908590774439 0.0029623360135421074
5 0.016 -10 0.054764512595837894 0.06407447973713033 0.054764512595837894 0.054764512595837894 0.054764512595837894 0.009309967141292442
5 0.022624 -10 0.08149959250203749 0.08394458027709861 0.08149959250203749 0.08149959250203749 0.08149959250203749 0.0024449877750611247
5 0.032 -10 0.13351134846461948 0.16154873164218958 0.13351134846461948 0.13351134846461948 0.13351134846461948 0.030707610146862484
5 0.045249 -10 0.18214936247723132 0.21129326047358835 0.18214936247723132 0.18214936247723132 0.18214936247723132 0.030965391621129327
5 0.064 -10 0.24390243902439024 0.3 0.24390243902439024 0.24390243902439024 0.24390243902439024 0.06097560975609756
5 0.090496 -10 0.33557046979865773 0.4563758389261745 0.33557046979865773 0.33557046979865773 0.33557046979865773 0.16778523489932887
5 0.128 -10 0.4149377593360996 0.6016597510373444 0.4149377593360996 0.4149377593360996 0.4149377593360996 0.2946058091286307
5 0.181 -10 0.546448087431694 0.825136612021858 0.546448087431694 0.546448087431694 0.546448087431694 0.5245901639344263
5 0.256 -10 0.5263157894736842 0.9421052631578948 0.5263157894736842 0.5263157894736842 0.5263157894736842 0.7894736842105263
5 0.362 -10 0.4830917874396135 0.9951690821256038 0.4830917874396135 0.4830917874396135 0.4830917874396135 0.9710144927536232
