5 0.001 -10 3.1187172336781866e-07 0.008016004599833473 3.1187172336781866e-07 3.1187172336781866e-07 3.1187172336781866e-07 0.008015872574137247
5 0.001414 -10 7.646521907250855e-07 0.011307569545135863 7.646521907250855e-07 7.646521907250855e-07 7.646521907250855e-07 0.011307250940056393
5 0.002 -10 2.005284955236659e-06 0.015992662207817532 2.005284955236659e-06 2.005284955236659e-06 2.005284955236659e-06 0.01599174646102131
5 0.002828 -10 5.741166951508286e-06 0.022528683587735604 5.741166951508286e-06 5.741166951508286e-06 5.741166951508286e-06 0.022526100062607426
5 0.004 -10 1.762980857436318e-05 0.03181839604706783 1.762980857436318e-05 1.762980857436318e-05 1.762980857436318e-05 0.03181199054995248
5 0.005656 -10 4.957229847084331e-05 0.04488837722932823 4.957229847084331e-05 4.957229847084331e-05 4.957229847084331e-05 0.044868052586955184
5 0.008 -10 0.00014450665188203056 0.06310653656572235 0.00014450665188203056 0.00014450665188203056 0.00014450665188203056 0.06304969728264875
5 0.011312 -10 0.000370560225300617 0.09001896033152788 0.000370560225300617 0.000370560225300617 0.000370560225300617 0.08985961943464861
5 0.016 -10 0.000990223196308448 0.12615773595368396 0.000990223196308448 0.000990223196308448 0.000990223196308448 0.12571543625933285
5 0.022624 -10 0.0028460027890827334 0.17716367362040014 0.0028460027890827334 0.0028460027890827334 0.0028460027890827334 0.17591143239320375
5 0.032 -10 0.007727378100610463 0.2523761687659377 0.007727378100610463 0.007727378100610463 0.007727378100610463 0.2492594595986915
5 0.045249 -10 0.017941510675198852 0.3375994258716584 0.017941510675198852 0.017941510675198852 0.017941510675198852 0.3313797021709228
5 0.064 -10 0.04697040864255519 0.4415218412400188 0.04697040864255519 0.04697040864255519 0.04697040864255519 0.42649131047440114
5 0.090496 -10 0.09963467286615742 0.5914978412487546 0.09963467286615742 0.09963467286615742 0.09963467286615742 0.564596479574892
5 0.128 -10 0.1913265306122449 0.7570153061224489 0.1913265306122449 0.1913265306122449 0.1913265306122449 0.7232142857142857
5 0.181 -10 0.32894736842105265 0.8837719298245614 0.32894736842105265 0.32894736842105265 0.32894736842105265 0.8629385964912281
