5 0.001 -10 2.828726072285977e-07 0.007974747937459914 2.828726072285977e-07 2.828726072285977e-07 2.828726072285977e-07 0.007974600843704155
5 0.001414 -10 8.727118764395535e-07 0.011270302406918061 8.727118764395535e-07 8.727118764395535e-07 8.727118764395535e-07 0.011269845105894807
5 0.002 -10 2.3602632350604377e-06 0.01591294901683188 2.3602632350604377e-06 2.3602632350604377e-06 2.3602632350604377e-06 0.015911695717054062
5 0.002828 -10 6.163995580341201e-06 0.02245643446646701 6.163995580341201e-06 6.163995580341201e-06 6.163995580341201e-06 0.02245340794463706
5 0.004 -10 1.7970277305099584e-05 0.03165038451721161 1.7970277305099584e-05 1.7970277305099584e-05 1.7970277305099584e-05 0.03164147125966828
5 0.005656 -10 5.091320469603035e-05 0.044578176462112686 5.091320469603035e-05 5.091320469603035e-05 5.091320469603035e-05 0.04455327990501633
5 0.008 -10 0.00013698652655319432 0.06262243170810691 0.00013698652655319432 0.00013698652655319432 0.00013698652655319432 0.062559554892419
5 0.011312 -10 0.00036490237584287886 0.08780171496818599 0.00036490237584287886 0.00036490237584287886 0.00036490237584287886 0.08762546712065387
5 0.016 -10 0.0010329372707524845 0.12315814372908948 0.0010329372707524845 0.0010329372707524845 0.0010329372707524845 0.12272431007537343
5 0.022624 -10 0.002774032833452617 0.17071120653784058 0.002774032833452617 0.002774032833452617 0.002774032833452617 0.1695627569447912
5 0.032 -10 0.007179781734635267 0.23663842619184378 0.007179781734635267 0.007179781734635267 0.007179781734635267 0.23382395175186674
5 0.045249 -10 0.01961284248926197 0.32502402573204936 0.01961284248926197 0.01961284248926197 0.01961284248926197 0.31792417675093654
5 0.064 -10 0.04486115472612265 0.4383383428289444 0.04486115472612265 0.04486115472612265 0.04486115472612265 0.42514916333946434
5 0.090496 -10 0.10109179134654266 0.5813788920339669 0.10109179134654266 0.10109179134654266 0.10109179134654266 0.5575212292761828
5 0.128 -10 0.20214271275520518 0.7325651910248635 0.20214271275520518 0.20214271275520518 0.20214271275520518 0.6998180715585203
5 0.181 -10 0.35014005602240894 0.8897058823529411 0.35014005602240894 0.35014005602240894 0.35014005602240894 0.8620448179271709
5 0.256 -10 0.43122035360068994 0.9719706770159552 0.43122035360068994 0.43122035360068994 0.43122035360068994 0.9555843035791289
5 0.362 -10 0.4892367906066536 0.9936399217221135 0.4892367906066536 0.4892367906066536 0.4892367906066536 0.9838551859099804
