3 0.001 -10 0.0025372982847863593 0.0025372982847863593 0.0025372982847863593 0.0025372982847863593 0.0025372982847863593 0.0
3 0.001414 -10 0.0034529194433893856 0.0034529194433893856 0.0034529194433893856 0.0034529194433893856 0.0034529194433893856 0.0
3 0.002 -10 0.004274052228918237 0.004274052228918237 0.004274052228918237 0.004274052228918237 0.004274052228918237 0.0
3 0.002828 -10 0.005978000956480153 0.005978000956480153 0.005978000956480153 0.005978000956480153 0.005978000956480153 0.0
3 0.004 -10 0.008045052292839904 0.008045052292839904 0.008045052292839904 0.008045052292839904 0.008045052292839904 0.0
3 0.005656 -10 0.012830382345393894 0.012830382345393894 0.012830382345393894 0.012830382345393894 0.012830382345393894 0.0
3 0.008 -10 0.015160703456640388 0.015160703456640388 0.015160703456640388 0.015160703456640388 0.015160703456640388 0.0
3 0.011312 -10 0.027995520716685332 0.027995520716685332 0.027995520716685332 0.027995520716685332 0.027995520716685332 0.0
3 0.016 -10 0.03838771593090211 0.03838771593090211 0.03838771593090211 0.03838771593090211 0.03838771593090211 0.0
3 0.022624 -10 0.048520135856380396 0.048520135856380396 0.048520135856380396 0.048520135856380396 0.048520135856380396 0.0
3 0.032 -10 0.07518796992481203 0.07518796992481203 0.07518796992481203 0.07518796992481203 0.07518796992481203 0.0
3 0.045249 -10 0.1122334455667789 0.1122334455667789 0.1122334455667789 0.1122334455667789 0.1122334455667789 0.0
3 0.064 -10 0.17391304347826086 0.17391304347826086 0.17391304347826086 0.17391304347826086 0.17391304347826086 0.0
3 0.090496 -10 0.19723865877712032 0.19723865877712032 0.19723865877712032 0.19723865877712032 0.19723865877712032 0.0
3 0.128 -10 0.33444816053511706 0.33444816053511706 0.33444816053511706 0.33444816053511706 0.33444816053511706 0.0
3 0.181 -10 0.5555555555555556 0.5555555555555556 0.5555555555555556 0.5555555555555556 0.5555555555555556 0.0
3 0.256 -10 0.6024096385542169 0.6024096385542169 0.6024096385542169 0.6024096385542169 0.6024096385542169 0.0
3 0.362 -10 0.8547008547008547 0.8974358974358975 0.8547008547008547 0.8547008547008547 0.8547008547008547 0.4358974358974359
