5 0.001 -10 2.9670969422078056e-06 2.9670969422078056e-06 2.9670969422078056e-06 2.9670969422078056e-06 2.9670969422078056e-06 0.0
5 0.001414 -10 6.151796186070918e-06 6.151796186070918e-06 6.151796186070918e-06 6.151796186070918e-06 6.151796186070918e-06 0.0
5 0.002 -10 1.168189089627906e-05 1.168189089627906e-05 1.168189089627906e-05 1.168189089627906e-05 1.168189089627906e-05 0.0
5 0.002828 -10 2.6046462200201965e-05 2.6046462200201965e-05 2.6046462200201965e-05 2.6046462200201965e-05 2.6046462200201965e-05 0.0
5 0.004 -10 5.82802206256032e-05 5.82802206256032e-05 5.82802206256032e-05 5.82802206256032e-05 5.82802206256032e-05 0.0
5 0.005656 -10 0.00014023337638497988 0.00014023337638497988 0.00014023337638497988 0.00014023337638497988 0.00014023337638497988 0.0
5 0.008 -10 0.00036038373660273457 0.00036038373660273457 0.00036038373660273457 0.00036038373660273457 0.00036038373660273457 0.0
5 0.011312 -10 0.0007315235440852664 0.0007315235440852664 0.0007315235440852664 0.0007315235440852664 0.0007315235440852664 0.0
5 0.016 -10 0.0021151486949532554 0.0021151486949532554 0.0021151486949532554 0.0021151486949532554 0.0021151486949532554 0.0
5 0.022624 -10 0.0044806882337126985 0.0044806882337126985 0.0044806882337126985 0.0044806882337126985 0.0044806882337126985 0.0
5 0.032 -10 0.0112145340361108 0.0112145340361108 0.0112145340361108 0.0112145340361108 0.0112145340361108 0.0
5 0.045249 -10 0.027314941272876262 0.027314941272876262 0.027314941272876262 0.027314941272876262 0.027314941272876262 0.0
5 0.064 -10 0.052273915316257184 0.052273915316257184 0.052273915316257184 0.052273915316257184 0.052273915316257184 0.0
5 0.090496 -10 0.11918951132300358 0.11918951132300358 0.11918951132300358 0.11918951132300358 0.11918951132300358 0.0
5 0.128 -10 0.2840909090909091 0.2840909090909091 0.2840909090909091 0.2840909090909091 0.2840909090909091 0.0
5 0.181 -10 0.4132231404958678 0.4132231404958678 0.4132231404958678 0.4132231404958678 0.4132231404958678 0.0
5 0.256 -10 0.5813953488372093 0.5813953488372093 0.5813953488372093 0.5813953488372093 0.5813953488372093 0.0
5 0.362 -10 0.5813953488372093 0.5813953488372093 0.5813953488372093 0.5813953488372093 0.5813953488372093 0.0
