5 0.001 -10 2.8337170044471506e-07 0.008003425623812337 2.8337170044471506e-07 2.8337170044471506e-07 2.8337170044471506e-07 0.008003323610000177
5 0.001414 -10 7.970153115567921e-07 0.011310571808752286 7.970153115567921e-07 7.970153115567921e-07 7.970153115567921e-07 0.011310237062321433
5 0.002 -10 2.294203783614645e-06 0.01599273398131284 2.294203783614645e-06 2.294203783614645e-06 2.294203783614645e-06 0.015991678647572376
5 0.002828 -10 5.831453612856675e-06 0.02261799261189816 5.831453612856675e-06 5.831453612856675e-06 5.831453612856675e-06 0.022615660030453018
5 0.004 -10 1.6885919068491652e-05 0.03205673533719661 1.6885919068491652e-05 1.6885919068491652e-05 1.6885919068491652e-05 0.03205031868795058
5 0.005656 -10 4.885596431169519e-05 0.045032496544661925 4.885596431169519e-05 4.885596431169519e-05 4.885596431169519e-05 0.045010511360721664
5 0.008 -10 0.00012803621888559836 0.06412181878009651 0.00012803621888559836 0.00012803621888559836 0.00012803621888559836 0.06408596863880854
5 0.011312 -10 0.00039647769218264937 0.08963567664865336 0.00039647769218264937 0.00039647769218264937 0.00039647769218264937 0.08949690945638944
5 0.016 -10 0.0008540438978563498 0.1265778461012896 0.0008540438978563498 0.0008540438978563498 0.0008540438978563498 0.1262703902980613
5 0.022624 -10 0.002959367879021041 0.17513539108046522 0.002959367879021041 0.002959367879021041 0.002959367879021041 0.17386286289248618
5 0.032 -10 0.007898894154818325 0.2458135860979463 0.007898894154818325 0.007898894154818325 0.007898894154818325 0.24265402843601896
5 0.045249 -10 0.019825535289452814 0.3427835051546392 0.019825535289452814 0.019825535289452814 0.019825535289452814 0.33584456780333066
5 0.064 -10 0.04184100418410042 0.4456066945606695 0.04184100418410042 0.04184100418410042 0.04184100418410042 0.4322175732217573
5 0.090496 -10 0.07283321194464676 0.5630007283321194 0.07283321194464676 0.07283321194464676 0.07283321194464676 0.5469774217042972
5 0.128 -10 0.20040080160320642 0.7434869739478958 0.20040080160320642 0.20040080160320642 0.20040080160320642 0.7134268537074149
5 0.181 -10 0.35587188612099646 0.9145907473309609 0.35587188612099646 0.35587188612099646 0.35587188612099646 0.8896797153024911
5 0.256 -10 0.4807692307692308 0.9807692307692307 0.4807692307692308 0.4807692307692308 0.4807692307692308 0.9615384615384616
5 0.362 -10 0.5102040816326531 0.9846938775510204 0.5102040816326531 0.5102040816326531 0.5102040816326531 0.9744897959183674
