5 0.001 -10 2.7175327785135073e-06 2.7175327785135073e-06 2.7175327785135073e-06 2.7175327785135073e-06 2.7175327785135073e-06 0.0
5 0.001414 -10 6.035434968155024e-06 6.035434968155024e-06 6.035434968155024e-06 6.035434968155024e-06 6.035434968155024e-06 0.0
5 0.002 -10 1.2319124758708383e-05 1.2319124758708383e-05 1.2319124758708383e-05 1.2319124758708383e-05 1.2319124758708383e-05 0.0
5 0.002828 -10 2.9570988825478174e-05 2.9570988825478174e-05 2.9570988825478174e-05 2.9570988825478174e-05 2.9570988825478174e-05 0.0
5 0.004 -10 6.0592833007000535e-05 6.0592833007000535e-05 6.0592833007000535e-05 6.0592833007000535e-05 6.0592833007000535e-05 0.0
5 0.005656 -10 0.0001358513101975835 0.0001358513101975835 0.0001358513101975835 0.0001358513101975835 0.0001358513101975835 0.0
5 0.008 -10 0.00033514041042635224 0.00033514041042635224 0.00033514041042635224 0.00033514041042635224 0.00033514041042635224 0.0
5 0.011312 -10 0.0007625345428147895 0.0007625345428147895 0.0007625345428147895 0.0007625345428147895 0.0007625345428147895 0.0
5 0.016 -10 0.0019084552200067178 0.0019084552200067178 0.0019084552200067178 0.0019084552200067178 0.0019084552200067178 0.0
5 0.022624 -10 0.004633641161561166 0.004633641161561166 0.004633641161561166 0.004633641161561166 0.004633641161561166 0.0
5 0.032 -10 0.010709848776935269 0.010709848776935269 0.010709848776935269 0.010709848776935269 0.010709848776935269 0.0
5 0.045249 -10 0.025725457913150854 0.025725457913150854 0.025725457913150854 0.025725457913150854 0.025725457913150854 0.0
5 0.064 -10 0.05976214665630789 0.05976214665630789 0.05976214665630789 0.05976214665630789 0.05976214665630789 0.0
5 0.090496 -10 0.13370771493515177 0.13370771493515177 0.13370771493515177 0.13370771493515177 0.13370771493515177 0.0
5 0.128 -10 0.2704895861509332 0.2704895861509332 0.2704895861509332 0.2704895861509332 0.2704895861509332 0.0
5 0.181 -10 0.4472271914132379 0.4472271914132379 0.4472271914132379 0.4472271914132379 0.4472271914132379 0.0
5 0.256 -10 0.5763688760806917 0.5763688760806917 0.5763688760806917 0.5763688760806917 0.5763688760806917 0.0
5 0.362 -10 0.731528895391368 0.731528895391368 0.731528895391368 0.731528895391368 0.731528895391368 0.0
