3 0.001 -10 0.0021729210577779707 0.0021729210577779707 0.0021729210577779707 0.0021729210577779707 0.0021729210577779707 0.0
3 0.001414 -10 0.0031562667676672033 0.0031562667676672033 0.0031562667676672033 0.0031562667676672033 0.0031562667676672033 0.0
3 0.002 -10 0.0036403349108117948 0.0036403349108117948 0.0036403349108117948 0.0036403349108117948 0.0036403349108117948 0.0
3 0.002828 -10 0.006327512022272842 0.006327512022272842 0.006327512022272842 0.006327512022272842 0.006327512022272842 0.0
3 0.004 -10 0.007180812868016659 0.007180812868016659 0.007180812868016659 0.007180812868016659 0.007180812868016659 0.0
3 0.005656 -10 0.010716964955524596 0.010716964955524596 0.010716964955524596 0.010716964955524596 0.010716964955524596 0.0
3 0.008 -10 0.014923145799134457 0.014923145799134457 0.014923145799134457 0.014923145799134457 0.014923145799134457 0.0
3 0.011312 -10 0.02316423442205235 0.02316423442205235 0.02316423442205235 0.02316423442205235 0.02316423442205235 0.0
3 0.016 -10 0.030147723846849564 0.030147723846849564 0.030147723846849564 0.030147723846849564 0.030147723846849564 0.0
3 0.022624 -10 0.054377379010331704 0.054377379010331704 0.054377379010331704 0.054377379010331704 0.054377379010331704 0.0
3 0.032 -10 0.06574621959237344 0.06574621959237344 0.06574621959237344 0.06574621959237344 0.06574621959237344 0.0
3 0.045249 -10 0.11160714285714286 0.11160714285714286 0.11160714285714286 0.11160714285714286 0.11160714285714286 0.0
3 0.064 -10 0.17421602787456447 0.17421602787456447 0.17421602787456447 0.17421602787456447 0.17421602787456447 0.0
3 0.090496 -10 0.26525198938992045 0.26525198938992045 0.26525198938992045 0.26525198938992045 0.26525198938992045 0.0
3 0.128 -10 0.3436426116838488 0.3436426116838488 0.3436426116838488 0.3436426116838488 0.3436426116838488 0.0
3 0.181 -10 0.4694835680751174 0.4694835680751174 0.4694835680751174 0.4694835680751174 0.4694835680751174 0.0
3 0.256 -10 0.6493506493506493 0.6493506493506493 0.6493506493506493 0.6493506493506493 0.6493506493506493 0.0
3 0.362 -10 0.8849557522123894 0.9380530973451328 0.8849557522123894 0.8849557522123894 0.8849557522123894 0.415929203539823
