7 0.001 -10 8.972196537408276e-10 6.397877756941327e-05 8.972196537408276e-10 8.972196537408276e-10 8.972196537408276e-10 6.397788034975952e-05
7 0.001414 -10 6.8091756551923026e-09 0.00012751713478870004 6.8091756551923026e-09 6.8091756551923026e-09 6.8091756551923026e-09 0.00012751189172344554
7 0.002 -10 4.097038323185984e-08 0.00025495541722120524 4.097038323185984e-08 4.097038323185984e-08 4.097038323185984e-08 0.0002549304252874338
7 0.002828 -10 2.7484646313870136e-07 0.0005072346446517361 2.7484646313870136e-07 2.7484646313870136e-07 2.7484646313870136e-07 0.0005070422521275391
7 0.004 -10 8.985149147815209e-07 0.0010164090567500042 8.985149147815209e-07 8.985149147815209e-07 8.985149147815209e-07 0.0010158789329502832
7 0.005656 -10 4.497094225051954e-06 0.0020224781858326152 4.497094225051954e-06 4.497094225051954e-06 4.497094225051954e-06 0.0020196450164708325
7 0.008 -10 1.694524939086065e-05 0.003952479420418246 1.694524939086065e-05 1.694524939086065e-05 1.694524939086065e-05 0.003941803913302004
7 0.011312 -10 5.97663613402487e-05 0.0074952993756805895 5.97663613402487e-05 5.97663613402487e-05 5.97663613402487e-05 0.0074558535771960255
7 0.016 -10 0.00024071328159602534 0.014457239692657282 0.00024071328159602534 0.00024071328159602534 0.00024071328159602534 0.01433447591904331
7 0.022624 -10 0.0010404203298132447 0.029610362586484938 0.0010404203298132447 0.0010404203298132447 0.0010404203298132447 0.029110960828174583
7 0.032 -10 0.00441696113074205 0.05914310954063604 0.00441696113074205 0.00441696113074205 0.00441696113074205 0.0568904593639576
7 0.045249 -10 0.01178967224711153 0.12013676019806649 0.01178967224711153 0.01178967224711153 0.01178967224711153 0.11483140768686631
7 0.064 -10 0.03551136363636364 0.23117897727272727 0.03551136363636364 0.03551136363636364 0.03551136363636364 0.21448863636363635
7 0.090496 -10 0.12406947890818859 0.4913151364764268 0.12406947890818859 0.12406947890818859 0.12406947890818859 0.45781637717121587
7 0.128 -10 0.21321961620469082 0.7164179104477612 0.21321961620469082 0.21321961620469082 0.21321961620469082 0.6631130063965884
7 0.181 -10 0.3861003861003861 0.918918918918919 0.3861003861003861 0.3861003861003861 0.3861003861003861 0.8803088803088803
7 0.256 -10 0.5208333333333334 1.0 0.5208333333333334 0.5208333333333334 0.5208333333333334 1.0
7 0.362 -10 0.5128205128205128 1.0 0.5128205128205128 0.5128205128205128 0.5128205128205128 1.0
