5 0.001 -10 2.90029142406657e-07 0.007997097386022561 2.90029142406657e-07 2.90029142406657e-07 2.90029142406657e-07 0.007996950341247361
5 0.001414 -10 8.291895917100881e-07 0.011301628595439556 8.291895917100881e-07 8.291895917100881e-07 8.291895917100881e-07 0.011301212342264519
5 0.002 -10 2.345445650927615e-06 0.015976558921912718 2.345445650927615e-06 2.345445650927615e-06 2.345445650927615e-06 0.015975362744630742
5 0.002828 -10 6.631090600352154e-06 0.02258318033417991 6.631090600352154e-06 6.631090600352154e-06 6.631090600352154e-06 0.02258016318795675
5 0.004 -10 1.8581448378562374e-05 0.03186199974513686 1.8581448378562374e-05 1.8581448378562374e-05 1.8581448378562374e-05 0.031852931998328116
5 0.005656 -10 4.981706923093056e-05 0.045060037290069 4.981706923093056e-05 4.981706923093056e-05 4.981706923093056e-05 0.04503702180408431
5 0.008 -10 0.00014168982114493877 0.06341582987019795 0.00014168982114493877 0.00014168982114493877 0.00014168982114493877 0.06334569340873121
5 0.011312 -10 0.0003981192845000219 0.08961704906023943 0.0003981192845000219 0.0003981192845000219 0.0003981192845000219 0.08943869162078343
5 0.016 -10 0.0010814002402871334 0.1259961047963345 0.0010814002402871334 0.0010814002402871334 0.0010814002402871334 0.12553110269301102
5 0.022624 -10 0.002879636935375188 0.17700552314364204 0.002879636935375188 0.002879636935375188 0.002879636935375188 0.1759112611081995
5 0.032 -10 0.007443300657243448 0.24958131433803005 0.007443300657243448 0.007443300657243448 0.007443300657243448 0.24698360240865208
5 0.045249 -10 0.01876278214533651 0.3443721034955063 0.01876278214533651 0.01876278214533651 0.01876278214533651 0.3379552320018012
5 0.064 -10 0.0453802868034126 0.46237974223997097 0.0453802868034126 0.0453802868034126 0.0453802868034126 0.4481303321836994
5 0.090496 -10 0.09969095803010666 0.5913667630345928 0.09969095803010666 0.09969095803010666 0.09969095803010666 0.5662446416110059
5 0.128 -10 0.198294665873488 0.7523299623240135 0.198294665873488 0.198294665873488 0.198294665873488 0.7182232797937735
5 0.181 -10 0.31887755102040816 0.8769132653061225 0.31887755102040816 0.31887755102040816 0.31887755102040816 0.8450255102040817
5 0.256 -10 0.4466279589102278 0.9794551138901295 0.4466279589102278 0.4466279589102278 0.4466279589102278 0.9624832514515409
5 0.362 -10 0.48661800486618007 0.9888077858880778 0.48661800486618007 0.48661800486618007 0.48661800486618007 0.9795620437956204
