7 0.001 -10 0.006398362019323053 0.006462345639516284 0.006398362019323053 0.006398362019323053 0.006398362019323053 6.398362019323054e-05
7 0.001414 -10 0.008744316194473592 0.008744316194473592 0.008744316194473592 0.008744316194473592 0.008744316194473592 0.00017488632388947185
7 0.002 -10 0.011398609369656901 0.011398609369656901 0.011398609369656901 0.011398609369656901 0.011398609369656901 0.00011398609369656902
7 0.002828 -10 0.018096272167933407 0.01827723488961274 0.018096272167933407 0.018096272167933407 0.018096272167933407 0.00018096272167933406
7 0.004 -10 0.022573363431151242 0.023024830699774266 0.022573363431151242 0.022573363431151242 0.022573363431151242 0.001128668171557562
7 0.005656 -10 0.031407035175879394 0.03329145728643216 0.031407035175879394 0.031407035175879394 0.031407035175879394 0.0021984924623115578
7 0.008 -10 0.04512635379061372 0.048736462093862815 0.04512635379061372 0.04512635379061372 0.04512635379061372 0.004061371841155234
7 0.011312 -10 0.07380073800738007 0.07749077490774908 0.07380073800738007 0.07380073800738007 0.07380073800738007 0.00959409594095941
7 0.016 -10 0.09149130832570906 0.10064043915827996 0.09149130832570906 0.09149130832570906 0.09149130832570906 0.01555352241537054
7 0.022624 -10 0.136986301369863 0.16301369863013698 0.136986301369863 0.136986301369863 0.136986301369863 0.03972602739726028
7 0.032 -10 0.21929824561403508 0.25877192982456143 0.21929824561403508 0.21929824561403508 0.21929824561403508 0.06798245614035088
7 0.045249 -10 0.3125 0.375 0.3125 0.3125 0.3125 0.1375
7 0.064 -10 0.42735042735042733 0.49572649572649574 0.42735042735042733 0.42735042735042733 0.42735042735042733 0.21794871794871795
7 0.090496 -10 0.5988023952095808 0.6946107784431138 0.5988023952095808 0.5988023952095808 0.5988023952095808 0.3532934131736527
7 0.128 -10 0.7352941176470589 0.8235294117647058 0.7352941176470589 0.7352941176470589 0.7352941176470589 0.5882352941176471
7 0.181 -10 0.9345794392523364 0.9813084112149533 0.9345794392523364 0.9345794392523364 0.9345794392523364 0.8598130841121495
7 0.256 -10 0.9900990099009901 1.0 0.9900990099009901 0.9900990099009901 0.9900990099009901 1.0
7 0.362 -10 1.0 1.0 1.0 1.0 1.0 1.0
