3 0.001 -10 2.030488598501946e-05 2.030488598501946e-05 2.030488598501946e-05 2.030488598501946e-05 2.030488598501946e-05 0.0
3 0.001414 -10 4.154480191438447e-05 4.154480191438447e-05 4.154480191438447e-05 4.154480191438447e-05 4.154480191438447e-05 0.0
3 0.002 -10 9.359107066313018e-05 9.359107066313018e-05 9.359107066313018e-05 9.359107066313018e-05 9.359107066313018e-05 0.0
3 0.002828 -10 0.0001565587142145919 0.0001565587142145919 0.0001565587142145919 0.0001565587142145919 0.0001565587142145919 0.0
3 0.004 -10 0.0003481421394727039 0.0003481421394727039 0.0003481421394727039 0.0003481421394727039 0.0003481421394727039 0.0
3 0.005656 -10 0.0005442561922748276 0.0005442561922748276 0.0005442561922748276 0.0005442561922748276 0.0005442561922748276 0.0
3 0.008 -10 0.0011096192896217307 0.0011096192896217307 0.0011096192896217307 0.0011096192896217307 0.0011096192896217307 0.0
3 0.011312 -10 0.0018671695576675318 0.0018671695576675318 0.0018671695576675318 0.0018671695576675318 0.0018671695576675318 0.0
3 0.016 -10 0.005640476056179141 0.005640476056179141 0.005640476056179141 0.005640476056179141 0.005640476056179141 0.0
3 0.022624 -10 0.008648274669203494 0.008648274669203494 0.008648274669203494 0.008648274669203494 0.008648274669203494 0.0
3 0.032 -10 0.0160333493666827 0.0160333493666827 0.0160333493666827 0.0160333493666827 0.0160333493666827 0.0
3 0.045249 -10 0.028960324355632783 0.028960324355632783 0.028960324355632783 0.028960324355632783 0.028960324355632783 0.0
3 0.064 -10 0.06402048655569782 0.06402048655569782 0.06402048655569782 0.06402048655569782 0.06402048655569782 0.0
3 0.090496 -10 0.0975609756097561 0.0975609756097561 0.0975609756097561 0.0975609756097561 0.0975609756097561 0.0
3 0.128 -10 0.1953125 0.1953125 0.1953125 0.1953125 0.1953125 0.0
3 0.181 -10 0.2702702702702703 0.2702702702702703 0.2702702702702703 0.2702702702702703 0.2702702702702703 0.0
3 0.256 -10 0.4132231404958678 0.4132231404958678 0.4132231404958678 0.4132231404958678 0.4132231404958678 0.0
3 0.362 -10 0.4672897196261682 0.6588785046728972 0.4672897196261682 0.4672897196261682 0.4672897196261682 0.397196261682243
