7 0.001 -10 8.493429823048077e-10 0.011981461274219398 8.493429823048077e-10 8.493429823048077e-10 8.493429823048077e-10 0.011981460424876415
7 0.001414 -10 9.204201234391912e-09 0.016927173815708595 9.204201234391912e-09 9.204201234391912e-09 9.204201234391912e-09 0.016927166598778083
7 0.002 -10 3.51267190569564e-08 0.02391245763189249 3.51267190569564e-08 3.51267190569564e-08 3.51267190569564e-08 0.023912439660082743
7 0.002828 -10 3.186372235325855e-07 0.03376837448258797 3.186372235325855e-07 3.186372235325855e-07 3.186372235325855e-07 0.033768284514430744
7 0.004 -10 1.1029869132159906e-06 0.047632710444615194 1.1029869132159906e-06 1.1029869132159906e-06 1.1029869132159906e-06 0.04763239901301617
7 0.005656 -10 4.9421469372381645e-06 0.06717145174054566 4.9421469372381645e-06 4.9421469372381645e-06 4.9421469372381645e-06 0.06716970745339133
7 0.008 -10 1.5093104031794244e-05 0.09450555967804455 1.5093104031794244e-05 1.5093104031794244e-05 1.5093104031794244e-05 0.09450058783201055
7 0.011312 -10 7.044780770566408e-05 0.13211781857120242 7.044780770566408e-05 7.044780770566408e-05 7.044780770566408e-05 0.1320979274254973
7 0.016 -10 0.000324156525652222 0.1835107295809991 0.000324156525652222 0.000324156525652222 0.000324156525652222 0.1834230166387638
7 0.022624 -10 0.0008470100545075883 0.2527976243859177 0.0008470100545075883 0.0008470100545075883 0.0008470100545075883 0.25260829272667484
7 0.032 -10 0.003412010276172126 0.3436897880539499 0.003412010276172126 0.003412010276172126 0.003412010276172126 0.34304752729608223
7 0.045249 -10 0.011455525606469003 0.4597035040431267 0.011455525606469003 0.011455525606469003 0.011455525606469003 0.45768194070080864
7 0.064 -10 0.04084574723690534 0.6064392119173474 0.04084574723690534 0.04084574723690534 0.04084574723690534 0.6006727534839019
7 0.090496 -10 0.09129967776584318 0.7744360902255639 0.09129967776584318 0.09129967776584318 0.09129967776584318 0.765843179377014
7 0.128 -10 0.22486772486772486 0.9047619047619048 0.22486772486772486 0.22486772486772486 0.22486772486772486 0.9021164021164021
7 0.181 -10 0.3413654618473896 0.9839357429718876 0.3413654618473896 0.3413654618473896 0.3413654618473896 0.9678714859437751
7 0.256 -10 0.4748603351955307 1.0 0.4748603351955307 0.4748603351955307 0.4748603351955307 1.0
7 0.362 -10 0.4521276595744681 1.0 0.4521276595744681 0.4521276595744681 0.4521276595744681 1.0
