7 0.001 -10 0.006003842459173871 0.006183957732949087 0.006003842459173871 0.006003842459173871 0.006003842459173871 0.00018011527377521613
7 0.001414 -10 0.009758953840148335 0.009856543378549819 0.009758953840148335 0.009758953840148335 0.009758953840148335 9.758953840148337e-05
7 0.002 -10 0.011748120300751879 0.012100563909774436 0.011748120300751879 0.011748120300751879 0.011748120300751879 0.00035244360902255637
7 0.002828 -10 0.020938023450586266 0.021147403685092128 0.020938023450586266 0.020938023450586266 0.020938023450586266 0.0004187604690117253
7 0.004 -10 0.025220680958385876 0.025725094577553596 0.025220680958385876 0.025220680958385876 0.025220680958385876 0.0007566204287515763
7 0.005656 -10 0.033156498673740056 0.034482758620689655 0.033156498673740056 0.033156498673740056 0.033156498673740056 0.0016578249336870027
7 0.008 -10 0.04887585532746823 0.05180840664711633 0.04887585532746823 0.04887585532746823 0.04887585532746823 0.005376344086021506
7 0.011312 -10 0.07369196757553427 0.08179808400884303 0.07369196757553427 0.07369196757553427 0.07369196757553427 0.011790714812085483
7 0.016 -10 0.1026694045174538 0.11190965092402463 0.1026694045174538 0.1026694045174538 0.1026694045174538 0.01642710472279261
7 0.022624 -10 0.17123287671232876 0.18835616438356165 0.17123287671232876 0.17123287671232876 0.17123287671232876 0.03767123287671233
7 0.032 -10 0.22522522522522523 0.2635135135135135 0.22522522522522523 0.22522522522522523 0.22522522522522523 0.06306306306306306
7 0.045249 -10 0.30959752321981426 0.3498452012383901 0.30959752321981426 0.30959752321981426 0.30959752321981426 0.10526315789473684
7 0.064 -10 0.47393364928909953 0.5165876777251185 0.47393364928909953 0.47393364928909953 0.47393364928909953 0.22748815165876776
7 0.090496 -10 0.6369426751592356 0.7388535031847133 0.6369426751592356 0.6369426751592356 0.6369426751592356 0.3630573248407643
7 0.128 -10 0.819672131147541 0.9262295081967213 0.819672131147541 0.819672131147541 0.819672131147541 0.6885245901639344
7 0.181 -10 0.9259259259259259 0.9814814814814815 0.9259259259259259 0.9259259259259259 0.9259259259259259 0.8796296296296297
7 0.256 -10 0.9803921568627451 1.0 0.9803921568627451 0.9803921568627451 0.9803921568627451 1.0
7 0.362 -10 1.0 1.0 1.0 1.0 1.0 1.0
