7 0.001 -10 4.6757222938906546e-05 4.6757222938906546e-05 4.6757222938906546e-05 4.6757222938906546e-05 4.6757222938906546e-05 0.0
7 0.001414 -10 9.82240791811805e-05 9.82240791811805e-05 9.82240791811805e-05 9.82240791811805e-05 9.82240791811805e-05 0.0
7 0.002 -10 0.00020010329332001178 0.00020010329332001178 0.00020010329332001178 0.00020010329332001178 0.00020010329332001178 0.0
7 0.002828 -10 0.00038248596754606563 0.00038248596754606563 0.00038248596754606563 0.00038248596754606563 0.00038248596754606563 0.0
7 0.004 -10 0.0007732594509703247 0.0007732594509703247 0.0007732594509703247 0.0007732594509703247 0.0007732594509703247 0.0
7 0.005656 -10 0.0015965157639966537 0.0015965157639966537 0.0015965157639966537 0.0015965157639966537 0.0015965157639966537 0.0
7 0.008 -10 0.003219689042432282 0.003219689042432282 0.003219689042432282 0.003219689042432282 0.003219689042432282 0.0
7 0.011312 -10 0.0066735626814374855 0.0066735626814374855 0.0066735626814374855 0.0066735626814374855 0.0066735626814374855 0.0
7 0.016 -10 0.01479946721918011 0.01479946721918011 0.01479946721918011 0.01479946721918011 0.01479946721918011 0.0
7 0.022624 -10 0.02789400278940028 0.02789400278940028 0.02789400278940028 0.02789400278940028 0.02789400278940028 0.0
7 0.032 -10 0.06309944472488642 0.06309944472488642 0.06309944472488642 0.06309944472488642 0.06309944472488642 0.0
7 0.045249 -10 0.13183915622940012 0.13183915622940012 0.13183915622940012 0.13183915622940012 0.13183915622940012 0.0
7 0.064 -10 0.26441036488630354 0.26441036488630354 0.26441036488630354 0.26441036488630354 0.26441036488630354 0.0
7 0.090496 -10 0.5078720162519045 0.5078720162519045 0.5078720162519045 0.5078720162519045 0.5078720162519045 0.0
7 0.128 -10 0.7843137254901961 0.7843137254901961 0.7843137254901961 0.7843137254901961 0.7843137254901961 0.0
7 0.181 -10 0.9523809523809523 0.9523809523809523 0.9523809523809523 0.9523809523809523 0.9523809523809523 0.0
7 0.256 -10 0.9900990099009901 0.9900990099009901 0.9900990099009901 0.9900990099009901 0.9900990099009901 0.0
7 0.362 -10 0.9960159362549801 0.9960159362549801 0.9960159362549801 0.9960159362549801 0.9960159362549801 0.0
