5 0.001 -10 3.0512429152580504e-07 3.0069998929868083e-05 3.0512429152580504e-07 3.0512429152580504e-07 3.0512429152580504e-07 2.9789284581664344e-05
5 0.001414 -10 7.92063109434148e-07 5.943641573193847e-05 7.92063109434148e-07 7.92063109434148e-07 7.92063109434148e-07 5.871563830235339e-05
5 0.002 -10 2.3508909782772033e-06 0.00012151755466714863 2.3508909782772033e-06 2.3508909782772033e-06 2.3508909782772033e-06 0.0001191901725986542
5 0.002828 -10 7.010166213143964e-06 0.0002472485623375876 7.010166213143964e-06 7.010166213143964e-06 7.010166213143964e-06 0.00024086931108362658
5 0.004 -10 1.858193453175662e-05 0.00045079773174041556 1.858193453175662e-05 1.858193453175662e-05 1.858193453175662e-05 0.0004337023519711995
5 0.005656 -10 4.774055870775856e-05 0.0010765495988599555 4.774055870775856e-05 4.774055870775856e-05 4.774055870775856e-05 0.0010359701239583607
5 0.008 -10 0.0001410134921709309 0.002299930057307883 0.0001410134921709309 0.0001410134921709309 0.0001410134921709309 0.002175838184197464
5 0.011312 -10 0.0004189727625807046 0.004378265368968364 0.0004189727625807046 0.0004189727625807046 0.0004189727625807046 0.004013759065523151
5 0.016 -10 0.0010212418300653595 0.009068627450980393 0.0010212418300653595 0.0010212418300653595 0.0010212418300653595 0.008231209150326798
5 0.022624 -10 0.002500562626590983 0.018279112800380085 0.002500562626590983 0.002500562626590983 0.002500562626590983 0.01610362331524593
5 0.032 -10 0.0075597218022376775 0.03643785908678561 0.0075597218022376775 0.0075597218022376775 0.0075597218022376775 0.030163289990928335
5 0.045249 -10 0.020383204239706482 0.06359559722788423 0.020383204239706482 0.020383204239706482 0.020383204239706482 0.047289033836119036
5 0.064 -10 0.04448398576512456 0.12722419928825623 0.04448398576512456 0.04448398576512456 0.04448398576512456 0.09297153024911033
5 0.090496 -10 0.10615711252653928 0.2494692144373673 0.10615711252653928 0.10615711252653928 0.10615711252653928 0.18365180467091294
5 0.128 -10 0.21551724137931033 0.47629310344827586 0.21551724137931033 0.21551724137931033 0.21551724137931033 0.36637931034482757
5 0.181 -10 0.3215434083601286 0.6559485530546624 0.3215434083601286 0.3215434083601286 0.3215434083601286 0.5627009646302251
5 0.256 -10 0.46296296296296297 0.8981481481481481 0.46296296296296297 0.46296296296296297 0.46296296296296297 0.8287037037037037
5 0.362 -10 0.4830917874396135 0.9903381642512077 0.4830917874396135 0.4830917874396135 0.4830917874396135 0.9903381642512077
