3 0.001 -10 1.707547167233891e-05 1.707547167233891e-05 1.707547167233891e-05 1.707547167233891e-05 1.707547167233891e-05 0.0
3 0.001414 -10 3.454185735642945e-05 3.454185735642945e-05 3.454185735642945e-05 3.454185735642945e-05 3.454185735642945e-05 0.0
3 0.002 -10 7.185228434937972e-05 7.185228434937972e-05 7.185228434937972e-05 7.185228434937972e-05 7.185228434937972e-05 0.0
3 0.002828 -10 0.00014352255442590548 0.00014352255442590548 0.00014352255442590548 0.00014352255442590548 0.00014352255442590548 0.0
3 0.004 -10 0.00026753132791849926 0.00026753132791849926 0.00026753132791849926 0.00026753132791849926 0.00026753132791849926 0.0
3 0.005656 -10 0.0005650595431493594 0.0005650595431493594 0.0005650595431493594 0.0005650595431493594 0.0005650595431493594 0.0
3 0.008 -10 0.0011733577391743082 0.0011733577391743082 0.0011733577391743082 0.0011733577391743082 0.0011733577391743082 0.0
3 0.011312 -10 0.002238448486584978 0.002238448486584978 0.002238448486584978 0.002238448486584978 0.002238448486584978 0.0
3 0.016 -10 0.0043804125472537 0.0043804125472537 0.0043804125472537 0.0043804125472537 0.0043804125472537 0.0
3 0.022624 -10 0.008472781190425757 0.008472781190425757 0.008472781190425757 0.008472781190425757 0.008472781190425757 0.0
3 0.032 -10 0.016298324532238086 0.016298324532238086 0.016298324532238086 0.016298324532238086 0.016298324532238086 0.0
3 0.045249 -10 0.029917726252804786 0.029917726252804786 0.029917726252804786 0.029917726252804786 0.029917726252804786 0.0
3 0.064 -10 0.055663790704146954 0.055663790704146954 0.055663790704146954 0.055663790704146954 0.055663790704146954 0.0
3 0.090496 -10 0.10647359454855196 0.10647359454855196 0.10647359454855196 0.10647359454855196 0.10647359454855196 0.0
3 0.128 -10 0.18942981625307823 0.18942981625307823 0.18942981625307823 0.18942981625307823 0.18942981625307823 0.0
3 0.181 -10 0.2964719833975689 0.2964719833975689 0.2964719833975689 0.2964719833975689 0.2964719833975689 0.0
3 0.256 -10 0.4142502071251036 0.4142502071251036 0.4142502071251036 0.4142502071251036 0.4142502071251036 0.0
3 0.362 -10 0.49975012493753124 0.49975012493753124 0.49975012493753124 0.49975012493753124 0.49975012493753124 0.0
