7 0.001 -10 0.006530399007379351 0.006530399007379351 0.006530399007379351 0.006530399007379351 0.006530399007379351 0.0
7 0.001414 -10 0.008343763037129746 0.008343763037129746 0.008343763037129746 0.008343763037129746 0.008343763037129746 0.0
7 0.002 -10 0.011784115012962526 0.011901956163092153 0.011784115012962526 0.011784115012962526 0.011784115012962526 0.00011784115012962527
7 0.002828 -10 0.016297262059973925 0.01694915254237288 0.016297262059973925 0.016297262059973925 0.016297262059973925 0.000651890482398957
7 0.004 -10 0.023758612497030172 0.023996198622000475 0.023758612497030172 0.023758612497030172 0.023758612497030172 0.00023758612497030174
7 0.005656 -10 0.03323363243602526 0.035559986706547024 0.03323363243602526 0.03323363243602526 0.03323363243602526 0.002326354270521768
7 0.008 -10 0.041220115416323165 0.04451772464962902 0.041220115416323165 0.041220115416323165 0.041220115416323165 0.0032976092333058533
7 0.011312 -10 0.066711140760507 0.0733822548365577 0.066711140760507 0.066711140760507 0.066711140760507 0.0066711140760507
7 0.016 -10 0.08920606601248884 0.09991079393398751 0.08920606601248884 0.08920606601248884 0.08920606601248884 0.010704727921498661
7 0.022624 -10 0.1221001221001221 0.1514041514041514 0.1221001221001221 0.1221001221001221 0.1221001221001221 0.029304029304029304
7 0.032 -10 0.16501650165016502 0.23102310231023102 0.16501650165016502 0.16501650165016502 0.16501650165016502 0.06765676567656766
7 0.045249 -10 0.22026431718061673 0.32819383259911894 0.22026431718061673 0.22026431718061673 0.22026431718061673 0.10792951541850221
7 0.064 -10 0.27932960893854747 0.4972067039106145 0.27932960893854747 0.27932960893854747 0.27932960893854747 0.2346368715083799
7 0.090496 -10 0.30959752321981426 0.6965944272445821 0.30959752321981426 0.30959752321981426 0.30959752321981426 0.43962848297213625
7 0.128 -10 0.3875968992248062 0.8604651162790697 0.3875968992248062 0.3875968992248062 0.3875968992248062 0.686046511627907
7 0.181 -10 0.45454545454545453 0.9727272727272728 0.45454545454545453 0.45454545454545453 0.45454545454545453 0.9
7 0.256 -10 0.5128205128205128 1.0 0.5128205128205128 0.5128205128205128 0.5128205128205128 0.9897435897435898
7 0.362 -10 0.49019607843137253 1.0 0.49019607843137253 0.49019607843137253 0.49019607843137253 1.0
