7 0.001 -10 5.033991812243729e-09 0.011977330652812432 5.033991812243729e-09 5.033991812243729e-09 5.033991812243729e-09 0.011977329082206986
7 0.001414 -10 1.8442058736137507e-08 0.016922363108666873 1.8442058736137507e-08 1.8442058736137507e-08 1.8442058736137507e-08 0.016922358092426898
7 0.002 -10 7.32761348627501e-08 0.023908524679522907 7.32761348627501e-08 7.32761348627501e-08 7.32761348627501e-08 0.023908503869100605
7 0.002828 -10 3.030149442128307e-07 0.0337474579386971 3.030149442128307e-07 3.030149442128307e-07 3.030149442128307e-07 0.03374737733672194
7 0.004 -10 1.128452942721243e-06 0.04760418686103736 1.128452942721243e-06 1.128452942721243e-06 1.128452942721243e-06 0.0476038945917252
7 0.005656 -10 4.667617793367912e-06 0.06702852715901723 4.667617793367912e-06 4.667617793367912e-06 4.667617793367912e-06 0.06702729024030199
7 0.008 -10 1.7562176074443395e-05 0.09435691807132464 1.7562176074443395e-05 1.7562176074443395e-05 1.7562176074443395e-05 0.09435270314906677
7 0.011312 -10 6.727955651469291e-05 0.13181518359649058 6.727955651469291e-05 6.727955651469291e-05 6.727955651469291e-05 0.13179937290070964
7 0.016 -10 0.0002511348154473025 0.18407755043101012 0.0002511348154473025 0.0002511348154473025 0.0002511348154473025 0.18401853374938001
7 0.022624 -10 0.0009578791788676527 0.25364640656415444 0.0009578791788676527 0.0009578791788676527 0.0009578791788676527 0.25345483072838093
7 0.032 -10 0.003510582651402653 0.3474669390878804 0.003510582651402653 0.003510582651402653 0.003510582651402653 0.3467788648882055
7 0.045249 -10 0.010802985945315285 0.46635410027331553 0.010802985945315285 0.010802985945315285 0.010802985945315285 0.46464722849395573
7 0.064 -10 0.03502872355331372 0.610095278128065 0.03502872355331372 0.03502872355331372 0.03502872355331372 0.6053313717248143
7 0.090496 -10 0.09603380389897244 0.7723998847594353 0.09603380389897244 0.09603380389897244 0.09603380389897244 0.7661576875060021
7 0.128 -10 0.23094688221709006 0.9147806004618938 0.23094688221709006 0.23094688221709006 0.23094688221709006 0.9062355658198614
7 0.181 -10 0.38684719535783363 0.9771760154738878 0.38684719535783363 0.38684719535783363 0.38684719535783363 0.9729206963249516
7 0.256 -10 0.468384074941452 0.9995316159250586 0.468384074941452 0.468384074941452 0.468384074941452 0.9995316159250586
7 0.362 -10 0.4814636494944632 1.0 0.4814636494944632 0.4814636494944632 0.4814636494944632 1.0
