5 0.001 -10 2.881183949938392e-07 1.8033330342664395e-05 2.881183949938392e-07 2.881183949938392e-07 2.881183949938392e-07 1.7774023787169936e-05
5 0.001414 -10 7.636873740650882e-07 3.6473708985348614e-05 7.636873740650882e-07 7.636873740650882e-07 7.636873740650882e-07 3.5801664096171336e-05
5 0.002 -10 2.506629470959056e-06 7.452209417161273e-05 2.506629470959056e-06 2.506629470959056e-06 2.506629470959056e-06 7.239145912129753e-05
5 0.002828 -10 6.155622382360054e-06 0.00014453401353781408 6.155622382360054e-06 6.155622382360054e-06 6.155622382360054e-06 0.00013905550961751362
5 0.004 -10 1.6264341082749713e-05 0.00031764258134610193 1.6264341082749713e-05 1.6264341082749713e-05 1.6264341082749713e-05 0.00030381789142576465
5 0.005656 -10 5.2518691402270066e-05 0.0006296991099132181 5.2518691402270066e-05 5.2518691402270066e-05 5.2518691402270066e-05 0.0005840078483932431
5 0.008 -10 0.00011598694450952601 0.0012294616118009756 0.00011598694450952601 0.00011598694450952601 0.00011598694450952601 0.0011273931006325927
5 0.011312 -10 0.00036606704884066565 0.0024270245338136134 0.00036606704884066565 0.00036606704884066565 0.00036606704884066565 0.0020939035193686074
5 0.016 -10 0.0010408968367145131 0.005568798076422646 0.0010408968367145131 0.0010408968367145131 0.0010408968367145131 0.004652808860113874
5 0.022624 -10 0.002808752071454653 0.011628233575822261 0.002808752071454653 0.002808752071454653 0.002808752071454653 0.00921270679437126
5 0.032 -10 0.006746272684341901 0.025703298927342643 0.006746272684341901 0.006746272684341901 0.006746272684341901 0.0205761316872428
5 0.045249 -10 0.01821161901293025 0.05336004370788563 0.01821161901293025 0.01821161901293025 0.01821161901293025 0.038972864687670736
5 0.064 -10 0.045372050816696916 0.10617059891107078 0.045372050816696916 0.045372050816696916 0.045372050816696916 0.07123411978221415
5 0.090496 -10 0.09881422924901186 0.23616600790513834 0.09881422924901186 0.09881422924901186 0.09881422924901186 0.17292490118577075
5 0.128 -10 0.1949317738791423 0.4269005847953216 0.1949317738791423 0.1949317738791423 0.1949317738791423 0.3235867446393762
5 0.181 -10 0.31545741324921134 0.6782334384858044 0.31545741324921134 0.31545741324921134 0.31545741324921134 0.5867507886435331
5 0.256 -10 0.43103448275862066 0.8577586206896551 0.43103448275862066 0.43103448275862066 0.43103448275862066 0.7801724137931034
5 0.362 -10 0.5291005291005291 1.0 0.5291005291005291 0.5291005291005291 0.5291005291005291 1.0
