3 0.001 -10 1.807394172462347e-05 0.003984996893270157 1.807394172462347e-05 1.807394172462347e-05 1.807394172462347e-05 0.003972796982606036
3 0.001414 -10 3.516184911241823e-05 0.0056708678630017 3.516184911241823e-05 3.516184911241823e-05 3.516184911241823e-05 0.0056467468345105815
3 0.002 -10 7.282320339513426e-05 0.008013902240820945 7.282320339513426e-05 7.282320339513426e-05 7.282320339513426e-05 0.007965693280173367
3 0.002828 -10 0.0001481268178863725 0.011310963813803405 0.0001481268178863725 0.0001481268178863725 0.0001481268178863725 0.011209941324004899
3 0.004 -10 0.00028673794016065925 0.015859475470286065 0.00028673794016065925 0.00028673794016065925 0.00028673794016065925 0.015667934526258743
3 0.005656 -10 0.0005675842422721986 0.022288465609786968 0.0005675842422721986 0.0005675842422721986 0.0005675842422721986 0.021897967651103696
3 0.008 -10 0.0010989288740264865 0.03191509235947722 0.0010989288740264865 0.0010989288740264865 0.0010989288740264865 0.031189799302619736
3 0.011312 -10 0.0022172113246285616 0.04592288095570677 0.0022172113246285616 0.0022172113246285616 0.0022172113246285616 0.044435132156881
3 0.016 -10 0.004410921441489127 0.06327466807816153 0.004410921441489127 0.004410921441489127 0.004410921441489127 0.060248775969299985
3 0.022624 -10 0.008116619590273043 0.08746469270478231 0.008116619590273043 0.008116619590273043 0.008116619590273043 0.08218888997110484
3 0.032 -10 0.016602194810153903 0.12408480401109026 0.016602194810153903 0.016602194810153903 0.016602194810153903 0.11309415104676838
3 0.045249 -10 0.030806198207079263 0.1749792058162102 0.030806198207079263 0.030806198207079263 0.030806198207079263 0.15409260343181047
3 0.064 -10 0.05835327070082278 0.24134912761860303 0.05835327070082278 0.05835327070082278 0.05835327070082278 0.20295267549746163
3 0.090496 -10 0.09815469179426776 0.3182175107970161 0.09815469179426776 0.09815469179426776 0.09815469179426776 0.25382803297997647
3 0.128 -10 0.17114495978093444 0.4292315591305836 0.17114495978093444 0.17114495978093444 0.17114495978093444 0.32705801814136576
3 0.181 -10 0.2785515320334262 0.5462395543175488 0.2785515320334262 0.2785515320334262 0.2785515320334262 0.3766016713091922
3 0.256 -10 0.38595137012736397 0.6823620223851795 0.38595137012736397 0.38595137012736397 0.38595137012736397 0.492087996912389
3 0.362 -10 0.4784688995215311 0.7076555023923445 0.4784688995215311 0.4784688995215311 0.4784688995215311 0.4478468899521531
