5 0.001 -10 0.003721207159602575 0.003721207159602575 0.003721207159602575 0.003721207159602575 0.003721207159602575 3.721207159602575e-05
5 0.001414 -10 0.005347879565752179 0.005347879565752179 0.005347879565752179 0.005347879565752179 0.005347879565752179 0.0
5 0.002 -10 0.007362143856290952 0.007435765294853861 0.007362143856290952 0.007362143856290952 0.007362143856290952 0.00014724287712581904
5 0.002828 -10 0.013248542660307366 0.013248542660307366 0.013248542660307366 0.013248542660307366 0.013248542660307366 0.0
5 0.004 -10 0.015368065160596281 0.015675426463808206 0.015368065160596281 0.015368065160596281 0.015368065160596281 0.0003073613032119256
5 0.005656 -10 0.02339728591483388 0.023631258773982217 0.02339728591483388 0.02339728591483388 0.02339728591483388 0.0004679457182966776
5 0.008 -10 0.03579098067287044 0.03579098067287044 0.03579098067287044 0.03579098067287044 0.03579098067287044 0.00035790980672870435
5 0.011312 -10 0.05173305742369374 0.05225038799793068 0.05173305742369374 0.05173305742369374 0.05173305742369374 0.0010346611484738748
5 0.016 -10 0.061312078479460456 0.06253832004904966 0.061312078479460456 0.061312078479460456 0.061312078479460456 0.0018393623543838135
5 0.022624 -10 0.08216926869350863 0.08299096138044372 0.08216926869350863 0.08216926869350863 0.08216926869350863 0.003286770747740345
5 0.032 -10 0.14064697609001406 0.14486638537271448 0.14064697609001406 0.14064697609001406 0.14064697609001406 0.007032348804500703
5 0.045249 -10 0.2159827213822894 0.2267818574514039 0.2159827213822894 0.2159827213822894 0.2159827213822894 0.028077753779697623
5 0.064 -10 0.2881844380403458 0.3256484149855908 0.2881844380403458 0.2881844380403458 0.2881844380403458 0.06340057636887608
5 0.090496 -10 0.4098360655737705 0.45901639344262296 0.4098360655737705 0.4098360655737705 0.4098360655737705 0.13524590163934427
5 0.128 -10 0.6097560975609756 0.6646341463414634 0.6097560975609756 0.6097560975609756 0.6097560975609756 0.2865853658536585
5 0.181 -10 0.8849557522123894 0.9292035398230089 0.8849557522123894 0.8849557522123894 0.8849557522123894 0.5575221238938053
5 0.256 -10 0.9174311926605505 0.963302752293578 0.9174311926605505 0.9174311926605505 0.9174311926605505 0.7889908256880734
5 0.362 -10 0.9803921568627451 1.0 0.9803921568627451 0.9803921568627451 0.9803921568627451 0.9509803921568627
