5 0.001 -10 8.275661010354432e-07 1.4043796734571471e-05 8.275661010354432e-07 8.275661010354432e-07 8.275661010354432e-07 1.3224506294546383e-05
5 0.001414 -10 1.988780058645544e-06 3.0686876304900745e-05 1.988780058645544e-06 1.988780058645544e-06 1.988780058645544e-06 2.871798404684166e-05
5 0.002 -10 4.774305451946496e-06 6.373697778348573e-05 4.774305451946496e-06 4.774305451946496e-06 4.774305451946496e-06 5.8962672331539226e-05
5 0.002828 -10 1.3124399886815176e-05 0.00012665045890776643 1.3124399886815176e-05 1.3124399886815176e-05 1.3124399886815176e-05 0.00011391979101755573
5 0.004 -10 2.5691888993569062e-05 0.0002746462933412533 2.5691888993569062e-05 2.5691888993569062e-05 2.5691888993569062e-05 0.0002494682421275556
5 0.005656 -10 8.432513749213668e-05 0.000579313694570979 8.432513749213668e-05 8.432513749213668e-05 8.432513749213668e-05 0.0005025778194531346
5 0.008 -10 0.00015552752603919604 0.0012255569051888649 0.00015552752603919604 0.00015552752603919604 0.00015552752603919604 0.0010855821317535884
5 0.011312 -10 0.0005594937700368706 0.0026967599715777167 0.0005594937700368706 0.0005594937700368706 0.0005594937700368706 0.0021820257031437956
5 0.016 -10 0.0013899892970824124 0.006241051943900032 0.0013899892970824124 0.0013899892970824124 0.0013899892970824124 0.004948361897613388
5 0.022624 -10 0.003101159833777833 0.011567326179991316 0.003101159833777833 0.003101159833777833 0.003101159833777833 0.008807293927929045
5 0.032 -10 0.008157272208173586 0.024063953014112082 0.008157272208173586 0.008157272208173586 0.008157272208173586 0.017293417081328005
5 0.045249 -10 0.01570598397989634 0.04931678969687451 0.01570598397989634 0.01570598397989634 0.01570598397989634 0.038008481231349145
5 0.064 -10 0.05159958720330237 0.11867905056759546 0.05159958720330237 0.05159958720330237 0.05159958720330237 0.0784313725490196
5 0.090496 -10 0.12077294685990338 0.25 0.12077294685990338 0.12077294685990338 0.12077294685990338 0.17270531400966183
5 0.128 -10 0.2159827213822894 0.43628509719222464 0.2159827213822894 0.2159827213822894 0.2159827213822894 0.3174946004319654
5 0.181 -10 0.35587188612099646 0.6548042704626335 0.35587188612099646 0.35587188612099646 0.35587188612099646 0.5516014234875445
5 0.256 -10 0.43859649122807015 0.881578947368421 0.43859649122807015 0.43859649122807015 0.43859649122807015 0.7982456140350878
5 0.362 -10 0.4830917874396135 0.9951690821256038 0.4830917874396135 0.4830917874396135 0.4830917874396135 0.9903381642512077
