3 0.001 -10 2.184114758631294e-05 0.0040146213378401815 2.184114758631294e-05 2.184114758631294e-05 2.184114758631294e-05 0.004002171883715983
3 0.001414 -10 3.9685736589098245e-05 0.0056290248777976955 3.9685736589098245e-05 3.9685736589098245e-05 3.9685736589098245e-05 0.005602038576917109
3 0.002 -10 6.999022236593548e-05 0.007985884371953238 6.999022236593548e-05 6.999022236593548e-05 6.999022236593548e-05 0.007938990922968061
3 0.002828 -10 0.00013656836475771408 0.011310591969233879 0.00013656836475771408 0.00013656836475771408 0.00013656836475771408 0.01121909116484621
3 0.004 -10 0.000259935380064516 0.016277153499639988 0.000259935380064516 0.000259935380064516 0.000259935380064516 0.016102996794996764
3 0.005656 -10 0.0006241379095124859 0.023167999201103476 0.0006241379095124859 0.0006241379095124859 0.0006241379095124859 0.02278727507630086
3 0.008 -10 0.001030747188637043 0.0325922261047033 0.001030747188637043 0.001030747188637043 0.001030747188637043 0.031942855375861966
3 0.011312 -10 0.0020730544384095525 0.042932957419461834 0.0020730544384095525 0.0020730544384095525 0.0020730544384095525 0.04164766366764791
3 0.016 -10 0.003961494275640772 0.06500812106326506 0.003961494275640772 0.003961494275640772 0.003961494275640772 0.06247276472685497
3 0.022624 -10 0.00879584835957428 0.0879584835957428 0.00879584835957428 0.00879584835957428 0.00879584835957428 0.0825930160964025
3 0.032 -10 0.017927572606669058 0.12997490139835066 0.017927572606669058 0.017927572606669058 0.017927572606669058 0.11760487629974901
3 0.045249 -10 0.03387533875338753 0.17886178861788618 0.03387533875338753 0.03387533875338753 0.03387533875338753 0.1578590785907859
3 0.064 -10 0.062150403977625855 0.2517091361093847 0.062150403977625855 0.062150403977625855 0.062150403977625855 0.21504039776258546
3 0.090496 -10 0.09337068160597572 0.323062558356676 0.09337068160597572 0.09337068160597572 0.09337068160597572 0.25770308123249297
3 0.128 -10 0.1557632398753894 0.4454828660436137 0.1557632398753894 0.1557632398753894 0.1557632398753894 0.367601246105919
3 0.181 -10 0.23094688221709006 0.5057736720554272 0.23094688221709006 0.23094688221709006 0.23094688221709006 0.3625866050808314
3 0.256 -10 0.37453183520599254 0.6591760299625468 0.37453183520599254 0.37453183520599254 0.37453183520599254 0.4344569288389513
3 0.362 -10 0.4694835680751174 0.6854460093896714 0.4694835680751174 0.4694835680751174 0.4694835680751174 0.4225352112676056
