5 0.001 -10 2.673864488831136e-07 0.007996646310812613 2.673864488831136e-07 2.673864488831136e-07 2.673864488831136e-07 0.007996517965317149
5 0.001414 -10 6.763596672391601e-07 0.01129101301295709 6.763596672391601e-07 6.763596672391601e-07 6.763596672391601e-07 0.011290634251543436
5 0.002 -10 1.975384145547094e-06 0.01599577188777487 1.975384145547094e-06 1.975384145547094e-06 1.975384145547094e-06 0.015994705180336275
5 0.002828 -10 6.55746949875031e-06 0.02255284254827199 6.55746949875031e-06 6.55746949875031e-06 6.55746949875031e-06 0.022549301514742666
5 0.004 -10 2.000670224525216e-05 0.031726828487543324 2.000670224525216e-05 2.000670224525216e-05 2.000670224525216e-05 0.0317168251364207
5 0.005656 -10 5.056327488218757e-05 0.044863276904718564 5.056327488218757e-05 5.056327488218757e-05 5.056327488218757e-05 0.04483799526727747
5 0.008 -10 0.0001301048254578714 0.06360824916635333 0.0001301048254578714 0.0001301048254578714 0.0001301048254578714 0.06354840094664271
5 0.011312 -10 0.00031964506611858193 0.08934718888146602 0.00031964506611858193 0.00031964506611858193 0.00031964506611858193 0.08918416989774554
5 0.016 -10 0.0010542073414999261 0.12680005903561112 0.0010542073414999261 0.0010542073414999261 0.0010542073414999261 0.12624132914461617
5 0.022624 -10 0.003463563313937379 0.17740371293987253 0.003463563313937379 0.003463563313937379 0.003463563313937379 0.17612219451371572
5 0.032 -10 0.006661337596589395 0.24620303756994405 0.006661337596589395 0.006661337596589395 0.006661337596589395 0.24387156941113775
5 0.045249 -10 0.021510002151000216 0.3389976338997634 0.021510002151000216 0.021510002151000216 0.021510002151000216 0.33232953323295333
5 0.064 -10 0.05027652086475616 0.45600804424333835 0.05027652086475616 0.05027652086475616 0.05027652086475616 0.4424333836098542
5 0.090496 -10 0.10277492291880781 0.6002055498458376 0.10277492291880781 0.10277492291880781 0.10277492291880781 0.579650565262076
5 0.128 -10 0.2518891687657431 0.7329974811083123 0.2518891687657431 0.2518891687657431 0.2518891687657431 0.6876574307304786
5 0.181 -10 0.3225806451612903 0.9064516129032258 0.3225806451612903 0.3225806451612903 0.3225806451612903 0.8870967741935484
5 0.256 -10 0.4694835680751174 0.9624413145539906 0.4694835680751174 0.4694835680751174 0.4694835680751174 0.9483568075117371
5 0.362 -10 0.49261083743842365 0.9802955665024631 0.49261083743842365 0.49261083743842365 0.49261083743842365 0.9655172413793104
