7 0.001 -10 4.285180237836218e-09 0.011989365212104251 4.285180237836218e-09 4.285180237836218e-09 4.285180237836218e-09 0.011989363853702115
7 0.001414 -10 1.685937505915217e-08 0.016945464507501097 1.685937505915217e-08 1.685937505915217e-08 1.685937505915217e-08 0.016945459382251078
7 0.002 -10 7.247434426023758e-08 0.02395477650548592 7.247434426023758e-08 7.247434426023758e-08 7.247434426023758e-08 0.023954752951324036
7 0.002828 -10 2.747667991597393e-07 0.03384273649876517 2.747667991597393e-07 2.747667991597393e-07 2.747667991597393e-07 0.03384265296965823
7 0.004 -10 1.1750798480563943e-06 0.04777193350901396 1.1750798480563943e-06 1.1750798480563943e-06 1.1750798480563943e-06 0.047771561008702126
7 0.005656 -10 4.406134708941514e-06 0.0673641025675371 4.406134708941514e-06 4.406134708941514e-06 4.406134708941514e-06 0.06736270141669964
7 0.008 -10 1.7134910363085838e-05 0.09505810850774515 1.7134910363085838e-05 1.7134910363085838e-05 1.7134910363085838e-05 0.0950526082015186
7 0.011312 -10 7.174572854630527e-05 0.13350753674529234 7.174572854630527e-05 7.174572854630527e-05 7.174572854630527e-05 0.13348680222974246
7 0.016 -10 0.00026091491903679605 0.18681142922147945 0.00026091491903679605 0.00026091491903679605 0.00026091491903679605 0.1867472441513964
7 0.022624 -10 0.0010012134707265206 0.25984693448459534 0.0010012134707265206 0.0010012134707265206 0.0010012134707265206 0.2595936274765015
7 0.032 -10 0.0031071146711740545 0.35939373978536054 0.0031071146711740545 0.0031071146711740545 0.0031071146711740545 0.35877853108046803
7 0.045249 -10 0.011114568977015071 0.48157204463610903 0.011114568977015071 0.011114568977015071 0.011114568977015071 0.47980482816876363
7 0.064 -10 0.035780735651925 0.6284528409904108 0.035780735651925 0.035780735651925 0.035780735651925 0.6249105481608702
7 0.090496 -10 0.10204081632653061 0.7803061224489796 0.10204081632653061 0.10204081632653061 0.10204081632653061 0.773469387755102
7 0.128 -10 0.22084805653710246 0.9074646643109541 0.22084805653710246 0.22084805653710246 0.22084805653710246 0.8992932862190812
7 0.181 -10 0.3700962250185048 0.9796447076239823 0.3700962250185048 0.3700962250185048 0.3700962250185048 0.9770540340488527
7 0.256 -10 0.4833252779120348 1.0 0.4833252779120348 0.4833252779120348 0.4833252779120348 1.0
7 0.362 -10 0.4870920603994155 1.0 0.4870920603994155 0.4870920603994155 0.4870920603994155 0.9995129079396006
