3 0.001 -10 0.002194329851663302 0.002194329851663302 0.002194329851663302 0.002194329851663302 0.002194329851663302 0.0
3 0.001414 -10 0.0028025334902752087 0.0028025334902752087 0.0028025334902752087 0.0028025334902752087 0.0028025334902752087 0.0
3 0.002 -10 0.0041142104830083105 0.0041142104830083105 0.0041142104830083105 0.0041142104830083105 0.0041142104830083105 0.0
3 0.002828 -10 0.00669882100750268 0.00669882100750268 0.00669882100750268 0.00669882100750268 0.00669882100750268 0.0
3 0.004 -10 0.009252405625462621 0.009252405625462621 0.009252405625462621 0.009252405625462621 0.009252405625462621 0.0
3 0.005656 -10 0.01502178158329578 0.01502178158329578 0.01502178158329578 0.01502178158329578 0.01502178158329578 0.0
3 0.008 -10 0.018409425625920472 0.018409425625920472 0.018409425625920472 0.018409425625920472 0.018409425625920472 0.0
3 0.011312 -10 0.029222676797194622 0.029222676797194622 0.029222676797194622 0.029222676797194622 0.029222676797194622 0.0
3 0.016 -10 0.0297000297000297 0.0297000297000297 0.0297000297000297 0.0297000297000297 0.0297000297000297 0.0
3 0.022624 -10 0.05500550055005501 0.05500550055005501 0.05500550055005501 0.05500550055005501 0.05500550055005501 0.0
3 0.032 -10 0.07776049766718507 0.07776049766718507 0.07776049766718507 0.07776049766718507 0.07776049766718507 0.0
3 0.045249 -10 0.12531328320802004 0.12531328320802004 0.12531328320802004 0.12531328320802004 0.12531328320802004 0.0
3 0.064 -10 0.15873015873015872 0.15873015873015872 0.15873015873015872 0.15873015873015872 0.15873015873015872 0.0
3 0.090496 -10 0.25252525252525254 0.25252525252525254 0.25252525252525254 0.25252525252525254 0.25252525252525254 0.0
3 0.128 -10 0.30959752321981426 0.30959752321981426 0.30959752321981426 0.30959752321981426 0.30959752321981426 0.0
3 0.181 -10 0.5 0.5 0.5 0.5 0.5 0.0
3 0.256 -10 0.7352941176470589 0.7352941176470589 0.7352941176470589 0.7352941176470589 0.7352941176470589 0.0
3 0.362 -10 0.8928571428571429 0.9285714285714286 0.8928571428571429 0.8928571428571429 0.8928571428571429 0.4107142857142857
