7 0.001 -10 1.2275007147727753e-09 0.011982394141452316 1.2275007147727753e-09 1.2275007147727753e-09 1.2275007147727753e-09 0.0119823929139516
7 0.001414 -10 8.994226085447311e-09 0.01693791830197646 8.994226085447311e-09 8.994226085447311e-09 8.994226085447311e-09 0.01693791066734269
7 0.002 -10 3.822797656950338e-08 0.023945011505936028 3.822797656950338e-08 3.822797656950338e-08 3.822797656950338e-08 0.023944988296093112
7 0.002828 -10 2.947828261574923e-07 0.033841910679526285 2.947828261574923e-07 2.947828261574923e-07 2.947828261574923e-07 0.03384178434402936
7 0.004 -10 1.1456381756317606e-06 0.047814682223360196 1.1456381756317606e-06 1.1456381756317606e-06 1.1456381756317606e-06 0.047814259428319184
7 0.005656 -10 3.5630470788379734e-06 0.06743673163048809 3.5630470788379734e-06 3.5630470788379734e-06 3.5630470788379734e-06 0.06743558636535561
7 0.008 -10 1.6469393396949634e-05 0.0951968190543039 1.6469393396949634e-05 1.6469393396949634e-05 1.6469393396949634e-05 0.09519172138491913
7 0.011312 -10 6.27233586267766e-05 0.1335268299166526 6.27233586267766e-05 6.27233586267766e-05 6.27233586267766e-05 0.13350816225039464
7 0.016 -10 0.00023939603799557116 0.18607912039055755 0.00023939603799557116 0.00023939603799557116 0.00023939603799557116 0.1860249712867252
7 0.022624 -10 0.0009478138222849083 0.2644287729196051 0.0009478138222849083 0.0009478138222849083 0.0009478138222849083 0.26421438645980255
7 0.032 -10 0.0034061879080329264 0.3563926848059689 0.0034061879080329264 0.0034061879080329264 0.0034061879080329264 0.3558655366773448
7 0.045249 -10 0.010522360015031942 0.47175247400726544 0.010522360015031942 0.010522360015031942 0.010522360015031942 0.4689966178128523
7 0.064 -10 0.038181818181818185 0.6281818181818182 0.038181818181818185 0.038181818181818185 0.038181818181818185 0.6227272727272727
7 0.090496 -10 0.10824742268041238 0.7925257731958762 0.10824742268041238 0.10824742268041238 0.10824742268041238 0.7835051546391752
7 0.128 -10 0.2028985507246377 0.9227053140096618 0.2028985507246377 0.2028985507246377 0.2028985507246377 0.9178743961352657
7 0.181 -10 0.39622641509433965 0.9858490566037735 0.39622641509433965 0.39622641509433965 0.39622641509433965 0.9764150943396226
