7 0.001 -10 0.005261773217574322 0.0053143909497500655 0.005261773217574322 0.005261773217574322 0.005261773217574322 0.00010523546435148645
7 0.001414 -10 0.007954816641476414 0.007954816641476414 0.007954816641476414 0.007954816641476414 0.007954816641476414 7.954816641476414e-05
7 0.002 -10 0.013070186903672723 0.01320088877270945 0.013070186903672723 0.013070186903672723 0.013070186903672723 0.00013070186903672723
7 0.002828 -10 0.015590894917368257 0.015590894917368257 0.015590894917368257 0.015590894917368257 0.015590894917368257 0.00015590894917368256
7 0.004 -10 0.0225123818099955 0.02296262944619541 0.0225123818099955 0.0225123818099955 0.0225123818099955 0.0009004952723998199
7 0.005656 -10 0.03351206434316354 0.03451742627345845 0.03351206434316354 0.03351206434316354 0.03351206434316354 0.001675603217158177
7 0.008 -10 0.04434589800443459 0.04700665188470066 0.04434589800443459 0.04434589800443459 0.04434589800443459 0.003547671840354767
7 0.011312 -10 0.06657789613848203 0.06990679094540612 0.06657789613848203 0.06657789613848203 0.06657789613848203 0.006657789613848202
7 0.016 -10 0.11148272017837235 0.12040133779264214 0.11148272017837235 0.11148272017837235 0.11148272017837235 0.016722408026755852
7 0.022624 -10 0.16474464579901152 0.17462932454695224 0.16474464579901152 0.16474464579901152 0.16474464579901152 0.018121911037891267
7 0.032 -10 0.16666666666666666 0.18333333333333332 0.16666666666666666 0.16666666666666666 0.16666666666666666 0.03666666666666667
7 0.045249 -10 0.3246753246753247 0.37012987012987014 0.3246753246753247 0.3246753246753247 0.3246753246753247 0.11038961038961038
7 0.064 -10 0.47393364928909953 0.5308056872037915 0.47393364928909953 0.47393364928909953 0.47393364928909953 0.1848341232227488
7 0.090496 -10 0.5235602094240838 0.675392670157068 0.5235602094240838 0.5235602094240838 0.5235602094240838 0.39267015706806285
7 0.128 -10 0.7692307692307693 0.8923076923076924 0.7692307692307693 0.7692307692307693 0.7692307692307693 0.6846153846153846
7 0.181 -10 0.9345794392523364 0.9813084112149533 0.9345794392523364 0.9345794392523364 0.9345794392523364 0.8691588785046729
7 0.256 -10 0.9803921568627451 1.0 0.9803921568627451 0.9803921568627451 0.9803921568627451 0.9803921568627451
7 0.362 -10 1.0 1.0 1.0 1.0 1.0 1.0
