5 0.001 -10 2.879898088009596e-07 0.007988280899828016 2.879898088009596e-07 2.879898088009596e-07 2.879898088009596e-07 0.007988159944108321
5 0.001414 -10 8.343139010707386e-07 0.011284737933685564 8.343139010707386e-07 8.343139010707386e-07 8.343139010707386e-07 0.011284390024788817
5 0.002 -10 2.377262965053167e-06 0.01595232359185568 2.377262965053167e-06 2.377262965053167e-06 2.377262965053167e-06 0.015951348914040007
5 0.002828 -10 6.385130757006289e-06 0.02251176817909301 6.385130757006289e-06 6.385130757006289e-06 6.385130757006289e-06 0.02250892679590614
5 0.004 -10 1.8778977370505992e-05 0.031779700962062035 1.8778977370505992e-05 1.8778977370505992e-05 1.8778977370505992e-05 0.031772057918272235
5 0.005656 -10 5.06176850801488e-05 0.044812697102102096 5.06176850801488e-05 5.06176850801488e-05 5.06176850801488e-05 0.04479184261584908
5 0.008 -10 0.0001429470565557164 0.0632727985903133 0.0001429470565557164 0.0001429470565557164 0.0001429470565557164 0.06321619155591725
5 0.011312 -10 0.00038895265551591263 0.08880567030739317 0.00038895265551591263 0.00038895265551591263 0.00038895265551591263 0.08864425495535407
5 0.016 -10 0.0010657061102259829 0.12414836760466566 0.0010657061102259829 0.0010657061102259829 0.0010657061102259829 0.1237274136911264
5 0.022624 -10 0.0028192044205125315 0.17251557610442333 0.0028192044205125315 0.0028192044205125315 0.0028192044205125315 0.17139635194947986
5 0.032 -10 0.007465527924807203 0.2406662237120098 0.007465527924807203 0.007465527924807203 0.007465527924807203 0.23795623707530478
5 0.045249 -10 0.018319380072178357 0.32888783043581804 0.018319380072178357 0.018319380072178357 0.018319380072178357 0.3227508381116383
5 0.064 -10 0.047927150730889045 0.44730409777138747 0.047927150730889045 0.047927150730889045 0.047927150730889045 0.4314402108794632
5 0.090496 -10 0.10073536818777072 0.585675430643699 0.10073536818777072 0.10073536818777072 0.10073536818777072 0.5584768812330009
5 0.128 -10 0.20695364238410596 0.7394453642384106 0.20695364238410596 0.20695364238410596 0.20695364238410596 0.706953642384106
5 0.181 -10 0.3266906239790918 0.8836981378634433 0.3266906239790918 0.3266906239790918 0.3266906239790918 0.8529892192094087
5 0.256 -10 0.4488330341113106 0.9771095152603232 0.4573608617594255 0.4488330341113106 0.4488330341113106 0.9622980251346499
5 0.362 -10 0.4975124378109453 0.9875621890547264 0.5094527363184079 0.4975124378109453 0.4975124378109453 0.9771144278606965
