7 0.001 -10 8.969551041266056e-10 0.00010354505333253991 8.969551041266056e-10 8.969551041266056e-10 8.969551041266056e-10 0.00010354415637743578
7 0.001414 -10 6.386509434213941e-09 0.00020625570702793937 6.386509434213941e-09 6.386509434213941e-09 6.386509434213941e-09 0.00020625130033642973
7 0.002 -10 4.163778739129519e-08 0.00041170569778977464 4.163778739129519e-08 4.163778739129519e-08 4.163778739129519e-08 0.0004116786332279703
7 0.002828 -10 2.648346395021893e-07 0.0008181801352780635 2.648346395021893e-07 2.648346395021893e-07 2.648346395021893e-07 0.0008179815092984369
7 0.004 -10 1.0991248130745909e-06 0.0016322333211601597 1.0991248130745909e-06 1.0991248130745909e-06 1.0991248130745909e-06 0.0016314199687984844
7 0.005656 -10 4.9951297484952176e-06 0.0032266040610404857 4.9951297484952176e-06 4.9951297484952176e-06 4.9951297484952176e-06 0.0032239066909762982
7 0.008 -10 1.8041696525674417e-05 0.006315676285777587 1.8041696525674417e-05 1.8041696525674417e-05 1.8041696525674417e-05 0.006305212101792695
7 0.011312 -10 6.219810594327782e-05 0.012518612783203526 6.219810594327782e-05 6.219810594327782e-05 6.219810594327782e-05 0.012478805995399828
7 0.016 -10 0.000245176159070292 0.023840929707995194 0.000245176159070292 0.000245176159070292 0.000245176159070292 0.02370117929732513
7 0.022624 -10 0.0011263417546151853 0.04558305080927655 0.0011263417546151853 0.0011263417546151853 0.0011263417546151853 0.04489598233896129
7 0.032 -10 0.0035507580868515427 0.08550225473138515 0.0035507580868515427 0.0035507580868515427 0.0035507580868515427 0.0835493377836168
7 0.045249 -10 0.010855405992184108 0.1492618323925315 0.010855405992184108 0.010855405992184108 0.010855405992184108 0.14459400781589232
7 0.064 -10 0.036778227289444645 0.26222876057374034 0.036778227289444645 0.036778227289444645 0.036778227289444645 0.24862081647664583
7 0.090496 -10 0.10040160642570281 0.44377510040160645 0.10040160642570281 0.10040160642570281 0.10040160642570281 0.41365461847389556
7 0.128 -10 0.2288329519450801 0.6613272311212814 0.2288329519450801 0.2288329519450801 0.2288329519450801 0.6270022883295194
7 0.181 -10 0.3367003367003367 0.9057239057239057 0.3367003367003367 0.3367003367003367 0.3367003367003367 0.8922558922558923
7 0.256 -10 0.5025125628140703 1.0 0.5025125628140703 0.5025125628140703 0.5025125628140703 1.0
7 0.362 -10 0.49504950495049505 1.0 0.49504950495049505 0.49504950495049505 0.49504950495049505 1.0
