3 0.001 -10 1.8016954530755986e-05 0.004013546876043857 1.8016954530755986e-05 1.8016954530755986e-05 1.8016954530755986e-05 0.004001529567371843
3 0.001414 -10 3.560017824297243e-05 0.005653237104627535 3.560017824297243e-05 3.560017824297243e-05 3.560017824297243e-05 0.005629527385917716
3 0.002 -10 7.537453606973049e-05 0.007998142771431242 7.537453606973049e-05 7.537453606973049e-05 7.537453606973049e-05 0.00794824482855308
3 0.002828 -10 0.00014673486316166967 0.011304600592838195 0.00014673486316166967 0.00014673486316166967 0.00014673486316166967 0.011207315378562007
3 0.004 -10 0.00028051340685776734 0.015954761041849234 0.00028051340685776734 0.00028051340685776734 0.00028051340685776734 0.01576821962628882
3 0.005656 -10 0.0005425358996004766 0.022661181990412307 0.0005425358996004766 0.0005425358996004766 0.0005425358996004766 0.022299310545378787
3 0.008 -10 0.0010813113711785104 0.03192355561130317 0.0010813113711785104 0.0010813113711785104 0.0010813113711785104 0.03120015830398474
3 0.011312 -10 0.002155102744523345 0.044390806331691866 0.002155102744523345 0.002155102744523345 0.002155102744523345 0.042968438520306455
3 0.016 -10 0.0043833310686122815 0.06325146732007522 0.0043833310686122815 0.0043833310686122815 0.0043833310686122815 0.060419835449751685
3 0.022624 -10 0.008671221948596996 0.08831639554646041 0.008671221948596996 0.008671221948596996 0.008671221948596996 0.08277548472130693
3 0.032 -10 0.01720963050923297 0.12848710138193334 0.01720963050923297 0.01720963050923297 0.01720963050923297 0.11757619563907963
3 0.045249 -10 0.03124218945263684 0.1722381904523869 0.03124218945263684 0.03124218945263684 0.03124218945263684 0.15218070482379406
3 0.064 -10 0.05591590248266607 0.24256318496980542 0.05591590248266607 0.05591590248266607 0.05591590248266607 0.20605010064862447
3 0.090496 -10 0.1060332944544587 0.32265931502491785 0.1060332944544587 0.1060332944544587 0.1060332944544587 0.2538437069239741
3 0.128 -10 0.1781895937277263 0.434248039914469 0.1781895937277263 0.1781895937277263 0.1781895937277263 0.3191375623663578
3 0.181 -10 0.27056277056277056 0.5465367965367965 0.27056277056277056 0.27056277056277056 0.27056277056277056 0.38311688311688313
3 0.256 -10 0.3883495145631068 0.6737864077669903 0.3883495145631068 0.3883495145631068 0.3883495145631068 0.46873786407766993
3 0.362 -10 0.4803073967339097 0.7190201729106628 0.4803073967339097 0.4803073967339097 0.4803073967339097 0.46157540826128723
