5 0.001 -10 0.0037782899459704537 0.0037782899459704537 0.0037782899459704537 0.0037782899459704537 0.0037782899459704537 0.0
5 0.001414 -10 0.0059751434034416824 0.0060348948374761 0.0059751434034416824 0.0059751434034416824 0.0059751434034416824 5.9751434034416824e-05
5 0.002 -10 0.006534666405280011 0.00660001306933281 0.006534666405280011 0.006534666405280011 0.006534666405280011 6.53466640528001e-05
5 0.002828 -10 0.010026067776218167 0.010026067776218167 0.010026067776218167 0.010026067776218167 0.010026067776218167 0.0
5 0.004 -10 0.01552072016141549 0.016296756169486264 0.01552072016141549 0.01552072016141549 0.01552072016141549 0.0007760360080707744
5 0.005656 -10 0.021204410517387615 0.021416454622561493 0.021204410517387615 0.021204410517387615 0.021204410517387615 0.00021204410517387616
5 0.008 -10 0.03351206434316354 0.03485254691689008 0.03351206434316354 0.03351206434316354 0.03351206434316354 0.0013404825737265416
5 0.011312 -10 0.043233895373973194 0.04496325118893212 0.043233895373973194 0.043233895373973194 0.043233895373973194 0.0017293558149589277
5 0.016 -10 0.06527415143603134 0.06984334203655353 0.06527415143603134 0.06527415143603134 0.06527415143603134 0.0045691906005221935
5 0.022624 -10 0.09891196834817013 0.10781404549950543 0.09891196834817013 0.09891196834817013 0.09891196834817013 0.008902077151335312
5 0.032 -10 0.11312217194570136 0.1334841628959276 0.11312217194570136 0.11312217194570136 0.11312217194570136 0.023755656108597284
5 0.045249 -10 0.16447368421052633 0.20394736842105263 0.16447368421052633 0.16447368421052633 0.16447368421052633 0.046052631578947366
5 0.064 -10 0.22573363431151242 0.32505643340857787 0.22573363431151242 0.22573363431151242 0.22573363431151242 0.10835214446952596
5 0.090496 -10 0.27100271002710025 0.4146341463414634 0.27100271002710025 0.27100271002710025 0.27100271002710025 0.18157181571815717
5 0.128 -10 0.4608294930875576 0.6774193548387096 0.4608294930875576 0.4608294930875576 0.4608294930875576 0.3548387096774194
5 0.181 -10 0.5 0.825 0.5 0.5 0.5 0.54
5 0.256 -10 0.5434782608695652 0.9836956521739131 0.5434782608695652 0.5434782608695652 0.5434782608695652 0.8097826086956522
5 0.362 -10 0.5128205128205128 1.0 0.5128205128205128 0.5128205128205128 0.5128205128205128 0.9897435897435898
