7 0.001 -10 2.179996963792225e-09 2.7276776010057453e-05 2.179996963792225e-09 2.179996963792225e-09 2.179996963792225e-09 2.7274683212972213e-05
7 0.001414 -10 1.0888944225269361e-08 5.483977202283958e-05 1.0888944225269361e-08 1.0888944225269361e-08 1.0888944225269361e-08 5.48305164202481e-05
7 0.002 -10 5.657246955044955e-08 0.00011139515261770369 5.657246955044955e-08 5.657246955044955e-08 5.657246955044955e-08 0.00011134763174328131
7 0.002828 -10 3.7166167720775995e-07 0.00022592941695782518 3.7166167720775995e-07 3.7166167720775995e-07 3.7166167720775995e-07 0.00022560978791542652
7 0.004 -10 1.2532562259920755e-06 0.0004652087110882584 1.2532562259920755e-06 1.2532562259920755e-06 1.2532562259920755e-06 0.0004643690294168437
7 0.005656 -10 4.433156249429231e-06 0.0009583597180016112 4.433156249429231e-06 4.433156249429231e-06 4.433156249429231e-06 0.0009550791823770336
7 0.008 -10 1.5350944858331502e-05 0.002025096645711092 1.5350944858331502e-05 1.5350944858331502e-05 1.5350944858331502e-05 0.0020141974748616766
7 0.011312 -10 7.072881088601275e-05 0.004367504072211287 7.072881088601275e-05 7.072881088601275e-05 7.072881088601275e-05 0.004318701192699938
7 0.016 -10 0.00032417327710007555 0.009666847123124253 0.00032417327710007555 0.00032417327710007555 0.00032417327710007555 0.009495035286261212
7 0.022624 -10 0.001052997356976634 0.0215232659766024 0.001052997356976634 0.001052997356976634 0.001052997356976634 0.02089146756241642
7 0.032 -10 0.0033537914612469396 0.046248784250595296 0.0033537914612469396 0.0033537914612469396 0.0033537914612469396 0.04450481269074689
7 0.045249 -10 0.013099292638197537 0.10217448257794079 0.013099292638197537 0.013099292638197537 0.013099292638197537 0.0962798008907519
7 0.064 -10 0.03644314868804665 0.20845481049562684 0.03644314868804665 0.03644314868804665 0.03644314868804665 0.19387755102040816
7 0.090496 -10 0.09832841691248771 0.42674532940019666 0.09832841691248771 0.09832841691248771 0.09832841691248771 0.39233038348082594
7 0.128 -10 0.20833333333333334 0.6708333333333333 0.20833333333333334 0.20833333333333334 0.20833333333333334 0.6354166666666666
7 0.181 -10 0.373134328358209 0.8805970149253731 0.373134328358209 0.373134328358209 0.373134328358209 0.8582089552238806
7 0.256 -10 0.47393364928909953 1.0 0.47393364928909953 0.47393364928909953 0.47393364928909953 0.995260663507109
7 0.362 -10 0.4672897196261682 1.0 0.4672897196261682 0.4672897196261682 0.4672897196261682 1.0
