5 0.001 -10 2.8621845658159293e-07 0.00798869600584485 2.8621845658159293e-07 2.8621845658159293e-07 2.8621845658159293e-07 0.00798857550787463
5 0.001414 -10 8.680828398814813e-07 0.011288768006694433 8.680828398814813e-07 8.680828398814813e-07 8.680828398814813e-07 0.011288413828895762
5 0.002 -10 2.3146042822669737e-06 0.01594044591694014 2.3146042822669737e-06 2.3146042822669737e-06 2.3146042822669737e-06 0.015939443693285916
5 0.002828 -10 6.310079768116179e-06 0.02254499373983296 6.310079768116179e-06 6.310079768116179e-06 6.310079768116179e-06 0.022542337196250584
5 0.004 -10 1.815635537891923e-05 0.031771152648777126 1.815635537891923e-05 1.815635537891923e-05 1.815635537891923e-05 0.03176354513587336
5 0.005656 -10 5.1298785208857105e-05 0.04488146107558471 5.1298785208857105e-05 5.1298785208857105e-05 5.1298785208857105e-05 0.04486145454935325
5 0.008 -10 0.00014026720903320827 0.06315979941789109 0.00014026720903320827 0.00014026720903320827 0.00014026720903320827 0.0631007469228881
5 0.011312 -10 0.0003875848810889585 0.0887456978078199 0.0003875848810889585 0.0003875848810889585 0.0003875848810889585 0.08858795076121671
5 0.016 -10 0.0010683144348509809 0.12445008514466045 0.0010683144348509809 0.0010683144348509809 0.0010683144348509809 0.12400566633976245
5 0.022624 -10 0.002971503283511128 0.17352984875048286 0.002971503283511128 0.002971503283511128 0.002971503283511128 0.1723650194633465
5 0.032 -10 0.007483293547155974 0.23992935770891485 0.007483293547155974 0.007483293547155974 0.007483293547155974 0.23710815604163704
5 0.045249 -10 0.01888966546402463 0.32511003230132796 0.01888966546402463 0.01888966546402463 0.01888966546402463 0.31881977370180775
5 0.064 -10 0.0452980612429788 0.44152020293531435 0.0452980612429788 0.0452980612429788 0.0452980612429788 0.4268889291538322
5 0.090496 -10 0.10090817356205853 0.5877901109989909 0.10090817356205853 0.10090817356205853 0.10090817356205853 0.5600403632694249
5 0.128 -10 0.21114864864864866 0.7476773648648649 0.21114864864864866 0.21114864864864866 0.21114864864864866 0.7062922297297297
5 0.181 -10 0.33921302578018997 0.8816146540027137 0.33921302578018997 0.33921302578018997 0.33921302578018997 0.850067842605156
5 0.256 -10 0.44483985765124556 0.9804270462633452 0.44483985765124556 0.44483985765124556 0.44483985765124556 0.9675266903914591
5 0.362 -10 0.5058168942842691 0.9934243803743045 0.5058168942842691 0.5058168942842691 0.5058168942842691 0.9833080424886191
