7 0.001 -10 4.56497546753664e-09 0.011977424587706976 1.5283537865312674e-08 4.56497546753664e-09 4.56497546753664e-09 0.011977423222779312
7 0.001414 -10 1.832367514035568e-08 0.016922767417288133 4.747664228866156e-08 1.832367514035568e-08 1.832367514035568e-08 0.016922762873016698
7 0.002 -10 7.470274473931816e-08 0.023905004190706697 1.6008798197635882e-07 7.470274473931816e-08 7.470274473931816e-08 0.023904985589723256
7 0.002828 -10 2.724831197517951e-07 0.03375286470257315 5.103608832951122e-07 2.724831197517951e-07 2.724831197517951e-07 0.0337527894972321
7 0.004 -10 1.1641964838807405e-06 0.04761150445740099 1.820803300789478e-06 1.1641964838807405e-06 1.1641964838807405e-06 0.04761119012435034
7 0.005656 -10 4.427184936074703e-06 0.06705648944980358 6.109515211783091e-06 4.427184936074703e-06 4.427184936074703e-06 0.06705542249823399
7 0.008 -10 1.7181981496552307e-05 0.09442522878452687 2.1924208389600744e-05 1.7181981496552307e-05 1.7181981496552307e-05 0.0944210707450047
7 0.011312 -10 6.581646709578125e-05 0.13182524990841638 7.766343117302188e-05 6.581646709578125e-05 6.581646709578125e-05 0.13180774272816892
7 0.016 -10 0.0002583491335357585 0.1842310922665512 0.0002875425856252992 0.0002583491335357585 0.0002583491335357585 0.1841747721554404
7 0.022624 -10 0.0009336832778258625 0.2538432737923507 0.0009411527440484693 0.0009336832778258625 0.0009336832778258625 0.25367521080234207
7 0.032 -10 0.0032363506909608725 0.3465775591443089 0.003271950548561442 0.0032363506909608725 0.0032363506909608725 0.34594323440888053
7 0.045249 -10 0.011642798928862498 0.46526953079520317 0.011724298521364536 0.011642798928862498 0.011642798928862498 0.463418325765514
7 0.064 -10 0.03770739064856712 0.6165158371040724 0.03800904977375565 0.03770739064856712 0.03770739064856712 0.611500754147813
7 0.090496 -10 0.10206164523372117 0.7779138599714227 0.10379669320269443 0.10206164523372117 0.10206164523372117 0.7680138803837517
7 0.128 -10 0.21477663230240548 0.9089347079037801 0.22401202749140894 0.21477663230240548 0.21477663230240548 0.9018470790378007
7 0.181 -10 0.37735849056603776 0.9762264150943396 0.40226415094339624 0.3777358490566038 0.37735849056603776 0.9713207547169811
7 0.256 -10 0.47326076668244205 1.0 0.5409370563180312 0.47326076668244205 0.47326076668244205 1.0
7 0.362 -10 0.510986203372509 1.0 0.5886561062851303 0.510986203372509 0.510986203372509 1.0
