7 0.001 -10 1.2473712858485587e-09 0.01197019649741907 1.2473712858485587e-09 1.2473712858485587e-09 1.2473712858485587e-09 0.011970195250047784
7 0.001414 -10 7.043231132429808e-09 0.01691443137582441 7.043231132429808e-09 7.043231132429808e-09 7.043231132429808e-09 0.01691442705384167
7 0.002 -10 3.867169636573102e-08 0.023896335820872912 3.867169636573102e-08 3.867169636573102e-08 3.867169636573102e-08 0.023896314892660763
7 0.002828 -10 2.5281567894460193e-07 0.033754893044310515 2.5281567894460193e-07 2.5281567894460193e-07 2.5281567894460193e-07 0.03375482382096985
7 0.004 -10 1.1729504554943638e-06 0.047610882846574255 1.1729504554943638e-06 1.1729504554943638e-06 1.1729504554943638e-06 0.04761068735483167
7 0.005656 -10 4.201236634003219e-06 0.06711775611151143 4.201236634003219e-06 4.201236634003219e-06 4.201236634003219e-06 0.06711680583179659
7 0.008 -10 1.5985056255980123e-05 0.0944981339349804 1.5985056255980123e-05 1.5985056255980123e-05 1.5985056255980123e-05 0.0944947085657827
7 0.011312 -10 5.8071647969670006e-05 0.1321952672989563 5.8071647969670006e-05 5.8071647969670006e-05 5.8071647969670006e-05 0.13218351470353387
7 0.016 -10 0.0002641077559644335 0.18515525763082766 0.0002641077559644335 0.0002641077559644335 0.0002641077559644335 0.18510180725164438
7 0.022624 -10 0.001052170100832968 0.25515124945199474 0.001052170100832968 0.001052170100832968 0.001052170100832968 0.25492578443038766
7 0.032 -10 0.0029924120978946245 0.34768978661251826 0.0029924120978946245 0.0029924120978946245 0.0029924120978946245 0.3471554273093228
7 0.045249 -10 0.010074358359318782 0.4761333653154234 0.010074358359318782 0.010074358359318782 0.010074358359318782 0.47493403693931396
7 0.064 -10 0.04007633587786259 0.6154580152671756 0.04007633587786259 0.04007633587786259 0.04007633587786259 0.6111641221374046
7 0.090496 -10 0.10357583230579531 0.7694204685573366 0.10357583230579531 0.10357583230579531 0.10357583230579531 0.7546239210850801
7 0.128 -10 0.20689655172413793 0.9014778325123153 0.20689655172413793 0.20689655172413793 0.20689655172413793 0.8916256157635468
7 0.181 -10 0.4097560975609756 0.9853658536585366 0.4097560975609756 0.4097560975609756 0.4097560975609756 0.9853658536585366
