7 0.001 -10 4.0071471476525535e-06 4.0071471476525535e-06 4.0071471476525535e-06 4.0071471476525535e-06 4.0071471476525535e-06 0.0
7 0.001414 -10 1.0516679190278802e-05 1.0516679190278802e-05 1.0516679190278802e-05 1.0516679190278802e-05 1.0516679190278802e-05 0.0
7 0.002 -10 1.7541382313550454e-05 1.7541382313550454e-05 1.7541382313550454e-05 1.7541382313550454e-05 1.7541382313550454e-05 0.0
7 0.002828 -10 4.649679218630707e-05 4.649679218630707e-05 4.649679218630707e-05 4.649679218630707e-05 4.649679218630707e-05 0.0
7 0.004 -10 7.877967137847881e-05 7.877967137847881e-05 7.877967137847881e-05 7.877967137847881e-05 7.877967137847881e-05 0.0
7 0.005656 -10 0.0002191127685774761 0.0002191127685774761 0.0002191127685774761 0.0002191127685774761 0.0002191127685774761 0.0
7 0.008 -10 0.00048589212223102226 0.00048589212223102226 0.00048589212223102226 0.00048589212223102226 0.00048589212223102226 0.0
7 0.011312 -10 0.00084107826233231 0.00084107826233231 0.00084107826233231 0.00084107826233231 0.00084107826233231 0.0
7 0.016 -10 0.0020755931007285333 0.0020755931007285333 0.0020755931007285333 0.0020755931007285333 0.0020755931007285333 0.0
7 0.022624 -10 0.005017561465127948 0.005017561465127948 0.005017561465127948 0.005017561465127948 0.005017561465127948 0.0
7 0.032 -10 0.013837000138370002 0.013837000138370002 0.013837000138370002 0.013837000138370002 0.013837000138370002 0.0
7 0.045249 -10 0.030665440049064702 0.030665440049064702 0.030665440049064702 0.030665440049064702 0.030665440049064702 0.0
7 0.064 -10 0.07215007215007214 0.07215007215007214 0.07215007215007214 0.07215007215007214 0.07215007215007214 0.0
7 0.090496 -10 0.1988071570576541 0.1988071570576541 0.1988071570576541 0.1988071570576541 0.1988071570576541 0.0
7 0.128 -10 0.398406374501992 0.398406374501992 0.398406374501992 0.398406374501992 0.398406374501992 0.0
7 0.181 -10 0.7692307692307693 0.7692307692307693 0.7692307692307693 0.7692307692307693 0.7692307692307693 0.0
7 0.256 -10 0.9259259259259259 0.9259259259259259 0.9259259259259259 0.9259259259259259 0.9259259259259259 0.0
7 0.362 -10 0.970873786407767 0.970873786407767 0.970873786407767 0.970873786407767 0.970873786407767 0.0
