7 0.001 -10 1.1700830354434058e-09 0.01194174207883769 1.1700830354434058e-09 1.1700830354434058e-09 1.1700830354434058e-09 0.01194174098676019
7 0.001414 -10 8.243368625520249e-09 0.016851650524295034 8.243368625520249e-09 8.243368625520249e-09 8.243368625520249e-09 0.01685164389169959
7 0.002 -10 4.1787853161511355e-08 0.0237727183326295 4.1787853161511355e-08 4.1787853161511355e-08 4.1787853161511355e-08 0.023772688835321385
7 0.002828 -10 4.2964901936225437e-07 0.03346620119738734 4.2964901936225437e-07 4.2964901936225437e-07 4.2964901936225437e-07 0.03346606977533435
7 0.004 -10 1.0779654216846645e-06 0.047052176100844605 1.0779654216846645e-06 1.0779654216846645e-06 1.0779654216846645e-06 0.04705180832440662
7 0.005656 -10 5.689795686130789e-06 0.06607198260930683 5.689795686130789e-06 5.689795686130789e-06 5.689795686130789e-06 0.0660702422012146
7 0.008 -10 1.8150110811764774e-05 0.09242100484565252 1.8150110811764774e-05 1.8150110811764774e-05 1.8150110811764774e-05 0.09241459892418954
7 0.011312 -10 6.961124983313773e-05 0.12914115277867635 6.961124983313773e-05 6.961124983313773e-05 6.961124983313773e-05 0.1291223167934274
7 0.016 -10 0.00022084920416339722 0.17754976901771471 0.00022084920416339722 0.00022084920416339722 0.00022084920416339722 0.17749520627315668
7 0.022624 -10 0.001004930068689926 0.24538027736069895 0.001004930068689926 0.001004930068689926 0.001004930068689926 0.24514382322688957
7 0.032 -10 0.00333647354372743 0.3353352174595698 0.00333647354372743 0.00333647354372743 0.00333647354372743 0.3346286701208981
7 0.045249 -10 0.011228533685601057 0.454557463672391 0.011228533685601057 0.011228533685601057 0.011228533685601057 0.4525759577278732
7 0.064 -10 0.036685369011653 0.6020716443677169 0.036685369011653 0.036685369011653 0.036685369011653 0.5981873111782477
7 0.090496 -10 0.1303680981595092 0.7423312883435583 0.1303680981595092 0.1303680981595092 0.1303680981595092 0.7346625766871165
7 0.128 -10 0.23943661971830985 0.9042253521126761 0.23943661971830985 0.23943661971830985 0.23943661971830985 0.8929577464788733
7 0.181 -10 0.391705069124424 0.9861751152073732 0.391705069124424 0.391705069124424 0.391705069124424 0.9861751152073732
7 0.256 -10 0.5414012738853503 1.0 0.5414012738853503 0.5414012738853503 0.5414012738853503 1.0
7 0.362 -10 0.5448717948717948 1.0 0.5448717948717948 0.5448717948717948 0.5448717948717948 1.0
