3 0.001 -10 1.7514020980851376e-05 0.0040063322993697525 1.7514020980851376e-05 1.7514020980851376e-05 1.7514020980851376e-05 0.003994580391291602
3 0.001414 -10 3.59003933534299e-05 0.005655963371259466 3.59003933534299e-05 3.59003933534299e-05 3.59003933534299e-05 0.005631622904565841
3 0.002 -10 7.103683878111298e-05 0.00796415310626692 7.103683878111298e-05 7.103683878111298e-05 7.103683878111298e-05 0.007917908124220415
3 0.002828 -10 0.0001454707112179448 0.01134773376997822 0.0001454707112179448 0.0001454707112179448 0.0001454707112179448 0.011248959157061235
3 0.004 -10 0.0002830564663683629 0.01604675413488886 0.0002830564663683629 0.0002830564663683629 0.0002830564663683629 0.015855974076556586
3 0.005656 -10 0.0005424328983383111 0.022451297662222695 0.0005424328983383111 0.0005424328983383111 0.0005424328983383111 0.022084070590047657
3 0.008 -10 0.0011605707687040486 0.0317044722594572 0.0011605707687040486 0.0011605707687040486 0.0011605707687040486 0.030911802424432335
3 0.011312 -10 0.0022715708366649705 0.044806734753216546 0.0022715708366649705 0.0022715708366649705 0.0022715708366649705 0.04326888129679436
3 0.016 -10 0.004465023240445966 0.06329616945656202 0.004465023240445966 0.004465023240445966 0.004465023240445966 0.060326929001665454
3 0.022624 -10 0.008505354120418803 0.08891497197485818 0.008505354120418803 0.008505354120418803 0.008505354120418803 0.0831823632976959
3 0.032 -10 0.01686994955885082 0.1224589638476981 0.01686994955885082 0.01686994955885082 0.01686994955885082 0.11151036658400391
3 0.045249 -10 0.0316055625790139 0.1731984829329962 0.0316055625790139 0.0316055625790139 0.0316055625790139 0.1515802781289507
3 0.064 -10 0.05704831992697815 0.2391465571338924 0.05704831992697815 0.05704831992697815 0.05704831992697815 0.20309201894004222
3 0.090496 -10 0.10270103728047653 0.32453527780630587 0.10270103728047653 0.10270103728047653 0.10270103728047653 0.2576769025367156
3 0.128 -10 0.17761989342806395 0.42930728241563054 0.17761989342806395 0.17761989342806395 0.17761989342806395 0.31936056838365895
3 0.181 -10 0.26504108136761195 0.5269016697588126 0.26504108136761195 0.26504108136761195 0.26504108136761195 0.37052743175192154
3 0.256 -10 0.3835826620636747 0.6708860759493671 0.3835826620636747 0.3835826620636747 0.3835826620636747 0.4721902570003836
3 0.362 -10 0.4780114722753346 0.7217973231357553 0.4780114722753346 0.4780114722753346 0.4780114722753346 0.4641491395793499
