11 0.001 -10 9.368151003352393e-06 9.368151003352393e-06 9.368151003352393e-06 9.368151003352393e-06 9.368151003352393e-06 0.0
11 0.001414 -10 1.986442174598772e-05 1.986442174598772e-05 1.986442174598772e-05 1.986442174598772e-05 1.986442174598772e-05 0.0
11 0.002 -10 4.070474237113754e-05 4.070474237113754e-05 4.070474237113754e-05 4.070474237113754e-05 4.070474237113754e-05 0.0
11 0.002828 -10 8.481675721279582e-05 8.481675721279582e-05 8.481675721279582e-05 8.481675721279582e-05 8.481675721279582e-05 0.0
11 0.004 -10 0.00017017345950901214 0.00017017345950901214 0.00017017345950901214 0.00017017345950901214 0.00017017345950901214 0.0
11 0.005656 -10 0.00037471765025053625 0.00037471765025053625 0.00037471765025053625 0.00037471765025053625 0.00037471765025053625 0.0
11 0.008 -10 0.0008211994274597592 0.0008211994274597592 0.0008211994274597592 0.0008211994274597592 0.0008211994274597592 0.0
11 0.011312 -10 0.0017497047373255764 0.0017497047373255764 0.0017497047373255764 0.0017497047373255764 0.0017497047373255764 0.0
11 0.016 -10 0.004157883138536508 0.004157883138536508 0.004157883138536508 0.004157883138536508 0.004157883138536508 0.0
11 0.022624 -10 0.009498841141380752 0.009498841141380752 0.009498841141380752 0.009498841141380752 0.009498841141380752 0.0
11 0.032 -10 0.025347257426746424 0.025347257426746424 0.025347257426746424 0.025347257426746424 0.025347257426746424 0.0
11 0.045249 -10 0.06634379353811451 0.06634379353811451 0.06634379353811451 0.06634379353811451 0.06634379353811451 0.0
11 0.064 -10 0.18102824040550325 0.18102824040550325 0.18102824040550325 0.18102824040550325 0.18102824040550325 0.0
11 0.090496 -10 0.45578851412944393 0.45578851412944393 0.45578851412944393 0.45578851412944393 0.45578851412944393 0.0
11 0.128 -10 0.8467400508044031 0.8467400508044031 0.8467400508044031 0.8467400508044031 0.8467400508044031 0.0
11 0.181 -10 0.999000999000999 0.999000999000999 0.999000999000999 0.999000999000999 0.999000999000999 0.0
11 0.256 -10 1.0 1.0 1.0 1.0 1.0 0.0
11 0.362 -10 1.0 1.0 1.0 1.0 1.0 0.0
