7 0.001 -10 4.6758685796449275e-06 4.6758685796449275e-06 4.6758685796449275e-06 4.6758685796449275e-06 4.6758685796449275e-06 0.0
7 0.001414 -10 9.637352868581693e-06 9.637352868581693e-06 9.637352868581693e-06 9.637352868581693e-06 9.637352868581693e-06 0.0
7 0.002 -10 2.0185796938190062e-05 2.0185796938190062e-05 2.0185796938190062e-05 2.0185796938190062e-05 2.0185796938190062e-05 0.0
7 0.002828 -10 4.0422432202385094e-05 4.0422432202385094e-05 4.0422432202385094e-05 4.0422432202385094e-05 4.0422432202385094e-05 0.0
7 0.004 -10 8.49775858870585e-05 8.49775858870585e-05 8.49775858870585e-05 8.49775858870585e-05 8.49775858870585e-05 0.0
7 0.005656 -10 0.00019528709742053083 0.00019528709742053083 0.00019528709742053083 0.00019528709742053083 0.00019528709742053083 0.0
7 0.008 -10 0.00042199007141759966 0.00042199007141759966 0.00042199007141759966 0.00042199007141759966 0.00042199007141759966 0.0
7 0.011312 -10 0.0009598541021764692 0.0009598541021764692 0.0009598541021764692 0.0009598541021764692 0.0009598541021764692 0.0
7 0.016 -10 0.002257402587434846 0.002257402587434846 0.002257402587434846 0.002257402587434846 0.002257402587434846 0.0
7 0.022624 -10 0.005517332700679184 0.005517332700679184 0.005517332700679184 0.005517332700679184 0.005517332700679184 0.0
7 0.032 -10 0.01440984480597144 0.01440984480597144 0.01440984480597144 0.01440984480597144 0.01440984480597144 0.0
7 0.045249 -10 0.033631532925270734 0.033631532925270734 0.033631532925270734 0.033631532925270734 0.033631532925270734 0.0
7 0.064 -10 0.08667013347200554 0.08667013347200554 0.08667013347200554 0.08667013347200554 0.08667013347200554 0.0
7 0.090496 -10 0.21706099413935315 0.21706099413935315 0.21706099413935315 0.21706099413935315 0.21706099413935315 0.0
7 0.128 -10 0.43383947939262474 0.43383947939262474 0.43383947939262474 0.43383947939262474 0.43383947939262474 0.0
7 0.181 -10 0.7412898443291327 0.7412898443291327 0.7412898443291327 0.7412898443291327 0.7412898443291327 0.0
7 0.256 -10 0.9267840593141798 0.9267840593141798 0.9267840593141798 0.9267840593141798 0.9267840593141798 0.0
7 0.362 -10 0.9813542688910697 0.9813542688910697 0.9813542688910697 0.9813542688910697 0.9813542688910697 0.0
