3 0.001 -10 0.002060818684756075 0.002060818684756075 0.002060818684756075 0.002060818684756075 0.002060818684756075 0.0
3 0.001414 -10 0.0027719613121946355 0.0027719613121946355 0.0027719613121946355 0.0027719613121946355 0.0027719613121946355 0.0
3 0.002 -10 0.0045147569120555205 0.0045147569120555205 0.0045147569120555205 0.0045147569120555205 0.0045147569120555205 0.0
3 0.002828 -10 0.007364341085271318 0.007364341085271318 0.007364341085271318 0.007364341085271318 0.007364341085271318 0.0
3 0.004 -10 0.008788196404095783 0.008788196404095783 0.008788196404095783 0.008788196404095783 0.008788196404095783 0.0
3 0.005656 -10 0.015466897947383637 0.015466897947383637 0.015466897947383637 0.015466897947383637 0.015466897947383637 0.0
3 0.008 -10 0.018613138686131386 0.018613138686131386 0.018613138686131386 0.018613138686131386 0.018613138686131386 0.0
3 0.011312 -10 0.030249110320284697 0.030249110320284697 0.030249110320284697 0.030249110320284697 0.030249110320284697 0.0
3 0.016 -10 0.027250868287469945 0.027250868287469945 0.027250868287469945 0.027250868287469945 0.027250868287469945 0.0
3 0.022624 -10 0.06929347826086957 0.06929347826086957 0.06929347826086957 0.06929347826086957 0.06929347826086957 0.0
3 0.032 -10 0.08417508417508418 0.08417508417508418 0.08417508417508418 0.08417508417508418 0.08417508417508418 0.0
3 0.045249 -10 0.13386880856760375 0.13386880856760375 0.13386880856760375 0.13386880856760375 0.13386880856760375 0.0
3 0.064 -10 0.16051364365971107 0.16051364365971107 0.16051364365971107 0.16051364365971107 0.16051364365971107 0.0
3 0.090496 -10 0.24813895781637718 0.24813895781637718 0.24813895781637718 0.24813895781637718 0.24813895781637718 0.0
3 0.128 -10 0.3389830508474576 0.3389830508474576 0.3389830508474576 0.3389830508474576 0.3389830508474576 0.0
3 0.181 -10 0.425531914893617 0.425531914893617 0.425531914893617 0.425531914893617 0.425531914893617 0.0
3 0.256 -10 0.6535947712418301 0.6535947712418301 0.6535947712418301 0.6535947712418301 0.6535947712418301 0.0
3 0.362 -10 0.625 0.85625 0.625 0.625 0.625 0.425
