5 0.001 -10 2.6316163370963264e-07 0.007981660771017113 2.6316163370963264e-07 2.6316163370963264e-07 2.6316163370963264e-07 0.007981518663734909
5 0.001414 -10 8.521208512557781e-07 0.01126747471923598 8.521208512557781e-07 8.521208512557781e-07 8.521208512557781e-07 0.011267006052767788
5 0.002 -10 1.901127203033332e-06 0.015880476741106 1.901127203033332e-06 1.901127203033332e-06 1.901127203033332e-06 0.015879583211320575
5 0.002828 -10 5.346952520451826e-06 0.022405388615974492 5.346952520451826e-06 5.346952520451826e-06 5.346952520451826e-06 0.022403089426390698
5 0.004 -10 1.9992462841508752e-05 0.03185659006554529 1.9992462841508752e-05 1.9992462841508752e-05 1.9992462841508752e-05 0.031844994437097214
5 0.005656 -10 5.595476169426542e-05 0.04425014464305898 5.595476169426542e-05 5.595476169426542e-05 5.595476169426542e-05 0.04422272680982879
5 0.008 -10 0.00013234585678060764 0.0628166374623476 0.00013234585678060764 0.00013234585678060764 0.00013234585678060764 0.06275840528536414
5 0.011312 -10 0.0004751925717897178 0.08752571979794811 0.0004751925717897178 0.0004751925717897178 0.0004751925717897178 0.08732613891779643
5 0.016 -10 0.001100594320933304 0.12425709883337002 0.001100594320933304 0.001100594320933304 0.001100594320933304 0.12372881355932204
5 0.022624 -10 0.003235198964736331 0.17026852151407312 0.003235198964736331 0.003235198964736331 0.003235198964736331 0.16926560983500485
5 0.032 -10 0.00777363184079602 0.2353078358208955 0.00777363184079602 0.00777363184079602 0.00777363184079602 0.2325870646766169
5 0.045249 -10 0.0191131498470948 0.31785168195718655 0.0191131498470948 0.0191131498470948 0.0191131498470948 0.3109709480122324
5 0.064 -10 0.04194630872483222 0.46182885906040266 0.04194630872483222 0.04194630872483222 0.04194630872483222 0.4471476510067114
5 0.090496 -10 0.09276437847866419 0.5807050092764379 0.09276437847866419 0.09276437847866419 0.09276437847866419 0.5556586270871985
5 0.128 -10 0.20491803278688525 0.7930327868852459 0.20491803278688525 0.20491803278688525 0.20491803278688525 0.7418032786885246
5 0.181 -10 0.3194888178913738 0.8913738019169329 0.3194888178913738 0.3194888178913738 0.3194888178913738 0.8562300319488818
5 0.256 -10 0.38461538461538464 0.9807692307692307 0.38461538461538464 0.38461538461538464 0.38461538461538464 0.9653846153846154
5 0.362 -10 0.4784688995215311 0.9904306220095693 0.4784688995215311 0.4784688995215311 0.4784688995215311 0.9760765550239234
