7 0.001 -10 4.528029763351172e-09 0.01193895305982289 4.528029763351172e-09 4.528029763351172e-09 4.528029763351172e-09 0.011938951484068532
7 0.001414 -10 1.7601016585463292e-08 0.01684637600913539 1.7601016585463292e-08 1.7601016585463292e-08 1.7601016585463292e-08 0.0168463700775928
7 0.002 -10 7.141316721053076e-08 0.02375500212797741 7.141316721053076e-08 7.141316721053076e-08 7.141316721053076e-08 0.02375498041837458
7 0.002828 -10 2.775381571919971e-07 0.03345340037368914 2.775381571919971e-07 2.775381571919971e-07 2.775381571919971e-07 0.03345331267163147
7 0.004 -10 1.17948918135251e-06 0.047045209282474174 1.17948918135251e-06 1.17948918135251e-06 1.17948918135251e-06 0.04704480589717415
7 0.005656 -10 4.342779493959791e-06 0.06598433494294836 4.342779493959791e-06 4.342779493959791e-06 4.342779493959791e-06 0.06598300605242322
7 0.008 -10 1.7744329480116697e-05 0.09233011649933054 1.7744329480116697e-05 1.7744329480116697e-05 1.7744329480116697e-05 0.09232482868914546
7 0.011312 -10 7.022167155947867e-05 0.1286825473445043 7.022167155947867e-05 7.022167155947867e-05 7.022167155947867e-05 0.12866281505479607
7 0.016 -10 0.0002644594528122354 0.1785796834843485 0.0002644594528122354 0.0002644594528122354 0.0002644594528122354 0.17851859335074888
7 0.022624 -10 0.0009840563195112782 0.24570016591189547 0.0009840563195112782 0.0009840563195112782 0.0009840563195112782 0.2454758010710469
7 0.032 -10 0.003353611504228904 0.33604864078125735 0.003353611504228904 0.003353611504228904 0.003353611504228904 0.335428222652975
7 0.045249 -10 0.01124897353116528 0.45115133244091477 0.01124897353116528 0.01124897353116528 0.01124897353116528 0.44928400283474135
7 0.064 -10 0.03619778469557663 0.5999782813291826 0.03619778469557663 0.03619778469557663 0.03619778469557663 0.59541736045754
7 0.090496 -10 0.09512937595129375 0.7697869101978692 0.09512937595129375 0.09512937595129375 0.09512937595129375 0.7636986301369864
7 0.128 -10 0.21872265966754156 0.897419072615923 0.21872265966754156 0.21872265966754156 0.21872265966754156 0.8871391076115486
7 0.181 -10 0.373134328358209 0.9809701492537314 0.373134328358209 0.373134328358209 0.373134328358209 0.9746268656716418
7 0.256 -10 0.4668534080298786 1.0 0.4668534080298786 0.4668534080298786 0.4668534080298786 1.0
7 0.362 -10 0.48426150121065376 1.0 0.48426150121065376 0.48426150121065376 0.48426150121065376 1.0
