5 0.001 -10 2.7111088473954703e-07 0.007986636575780385 2.7111088473954703e-07 2.7111088473954703e-07 2.7111088473954703e-07 0.007986536264753031
5 0.001414 -10 7.264195989634981e-07 0.011269419411460072 7.264195989634981e-07 7.264195989634981e-07 7.264195989634981e-07 0.011269092522640538
5 0.002 -10 2.101346071861329e-06 0.015946653043219815 2.101346071861329e-06 2.101346071861329e-06 2.101346071861329e-06 0.015945728450948195
5 0.002828 -10 6.493641847989169e-06 0.022550405109093508 6.493641847989169e-06 6.493641847989169e-06 6.493641847989169e-06 0.02254741803384343
5 0.004 -10 1.7197268317111437e-05 0.03175200438461553 1.7197268317111437e-05 1.7197268317111437e-05 1.7197268317111437e-05 0.031744953504605516
5 0.005656 -10 4.241207658433493e-05 0.04481938605126178 4.241207658433493e-05 4.241207658433493e-05 4.241207658433493e-05 0.044794787046842865
5 0.008 -10 0.00014970620157940044 0.06279426625247951 0.00014970620157940044 0.00014970620157940044 0.00014970620157940044 0.06273288670983196
5 0.011312 -10 0.0003656815206500355 0.08838522354111357 0.0003656815206500355 0.0003656815206500355 0.0003656815206500355 0.08821335322640805
5 0.016 -10 0.0013117506624340846 0.12504919064984127 0.0013117506624340846 0.0013117506624340846 0.0013117506624340846 0.12447202035837028
5 0.022624 -10 0.002866397225327486 0.17679938085819932 0.002866397225327486 0.002866397225327486 0.002866397225327486 0.17550950210680197
5 0.032 -10 0.006991051454138702 0.24105145413870246 0.006991051454138702 0.006991051454138702 0.006991051454138702 0.2381152125279642
5 0.045249 -10 0.019565642731363724 0.33320289571512424 0.019565642731363724 0.019565642731363724 0.019565642731363724 0.32596360790451967
5 0.064 -10 0.057971014492753624 0.44173913043478263 0.057971014492753624 0.057971014492753624 0.057971014492753624 0.4272463768115942
5 0.090496 -10 0.08333333333333333 0.585 0.08333333333333333 0.08333333333333333 0.08333333333333333 0.5591666666666667
5 0.128 -10 0.1976284584980237 0.7648221343873518 0.1976284584980237 0.1976284584980237 0.1976284584980237 0.7272727272727273
5 0.181 -10 0.352112676056338 0.8556338028169014 0.352112676056338 0.352112676056338 0.352112676056338 0.8309859154929577
5 0.256 -10 0.45871559633027525 0.981651376146789 0.45871559633027525 0.45871559633027525 0.45871559633027525 0.9587155963302753
5 0.362 -10 0.4830917874396135 1.0 0.4830917874396135 0.4830917874396135 0.4830917874396135 0.9758454106280193
