3 0.001 -10 2.1124587111143e-05 0.004018600621443103 2.1124587111143e-05 2.1124587111143e-05 2.1124587111143e-05 0.004005292131563084
3 0.001414 -10 3.420089996248161e-05 0.0056827075347660695 3.420089996248161e-05 3.420089996248161e-05 3.420089996248161e-05 0.005660476949790457
3 0.002 -10 7.309343094717391e-05 0.007998857793319065 7.309343094717391e-05 7.309343094717391e-05 7.309343094717391e-05 0.007949154260274987
3 0.002828 -10 0.00011552061869762825 0.011355291749247865 0.00011552061869762825 0.00011552061869762825 0.00011552061869762825 0.0112755825223465
3 0.004 -10 0.00029398909888421335 0.016007706434245417 0.00029398909888421335 0.00029398909888421335 0.00029398909888421335 0.01581563355630773
3 0.005656 -10 0.0006050924581276019 0.02295922483622164 0.0006050924581276019 0.0006050924581276019 0.0006050924581276019 0.022549778939555298
3 0.008 -10 0.0010792570394540398 0.03187405789854264 0.0010792570394540398 0.0010792570394540398 0.0010792570394540398 0.031132968064784203
3 0.011312 -10 0.0020799389884563384 0.04489894963081083 0.0020799389884563384 0.0020799389884563384 0.0020799389884563384 0.0436093874579679
3 0.016 -10 0.004670641901885382 0.0636141427036789 0.004670641901885382 0.004670641901885382 0.004670641901885382 0.060624931886472264
3 0.022624 -10 0.00909835319807115 0.09083189276074363 0.00909835319807115 0.00909835319807115 0.00909835319807115 0.08497861886998453
3 0.032 -10 0.017450991798033853 0.12803210982490837 0.017450991798033853 0.017450991798033853 0.017450991798033853 0.11692164504682682
3 0.045249 -10 0.0316288877174486 0.18450184501845018 0.0316288877174486 0.0316288877174486 0.0316288877174486 0.1646810753821824
3 0.064 -10 0.056348610067618335 0.24417731029301276 0.056348610067618335 0.056348610067618335 0.056348610067618335 0.2101803155522164
3 0.090496 -10 0.10242403550699898 0.3339023557528167 0.10242403550699898 0.10242403550699898 0.10242403550699898 0.2710822806418573
3 0.128 -10 0.1720183486238532 0.43176605504587157 0.1720183486238532 0.1720183486238532 0.1720183486238532 0.32798165137614677
3 0.181 -10 0.2819548872180451 0.556390977443609 0.2819548872180451 0.2819548872180451 0.2819548872180451 0.4107142857142857
