3 0.001 -10 1.9793063520889105e-05 1.9793063520889105e-05 1.9793063520889105e-05 1.9793063520889105e-05 1.9793063520889105e-05 0.0
3 0.001414 -10 3.902502987366037e-05 3.902502987366037e-05 3.902502987366037e-05 3.902502987366037e-05 3.902502987366037e-05 0.0
3 0.002 -10 6.375400136051039e-05 6.375400136051039e-05 6.375400136051039e-05 6.375400136051039e-05 6.375400136051039e-05 0.0
3 0.002828 -10 0.00015862340266233519 0.00015862340266233519 0.00015862340266233519 0.00015862340266233519 0.00015862340266233519 0.0
3 0.004 -10 0.0002878269354202705 0.0002878269354202705 0.0002878269354202705 0.0002878269354202705 0.0002878269354202705 0.0
3 0.005656 -10 0.0005373426257784752 0.0005373426257784752 0.0005373426257784752 0.0005373426257784752 0.0005373426257784752 0.0
3 0.008 -10 0.0010498246792785605 0.0010498246792785605 0.0010498246792785605 0.0010498246792785605 0.0010498246792785605 0.0
3 0.011312 -10 0.0019367458795731412 0.0019367458795731412 0.0019367458795731412 0.0019367458795731412 0.0019367458795731412 0.0
3 0.016 -10 0.004410143329658214 0.004410143329658214 0.004410143329658214 0.004410143329658214 0.004410143329658214 0.0
3 0.022624 -10 0.00828775070445881 0.00828775070445881 0.00828775070445881 0.00828775070445881 0.00828775070445881 0.0
3 0.032 -10 0.021810250817884406 0.021810250817884406 0.021810250817884406 0.021810250817884406 0.021810250817884406 0.0
3 0.045249 -10 0.02959455460195324 0.02959455460195324 0.02959455460195324 0.02959455460195324 0.02959455460195324 0.0
3 0.064 -10 0.06108735491753207 0.06108735491753207 0.06108735491753207 0.06108735491753207 0.06108735491753207 0.0
3 0.090496 -10 0.1221001221001221 0.1221001221001221 0.1221001221001221 0.1221001221001221 0.1221001221001221 0.0
3 0.128 -10 0.1736111111111111 0.1736111111111111 0.1736111111111111 0.1736111111111111 0.1736111111111111 0.0
3 0.181 -10 0.2958579881656805 0.2958579881656805 0.2958579881656805 0.2958579881656805 0.2958579881656805 0.0
3 0.256 -10 0.4716981132075472 0.4716981132075472 0.4716981132075472 0.4716981132075472 0.4716981132075472 0.0
3 0.362 -10 0.43478260869565216 0.43478260869565216 0.43478260869565216 0.43478260869565216 0.43478260869565216 0.0
