3 0.001 -10 1.7037909462139322e-05 0.00404173288260869 1.7037909462139322e-05 1.7037909462139322e-05 1.7037909462139322e-05 0.00403077182752138
3 0.001414 -10 3.376799496451659e-05 0.005647809717798615 3.376799496451659e-05 3.376799496451659e-05 3.376799496451659e-05 0.005624622361256313
3 0.002 -10 7.377932113187315e-05 0.008053504763684834 7.377932113187315e-05 7.377932113187315e-05 7.377932113187315e-05 0.008002597032103842
3 0.002828 -10 0.00015447673580358797 0.011412226318716402 0.00015447673580358797 0.00015447673580358797 0.00015447673580358797 0.011311816440444069
3 0.004 -10 0.0002663309712735414 0.016124564770804446 0.0002663309712735414 0.0002663309712735414 0.0002663309712735414 0.015941684170529945
3 0.005656 -10 0.000588851856649904 0.02265116808579964 0.000588851856649904 0.000588851856649904 0.000588851856649904 0.022260563020888538
3 0.008 -10 0.0012356510027307886 0.03193334074723935 0.0012356510027307886 0.0012356510027307886 0.0012356510027307886 0.031080741555355104
3 0.011312 -10 0.0023508208282725387 0.04489284175057791 0.0023508208282725387 0.0023508208282725387 0.0023508208282725387 0.043255103240214705
3 0.016 -10 0.004425627332674407 0.06490920087922462 0.004425627332674407 0.004425627332674407 0.004425627332674407 0.06198828683965952
3 0.022624 -10 0.009442870632672332 0.09124960654705697 0.009442870632672332 0.009442870632672332 0.009442870632672332 0.08533207428391565
3 0.032 -10 0.01638896476372576 0.1179459164162797 0.01638896476372576 0.01638896476372576 0.01638896476372576 0.1071291996722207
3 0.045249 -10 0.0328515111695138 0.1807928164695576 0.0328515111695138 0.0328515111695138 0.0328515111695138 0.1591108190976785
3 0.064 -10 0.053003533568904596 0.24028268551236748 0.053003533568904596 0.053003533568904596 0.053003533568904596 0.20636042402826854
3 0.090496 -10 0.10013351134846461 0.3170894526034713 0.10013351134846461 0.10013351134846461 0.10013351134846461 0.2493324432576769
3 0.128 -10 0.17667844522968199 0.4587750294464075 0.17667844522968199 0.17667844522968199 0.17667844522968199 0.33981154299175503
3 0.181 -10 0.2782931354359926 0.551948051948052 0.2782931354359926 0.2782931354359926 0.2782931354359926 0.3803339517625232
