7 0.001 -10 9.387311740027667e-10 0.012013205162139981 9.387311740027667e-10 9.387311740027667e-10 9.387311740027667e-10 0.012013204223408807
7 0.001414 -10 6.928956120606181e-09 0.016986603122670616 6.928956120606181e-09 6.928956120606181e-09 6.928956120606181e-09 0.016986598217903923
7 0.002 -10 4.8676738964917814e-08 0.0240426291991042 4.8676738964917814e-08 4.8676738964917814e-08 4.8676738964917814e-08 0.024042604580983347
7 0.002828 -10 2.941959255705629e-07 0.034013150433272375 2.941959255705629e-07 2.941959255705629e-07 2.941959255705629e-07 0.034013074288444585
7 0.004 -10 1.2178725228472886e-06 0.04808958784901361 1.2178725228472886e-06 1.2178725228472886e-06 1.2178725228472886e-06 0.04808930129077294
7 0.005656 -10 5.1180955385862254e-06 0.06810511243552705 5.1180955385862254e-06 5.1180955385862254e-06 5.1180955385862254e-06 0.06810396839064195
7 0.008 -10 1.8331691029484046e-05 0.09609903771562113 1.8331691029484046e-05 1.8331691029484046e-05 1.8331691029484046e-05 0.0960938617087422
7 0.011312 -10 7.136164739622338e-05 0.13570130868865837 7.136164739622338e-05 7.136164739622338e-05 7.136164739622338e-05 0.13568535726159334
7 0.016 -10 0.00023372966551909983 0.19173531902724464 0.00023372966551909983 0.00023372966551909983 0.00023372966551909983 0.1916885730941408
7 0.022624 -10 0.0009427056761972362 0.2627376172836768 0.0009427056761972362 0.0009427056761972362 0.0009427056761972362 0.26252689483840913
7 0.032 -10 0.0030656039239730227 0.3646626032387204 0.0030656039239730227 0.0030656039239730227 0.0030656039239730227 0.3640855483824431
7 0.045249 -10 0.01327917512888611 0.4861740353069833 0.01327917512888611 0.01327917512888611 0.01327917512888611 0.48476800499921885
7 0.064 -10 0.03839205058717254 0.6495031616982837 0.03839205058717254 0.03839205058717254 0.03839205058717254 0.6431797651309846
7 0.090496 -10 0.0989522700814901 0.7857974388824214 0.0989522700814901 0.0989522700814901 0.0989522700814901 0.7729918509895227
7 0.128 -10 0.23224043715846995 0.9016393442622951 0.23224043715846995 0.23224043715846995 0.23224043715846995 0.8907103825136612
7 0.181 -10 0.3469387755102041 0.9714285714285714 0.3469387755102041 0.3469387755102041 0.3469387755102041 0.9551020408163265
7 0.256 -10 0.45454545454545453 1.0 0.45454545454545453 0.45454545454545453 0.45454545454545453 1.0
7 0.362 -10 0.4381443298969072 1.0 0.4381443298969072 0.4381443298969072 0.4381443298969072 1.0
