7 0.001 -10 1.276244067412012e-09 0.011998698489897847 1.276244067412012e-09 1.276244067412012e-09 1.276244067412012e-09 0.011998697213653778
7 0.001414 -10 7.121208549050868e-09 0.01697587242727466 7.121208549050868e-09 7.121208549050868e-09 7.121208549050868e-09 0.016975867125930518
7 0.002 -10 4.15513451760014e-08 0.02401689879679963 4.15513451760014e-08 4.15513451760014e-08 4.15513451760014e-08 0.024016879470592573
7 0.002828 -10 3.1214303749570676e-07 0.03402131690204457 3.1214303749570676e-07 3.1214303749570676e-07 3.1214303749570676e-07 0.034021246298262274
7 0.004 -10 1.119086124428495e-06 0.04811192385333007 1.119086124428495e-06 1.119086124428495e-06 1.119086124428495e-06 0.04811171069406827
7 0.005656 -10 4.3434388090911275e-06 0.06809224533293622 4.3434388090911275e-06 4.3434388090911275e-06 4.3434388090911275e-06 0.06809115947323395
7 0.008 -10 1.4110819319525897e-05 0.09639957405483969 1.4110819319525897e-05 1.4110819319525897e-05 1.4110819319525897e-05 0.09639655030784264
7 0.011312 -10 8.036178108494145e-05 0.13544786864292868 8.036178108494145e-05 8.036178108494145e-05 8.036178108494145e-05 0.13542969157339757
7 0.016 -10 0.0002870332719401057 0.19027913985696177 0.0002870332719401057 0.0002870332719401057 0.0002870332719401057 0.19021079860173792
7 0.022624 -10 0.0009244483574533649 0.2632146591096682 0.0009244483574533649 0.0009244483574533649 0.0009244483574533649 0.26306058438342594
7 0.032 -10 0.0034303916363784864 0.3640707314085025 0.0034303916363784864 0.0034303916363784864 0.0034303916363784864 0.36337648548209256
7 0.045249 -10 0.009592326139088728 0.49206349206349204 0.009592326139088728 0.009592326139088728 0.009592326139088728 0.49023638232271327
7 0.064 -10 0.03982930298719772 0.626837363679469 0.03982930298719772 0.03982930298719772 0.03982930298719772 0.6220957799905168
7 0.090496 -10 0.0851063829787234 0.7912867274569402 0.0851063829787234 0.0851063829787234 0.0851063829787234 0.7852077001013171
7 0.128 -10 0.20588235294117646 0.9264705882352942 0.20588235294117646 0.20588235294117646 0.20588235294117646 0.9142156862745098
7 0.181 -10 0.4772727272727273 0.9943181818181818 0.4772727272727273 0.4772727272727273 0.4772727272727273 0.9829545454545454
