7 0.001 -10 8.926160819458896e-10 7.990134139599732e-05 8.926160819458896e-10 8.926160819458896e-10 8.926160819458896e-10 7.990044877991537e-05
7 0.001414 -10 9.712239352668914e-09 0.00015953013569034672 9.712239352668914e-09 9.712239352668914e-09 9.712239352668914e-09 0.00015952197740929047
7 0.002 -10 4.01245285769639e-08 0.0003183732881826351 4.01245285769639e-08 4.01245285769639e-08 4.01245285769639e-08 0.0003183387810880589
7 0.002828 -10 3.531302494687588e-07 0.0006320748961291207 3.531302494687588e-07 3.531302494687588e-07 3.531302494687588e-07 0.0006317712041145776
7 0.004 -10 1.1046539180030863e-06 0.001265292690759095 1.1046539180030863e-06 1.1046539180030863e-06 1.1046539180030863e-06 0.0012644531537814125
7 0.005656 -10 4.306805635799719e-06 0.0024766716489229863 4.306805635799719e-06 4.306805635799719e-06 4.306805635799719e-06 0.0024739152933160747
7 0.008 -10 1.499276449185623e-05 0.005032021546401706 1.499276449185623e-05 1.499276449185623e-05 1.499276449185623e-05 0.0050219763941921625
7 0.011312 -10 7.548901785768207e-05 0.009920011836678 7.548901785768207e-05 7.548901785768207e-05 7.548901785768207e-05 0.009871698865249084
7 0.016 -10 0.0002462829742117098 0.01977159716971606 0.0002462829742117098 0.0002462829742117098 0.0002462829742117098 0.019606587576994215
7 0.022624 -10 0.0008904481625602165 0.038957107112009476 0.0008904481625602165 0.0008904481625602165 0.0008904481625602165 0.03850297854910376
7 0.032 -10 0.0034080839751891487 0.07617067684547747 0.0034080839751891487 0.0034080839751891487 0.0034080839751891487 0.07443255401813101
7 0.045249 -10 0.013785497656465398 0.14778053487730908 0.013785497656465398 0.013785497656465398 0.013785497656465398 0.14185277088502896
7 0.064 -10 0.032467532467532464 0.24383116883116884 0.032467532467532464 0.032467532467532464 0.032467532467532464 0.2314935064935065
7 0.090496 -10 0.11976047904191617 0.47904191616766467 0.11976047904191617 0.11976047904191617 0.11976047904191617 0.4431137724550898
7 0.128 -10 0.25906735751295334 0.6994818652849741 0.25906735751295334 0.25906735751295334 0.25906735751295334 0.6373056994818653
7 0.181 -10 0.33112582781456956 0.9271523178807947 0.33112582781456956 0.33112582781456956 0.33112582781456956 0.9006622516556292
7 0.256 -10 0.44642857142857145 0.9955357142857143 0.44642857142857145 0.44642857142857145 0.44642857142857145 0.9910714285714286
7 0.362 -10 0.4975124378109453 1.0 0.4975124378109453 0.4975124378109453 0.4975124378109453 1.0
