5 0.001 -10 0.00398851308232291 0.00398851308232291 0.00398851308232291 0.00398851308232291 0.00398851308232291 0.0
5 0.001414 -10 0.005725409366769724 0.005725409366769724 0.005725409366769724 0.005725409366769724 0.005725409366769724 0.0
5 0.002 -10 0.008338892595063376 0.00842228152101401 0.008338892595063376 0.008338892595063376 0.008338892595063376 8.338892595063375e-05
5 0.002828 -10 0.011763321962122103 0.011763321962122103 0.011763321962122103 0.011763321962122103 0.011763321962122103 0.00011763321962122103
5 0.004 -10 0.015206812652068127 0.015206812652068127 0.015206812652068127 0.015206812652068127 0.015206812652068127 0.0
5 0.005656 -10 0.018754688672168042 0.018754688672168042 0.018754688672168042 0.018754688672168042 0.018754688672168042 0.0
5 0.008 -10 0.03404834865509023 0.03438883214164113 0.03404834865509023 0.03404834865509023 0.03404834865509023 0.0006809669731018045
5 0.011312 -10 0.04849660523763336 0.049466537342386034 0.04849660523763336 0.04849660523763336 0.04849660523763336 0.0024248302618816685
5 0.016 -10 0.07473841554559044 0.07698056801195814 0.07473841554559044 0.07473841554559044 0.07473841554559044 0.0029895366218236174
5 0.022624 -10 0.08643042350907519 0.08902333621434745 0.08643042350907519 0.08643042350907519 0.08643042350907519 0.005185825410544511
5 0.032 -10 0.12987012987012986 0.13506493506493505 0.12987012987012986 0.12987012987012986 0.12987012987012986 0.01818181818181818
5 0.045249 -10 0.23094688221709006 0.24018475750577367 0.23094688221709006 0.23094688221709006 0.23094688221709006 0.03695150115473441
5 0.064 -10 0.3401360544217687 0.3741496598639456 0.3401360544217687 0.3401360544217687 0.3401360544217687 0.08503401360544217
5 0.090496 -10 0.4784688995215311 0.5023923444976076 0.4784688995215311 0.4784688995215311 0.4784688995215311 0.12440191387559808
5 0.128 -10 0.6211180124223602 0.6894409937888198 0.6211180124223602 0.6211180124223602 0.6211180124223602 0.3105590062111801
5 0.181 -10 0.7633587786259542 0.8625954198473282 0.7633587786259542 0.7633587786259542 0.7633587786259542 0.5419847328244275
5 0.256 -10 0.9174311926605505 0.981651376146789 0.9174311926605505 0.9174311926605505 0.9174311926605505 0.8348623853211009
5 0.362 -10 0.9900990099009901 1.0 0.9900990099009901 0.9900990099009901 0.9900990099009901 1.0
