11 0.001 -10 8.141509862543633e-05 8.141509862543633e-05 8.141509862543633e-05 8.141509862543633e-05 8.141509862543633e-05 0.0
11 0.001414 -10 0.00018111496181643817 0.00018111496181643817 0.00018111496181643817 0.00018111496181643817 0.00018111496181643817 0.0
11 0.002 -10 0.00035178455025576495 0.00035178455025576495 0.00035178455025576495 0.00035178455025576495 0.00035178455025576495 0.0
11 0.002828 -10 0.0006545646392399719 0.0006545646392399719 0.0006545646392399719 0.0006545646392399719 0.0006545646392399719 0.0
11 0.004 -10 0.0014401274224743405 0.0014401274224743405 0.0014401274224743405 0.0014401274224743405 0.0014401274224743405 0.0
11 0.005656 -10 0.0027194752500557494 0.0027194752500557494 0.0027194752500557494 0.0027194752500557494 0.0027194752500557494 0.0
11 0.008 -10 0.005615832154008581 0.005615832154008581 0.005615832154008581 0.005615832154008581 0.005615832154008581 0.0
11 0.011312 -10 0.012114457393453347 0.012114457393453347 0.012114457393453347 0.012114457393453347 0.012114457393453347 0.0
11 0.016 -10 0.025103552152629598 0.025103552152629598 0.025103552152629598 0.025103552152629598 0.025103552152629598 0.0
11 0.022624 -10 0.05378368203087183 0.05378368203087183 0.05378368203087183 0.05378368203087183 0.05378368203087183 0.0
11 0.032 -10 0.11064394777605666 0.11064394777605666 0.11064394777605666 0.11064394777605666 0.11064394777605666 0.0
11 0.045249 -10 0.2304147465437788 0.2304147465437788 0.2304147465437788 0.2304147465437788 0.2304147465437788 0.0
11 0.064 -10 0.4668534080298786 0.4668534080298786 0.4668534080298786 0.4668534080298786 0.4668534080298786 0.0
11 0.090496 -10 0.7751937984496124 0.7751937984496124 0.7751937984496124 0.7751937984496124 0.7751937984496124 0.0
11 0.128 -10 0.949667616334283 0.949667616334283 0.949667616334283 0.949667616334283 0.949667616334283 0.0
11 0.181 -10 0.998003992015968 0.998003992015968 0.998003992015968 0.998003992015968 0.998003992015968 0.0
11 0.256 -10 1.0 1.0 1.0 1.0 1.0 0.0
11 0.362 -10 1.0 1.0 1.0 1.0 1.0 0.0
