5 0.001 -10 2.913098145713985e-05 2.913098145713985e-05 2.913098145713985e-05 2.913098145713985e-05 2.913098145713985e-05 0.0
5 0.001414 -10 5.972357421463351e-05 5.972357421463351e-05 5.972357421463351e-05 5.972357421463351e-05 5.972357421463351e-05 0.0
5 0.002 -10 0.0001319991911089569 0.0001319991911089569 0.0001319991911089569 0.0001319991911089569 0.0001319991911089569 0.0
5 0.002828 -10 0.00024887725249468336 0.00024887725249468336 0.00024887725249468336 0.00024887725249468336 0.00024887725249468336 0.0
5 0.004 -10 0.0004962377733215626 0.0004962377733215626 0.0004962377733215626 0.0004962377733215626 0.0004962377733215626 0.0
5 0.005656 -10 0.0010264274269619904 0.0010264274269619904 0.0010264274269619904 0.0010264274269619904 0.0010264274269619904 0.0
5 0.008 -10 0.0021516111264114567 0.0021516111264114567 0.0021516111264114567 0.0021516111264114567 0.0021516111264114567 0.0
5 0.011312 -10 0.004789983187159013 0.004789983187159013 0.004789983187159013 0.004789983187159013 0.004789983187159013 0.0
5 0.016 -10 0.009462438848988938 0.009462438848988938 0.009462438848988938 0.009462438848988938 0.009462438848988938 0.0
5 0.022624 -10 0.021277953911951825 0.021277953911951825 0.021277953911951825 0.021277953911951825 0.021277953911951825 0.0
5 0.032 -10 0.04353315049410126 0.04353315049410126 0.04353315049410126 0.04353315049410126 0.04353315049410126 0.0
5 0.045249 -10 0.09333582228859436 0.09333582228859436 0.09333582228859436 0.09333582228859436 0.09333582228859436 0.0
5 0.064 -10 0.18372221201543268 0.18372221201543268 0.18372221201543268 0.18372221201543268 0.18372221201543268 0.0
5 0.090496 -10 0.3363605785401951 0.3363605785401951 0.3363605785401951 0.3363605785401951 0.3363605785401951 0.0
5 0.128 -10 0.5530973451327433 0.5530973451327433 0.5530973451327433 0.5530973451327433 0.5530973451327433 0.0
5 0.181 -10 0.7633587786259542 0.7633587786259542 0.7633587786259542 0.7633587786259542 0.7633587786259542 0.0
5 0.256 -10 0.8968609865470852 0.8968609865470852 0.8968609865470852 0.8968609865470852 0.8968609865470852 0.0
5 0.362 -10 0.9354536950420954 0.9354536950420954 0.9354536950420954 0.9354536950420954 0.9354536950420954 0.0
