5 0.001 -10 3.0644351961124956e-07 0.007998617753408894 3.0644351961124956e-07 3.0644351961124956e-07 3.0644351961124956e-07 0.00799849456311401
5 0.001414 -10 8.865312932731715e-07 0.011314743931105306 8.865312932731715e-07 8.865312932731715e-07 8.865312932731715e-07 0.011314383999400237
5 0.002 -10 2.350317072345025e-06 0.015999477928769355 2.350317072345025e-06 2.350317072345025e-06 2.350317072345025e-06 0.015998500196867257
5 0.002828 -10 6.192394591371838e-06 0.022614724126003415 6.192394591371838e-06 6.192394591371838e-06 6.192394591371838e-06 0.022612123320275037
5 0.004 -10 1.8071751032136435e-05 0.03195221120614462 1.8071751032136435e-05 1.8071751032136435e-05 1.8071751032136435e-05 0.03194491021872764
5 0.005656 -10 5.1773884600256687e-05 0.045211907144366355 5.1773884600256687e-05 5.1773884600256687e-05 5.1773884600256687e-05 0.045190783399449444
5 0.008 -10 0.000140050196791534 0.06373964556376296 0.000140050196791534 0.000140050196791534 0.000140050196791534 0.06368054438071694
5 0.011312 -10 0.00039413076233954443 0.09035841857396396 0.00039413076233954443 0.00039413076233954443 0.00039413076233954443 0.09019564256911773
5 0.016 -10 0.0010465089507910562 0.12751188310913622 0.0010465089507910562 0.0010465089507910562 0.0010465089507910562 0.12711002367203247
5 0.022624 -10 0.0028086258517157894 0.17731697589637294 0.0028086258517157894 0.0028086258517157894 0.0028086258517157894 0.1762581239502761
5 0.032 -10 0.0075300637796402135 0.24817584204938214 0.0075300637796402135 0.0075300637796402135 0.0075300637796402135 0.24542736876981347
5 0.045249 -10 0.018223234624145785 0.3379498861047836 0.018223234624145785 0.018223234624145785 0.018223234624145785 0.3313166287015945
5 0.064 -10 0.045599635202918376 0.4486548107615139 0.045599635202918376 0.045599635202918376 0.045599635202918376 0.43283173734610125
5 0.090496 -10 0.10446046171524079 0.5936488039277134 0.10446046171524079 0.10446046171524079 0.10446046171524079 0.5653400188028831
5 0.128 -10 0.19577133907595928 0.7494126859827721 0.19577133907595928 0.19577133907595928 0.19577133907595928 0.7169146436961629
5 0.181 -10 0.32051282051282054 0.882051282051282 0.32051282051282054 0.32051282051282054 0.32051282051282054 0.8506410256410256
5 0.256 -10 0.4444444444444444 0.9804444444444445 0.4444444444444444 0.4444444444444444 0.4444444444444444 0.9675555555555555
5 0.362 -10 0.5005005005005005 0.9934934934934935 0.5005005005005005 0.5005005005005005 0.5005005005005005 0.984984984984985
