3 0.001 -10 0.0019497738262361567 0.0019497738262361567 0.0019497738262361567 0.0019497738262361567 0.0019497738262361567 0.0
3 0.001414 -10 0.003134304967873374 0.003134304967873374 0.003134304967873374 0.003134304967873374 0.003134304967873374 0.0
3 0.002 -10 0.004268578990054211 0.004268578990054211 0.004268578990054211 0.004268578990054211 0.004268578990054211 0.0
3 0.002828 -10 0.007244801854669275 0.007244801854669275 0.007244801854669275 0.007244801854669275 0.007244801854669275 0.0
3 0.004 -10 0.009533797311469158 0.009533797311469158 0.009533797311469158 0.009533797311469158 0.009533797311469158 0.0
3 0.005656 -10 0.012567550584391102 0.012567550584391102 0.012567550584391102 0.012567550584391102 0.012567550584391102 0.0
3 0.008 -10 0.01579030475288173 0.01579030475288173 0.01579030475288173 0.01579030475288173 0.01579030475288173 0.0
3 0.011312 -10 0.01858736059479554 0.01858736059479554 0.01858736059479554 0.01858736059479554 0.01858736059479554 0.0
3 0.016 -10 0.03812428516965307 0.03812428516965307 0.03812428516965307 0.03812428516965307 0.03812428516965307 0.0
3 0.022624 -10 0.054945054945054944 0.054945054945054944 0.054945054945054944 0.054945054945054944 0.054945054945054944 0.0
3 0.032 -10 0.07763975155279502 0.07763975155279502 0.07763975155279502 0.07763975155279502 0.07763975155279502 0.0
3 0.045249 -10 0.10869565217391304 0.10869565217391304 0.10869565217391304 0.10869565217391304 0.10869565217391304 0.0
3 0.064 -10 0.14705882352941177 0.14705882352941177 0.14705882352941177 0.14705882352941177 0.14705882352941177 0.0
3 0.090496 -10 0.20408163265306123 0.20408163265306123 0.20408163265306123 0.20408163265306123 0.20408163265306123 0.0
3 0.128 -10 0.3246753246753247 0.3246753246753247 0.3246753246753247 0.3246753246753247 0.3246753246753247 0.0
3 0.181 -10 0.5181347150259067 0.5181347150259067 0.5181347150259067 0.5181347150259067 0.5181347150259067 0.0
3 0.256 -10 0.6622516556291391 0.6622516556291391 0.6622516556291391 0.6622516556291391 0.6622516556291391 0.0
3 0.362 -10 0.8695652173913043 0.8956521739130435 0.8695652173913043 0.8695652173913043 0.8695652173913043 0.4608695652173913
