9 0.011312 -10 0.0033360689098394015 0.0033360689098394015 0.0033360689098394015 0.0033360689098394015 0.0033360689098394015 0.0
9 0.016 -10 0.010019236934915037 0.010019236934915037 0.010019236934915037 0.010019236934915037 0.010019236934915037 0.0
9 0.022624 -10 0.02962348549930385 0.02962348549930385 0.02962348549930385 0.02962348549930385 0.02962348549930385 0.0
9 0.032 -10 0.08566044200788075 0.08566044200788075 0.08566044200788075 0.08566044200788075 0.08566044200788075 0.0
9 0.045249 -10 0.24449877750611246 0.24449877750611246 0.24449877750611246 0.24449877750611246 0.24449877750611246 0.0
9 0.064 -10 0.5390835579514824 0.5390835579514824 0.5390835579514824 0.5390835579514824 0.5390835579514824 0.0
9 0.090496 -10 0.8748906386701663 0.8748906386701663 0.8748906386701663 0.8748906386701663 0.8748906386701663 0.0
9 0.128 -10 0.9950248756218906 0.9950248756218906 0.9950248756218906 0.9950248756218906 0.9950248756218906 0.0
9 0.181 -10 1.0 1.0 1.0 1.0 1.0 0.0
9 0.001 -10 2.2217155476487167e-06 2.2217155476487167e-06 2.2217155476487167e-06 2.2217155476487167e-06 2.2217155476487167e-06 0.0
9 0.001414 -10 6.006712886079819e-06 6.006712886079819e-06 6.006712886079819e-06 6.006712886079819e-06 6.006712886079819e-06 0.0
9 0.002 -10 1.7405909267903453e-05 1.7405909267903453e-05 1.7405909267903453e-05 1.7405909267903453e-05 1.7405909267903453e-05 0.0
9 0.002828 -10 5.3264200662010097e-05 5.3264200662010097e-05 5.3264200662010097e-05 5.3264200662010097e-05 5.3264200662010097e-05 0.0
9 0.004 -10 0.00013567873013392034 0.00013567873013392034 0.00013567873013392034 0.00013567873013392034 0.00013567873013392034 0.0
9 0.005656 -10 0.0004154114317902737 0.0004154114317902737 0.0004154114317902737 0.0004154114317902737 0.0004154114317902737 0.0
9 0.008 -10 0.001203059621228709 0.001203059621228709 0.001203059621228709 0.001203059621228709 0.001203059621228709 0.0
