3 0.181 -10 0.555247084952804 0.555247084952804 0.555247084952804 0.555247084952804 0.555247084952804 0.0
3 0.128 -10 0.3667033370003667 0.3667033370003667 0.3667033370003667 0.3667033370003667 0.3667033370003667 0.0
3 0.090496 -10 0.20764119601328904 0.20764119601328904 0.20764119601328904 0.20764119601328904 0.20764119601328904 0.0
3 0.064 -10 0.10948105977665863 0.10948105977665863 0.10948105977665863 0.10948105977665863 0.10948105977665863 0.0
3 0.045249 -10 0.05303914288745094 0.05303914288745094 0.05303914288745094 0.05303914288745094 0.05303914288745094 0.0
3 0.032 -10 0.02560557177241768 0.02560557177241768 0.02560557177241768 0.02560557177241768 0.02560557177241768 0.0
3 0.022624 -10 0.012511573205214824 0.012511573205214824 0.012511573205214824 0.012511573205214824 0.012511573205214824 0.0
3 0.016 -10 0.006168727021491845 0.006168727021491845 0.006168727021491845 0.006168727021491845 0.006168727021491845 0.0
3 0.011312 -10 0.002902327957254514 0.002902327957254514 0.002902327957254514 0.002902327957254514 0.002902327957254514 0.0
3 0.008 -10 0.0014826478311086202 0.0014826478311086202 0.0014826478311086202 0.0014826478311086202 0.0014826478311086202 0.0
3 0.005656 -10 0.0007481171760970577 0.0007481171760970577 0.0007481171760970577 0.0007481171760970577 0.0007481171760970577 0.0
3 0.004 -10 0.0003697640942055378 0.0003697640942055378 0.0003697640942055378 0.0003697640942055378 0.0003697640942055378 0.0
3 0.002828 -10 0.00019670901877410547 0.00019670901877410547 0.00019670901877410547 0.00019670901877410547 0.00019670901877410547 0.0
3 0.002 -10 0.00010118494655360531 0.00010118494655360531 0.00010118494655360531 0.00010118494655360531 0.00010118494655360531 0.0
3 0.001414 -10 5.6843464240799826e-05 5.6843464240799826e-05 5.6843464240799826e-05 5.6843464240799826e-05 5.6843464240799826e-05 0.0
3 0.001 -10 3.422371460433707e-05 3.422371460433707e-05 3.422371460433707e-05 3.422371460433707e-05 3.422371460433707e-05 0.0
