11 0.181 -10 1.0 1.0 1.0 1.0 1.0 0.0
11 0.128 -10 0.9950248756218906 0.9950248756218906 0.9950248756218906 0.9950248756218906 0.9950248756218906 0.0
11 0.090496 -10 0.8688097306689835 0.8688097306689835 0.8688097306689835 0.8688097306689835 0.8688097306689835 0.0
11 0.064 -10 0.4466279589102278 0.4466279589102278 0.4466279589102278 0.4466279589102278 0.4466279589102278 0.0
11 0.045249 -10 0.16518004625041294 0.16518004625041294 0.16518004625041294 0.16518004625041294 0.16518004625041294 0.0
11 0.032 -10 0.050314465408805034 0.050314465408805034 0.050314465408805034 0.050314465408805034 0.050314465408805034 0.0
11 0.022624 -10 0.014707180045298114 0.014707180045298114 0.014707180045298114 0.014707180045298114 0.014707180045298114 0.0
11 0.016 -10 0.005576000892160143 0.005576000892160143 0.005576000892160143 0.005576000892160143 0.005576000892160143 0.0
11 0.011312 -10 0.002220894620771139 0.002220894620771139 0.002220894620771139 0.002220894620771139 0.002220894620771139 0.0
11 0.008 -10 0.0011253163545601758 0.0011253163545601758 0.0011253163545601758 0.0011253163545601758 0.0011253163545601758 0.0
