3 0.181 -10 0.576036866359447 0.576036866359447 0.576036866359447 0.576036866359447 0.576036866359447 0.0
3 0.128 -10 0.36469730123997085 0.36469730123997085 0.36469730123997085 0.36469730123997085 0.36469730123997085 0.0
3 0.090496 -10 0.21626297577854672 0.21626297577854672 0.21626297577854672 0.21626297577854672 0.21626297577854672 0.0
3 0.064 -10 0.10240655401945725 0.10240655401945725 0.10240655401945725 0.10240655401945725 0.10240655401945725 0.0
3 0.045249 -10 0.05564830272676683 0.05564830272676683 0.05564830272676683 0.05564830272676683 0.05564830272676683 0.0
3 0.032 -10 0.026934575915102215 0.026934575915102215 0.026934575915102215 0.026934575915102215 0.026934575915102215 0.0
3 0.022624 -10 0.012386662042312837 0.012386662042312837 0.012386662042312837 0.012386662042312837 0.012386662042312837 0.0
3 0.016 -10 0.005949158491531373 0.005949158491531373 0.005949158491531373 0.005949158491531373 0.005949158491531373 0.0
3 0.011312 -10 0.003037261119412958 0.003037261119412958 0.003037261119412958 0.003037261119412958 0.003037261119412958 0.0
3 0.008 -10 0.001420081370662539 0.001420081370662539 0.001420081370662539 0.001420081370662539 0.001420081370662539 0.0
3 0.005656 -10 0.0007373956953788886 0.0007373956953788886 0.0007373956953788886 0.0007373956953788886 0.0007373956953788886 0.0
3 0.004 -10 0.00036246776755377027 0.00036246776755377027 0.00036246776755377027 0.00036246776755377027 0.00036246776755377027 0.0
3 0.002828 -10 0.00019925371513533212 0.00019925371513533212 0.00019925371513533212 0.00019925371513533212 0.00019925371513533212 0.0
3 0.002 -10 0.00010549285470521868 0.00010549285470521868 0.00010549285470521868 0.00010549285470521868 0.00010549285470521868 0.0
3 0.001414 -10 5.637092020397479e-05 5.637092020397479e-05 5.637092020397479e-05 5.637092020397479e-05 5.637092020397479e-05 0.0
3 0.001 -10 3.3812906291655384e-05 3.3812906291655384e-05 3.3812906291655384e-05 3.3812906291655384e-05 3.3812906291655384e-05 0.0
