3 0.001 -10 1.8726560726259112e-05 7.179067350987122e-05 1.8726560726259112e-05 1.8726560726259112e-05 1.8726560726259112e-05 5.3345839803387684e-05
3 0.001414 -10 3.729647060198121e-05 0.00014205664554949304 3.729647060198121e-05 3.729647060198121e-05 3.729647060198121e-05 0.00010565132955481579
3 0.002 -10 7.230531218810335e-05 0.00028282254855877594 7.230531218810335e-05 7.230531218810335e-05 7.230531218810335e-05 0.00021218089842101834
3 0.002828 -10 0.00014914048228336453 0.0005658099535829945 0.00014914048228336453 0.00014914048228336453 0.00014914048228336453 0.0004218167976793213
3 0.004 -10 0.0003050468516870306 0.0011167954207338456 0.0003050468516870306 0.0003050468516870306 0.0003050468516870306 0.0008265959821820245
3 0.005656 -10 0.0006088644193642593 0.002197838908483906 0.0006088644193642593 0.0006088644193642593 0.0006088644193642593 0.0016272305721062505
3 0.008 -10 0.0013255691735956005 0.004444762476773213 0.0013255691735956005 0.0013255691735956005 0.0013255691735956005 0.0032411925899510125
3 0.011312 -10 0.00269990657845379 0.0087304943696196 0.00269990657845379 0.00269990657845379 0.00269990657845379 0.0063531430018660415
3 0.016 -10 0.005479903786468033 0.01668703445065177 0.005479903786468033 0.005479903786468033 0.005479903786468033 0.012104283054003724
3 0.022624 -10 0.011287470907292905 0.03231413131424119 0.011287470907292905 0.011287470907292905 0.011287470907292905 0.023593810869934374
3 0.032 -10 0.024683267802533857 0.06063783311489734 0.024683267802533857 0.024683267802533857 0.024683267802533857 0.04257317605941459
3 0.045249 -10 0.0506635581061693 0.11549497847919656 0.0506635581061693 0.0506635581061693 0.0506635581061693 0.08182388809182209
3 0.064 -10 0.09285890377187937 0.19426411373161312 0.09285890377187937 0.09285890377187937 0.09285890377187937 0.13945270769989318
3 0.090496 -10 0.18332251784555484 0.31683971447112264 0.18332251784555484 0.18332251784555484 0.18332251784555484 0.21512005191434133
3 0.128 -10 0.34294385432473445 0.5153262518968134 0.34294385432473445 0.34294385432473445 0.34294385432473445 0.33990895295902884
3 0.181 -10 0.5049151027703307 0.7631814119749777 0.5049151027703307 0.5049151027703307 0.5049151027703307 0.6233243967828418
