3 0.362 -10 0.9624639076034649 0.9624639076034649 0.9624639076034649 0.9624639076034649 0.9624639076034649 0.0 nan 0.107
3 0.256 -10 0.929368029739777 0.929368029739777 0.929368029739777 0.929368029739777 0.929368029739777 0.0 nan 0.09299999999999992
3 0.181 -10 0.8136696501220505 0.8136696501220505 0.8136696501220505 0.8136696501220505 0.8136696501220505 0.0 nan 0.09499999999999993
3 0.128 -10 0.6591957811470006 0.6591957811470006 0.6591957811470006 0.6591957811470006 0.6591957811470006 0.0 nan 0.09499999999999993
3 0.090496 -10 0.4721435316336166 0.4721435316336166 0.4721435316336166 0.4721435316336166 0.4721435316336166 0.0 2.0 0.10699999999999989
3 0.064 -10 0.31259768677711786 0.31259768677711786 0.31259768677711786 0.31259768677711786 0.31259768677711786 0.0 2.0 0.09199999999999994
3 0.045249 -10 0.17882689556509299 0.17882689556509299 0.17882689556509299 0.17882689556509299 0.17882689556509299 0.0 2.0 0.1149999999999999
3 0.032 -10 0.10526315789473684 0.10526315789473684 0.10526315789473684 0.10526315789473684 0.10526315789473684 0.0 2.0 0.11999999999999991
3 0.022624 -10 0.05923819678928973 0.05923819678928973 0.05923819678928973 0.05923819678928973 0.05923819678928973 0.0 2.0 0.11699999999999998
3 0.016 -10 0.030575429584785666 0.030575429584785666 0.030575429584785666 0.030575429584785666 0.030575429584785666 0.0 2.0 0.11499999999999991
3 0.011312 -10 0.01663948883490299 0.01663948883490299 0.01663948883490299 0.01663948883490299 0.01663948883490299 0.0 2.0 0.11099999999999988
3 0.008 -10 0.008088782476461644 0.008088782476461644 0.008088782476461644 0.008088782476461644 0.008088782476461644 0.0 2.0 0.13099999999999987
3 0.005656 -10 0.004374472329275281 0.004374472329275281 0.004374472329275281 0.004374472329275281 0.004374472329275281 0.0 2.0 0.11399999999999988
3 0.004 -10 0.002154582689651755 0.002154582689651755 0.002154582689651755 0.002154582689651755 0.002154582689651755 0.0 2.0 0.10499999999999987
