5 0.128 -10 0.6702412868632708 0.6702412868632708 0.6702412868632708 0.6702412868632708 0.6702412868632708 0.0
5 0.090496 -10 0.30349013657056145 0.30349013657056145 0.30349013657056145 0.30349013657056145 0.30349013657056145 0.0
5 0.064 -10 0.11212019284673169 0.11212019284673169 0.11212019284673169 0.11212019284673169 0.11212019284673169 0.0
5 0.045249 -10 0.0378000378000378 0.0378000378000378 0.0378000378000378 0.0378000378000378 0.0378000378000378 0.0
5 0.032 -10 0.010835644937586686 0.010835644937586686 0.010835644937586686 0.010835644937586686 0.010835644937586686 0.0
5 0.022624 -10 0.003193276237554206 0.003193276237554206 0.003193276237554206 0.003193276237554206 0.003193276237554206 0.0
5 0.016 -10 0.0009179196269574636 0.0009179196269574636 0.0009179196269574636 0.0009179196269574636 0.0009179196269574636 0.0
5 0.01132 -10 0.00029277707251034086 0.00029277707251034086 0.00029277707251034086 0.00029277707251034086 0.00029277707251034086 0.0
5 0.008 -10 8.524530017086568e-05 8.524530017086568e-05 8.524530017086568e-05 8.524530017086568e-05 8.524530017086568e-05 0.0
5 0.005656 -10 2.99773113721149e-05 2.99773113721149e-05 2.99773113721149e-05 2.99773113721149e-05 2.99773113721149e-05 0.0
5 0.004 -10 9.316956843753414e-06 9.316956843753414e-06 9.316956843753414e-06 9.316956843753414e-06 9.316956843753414e-06 0.0
5 0.002829 -10 3.832303518009408e-06 3.832303518009408e-06 3.832303518009408e-06 3.832303518009408e-06 3.832303518009408e-06 0.0
5 0.002 -10 1.5161099952962687e-06 1.5161099952962687e-06 1.5161099952962687e-06 1.5161099952962687e-06 1.5161099952962687e-06 0.0
5 0.001414 -10 6.09069456424367e-07 6.09069456424367e-07 6.09069456424367e-07 6.09069456424367e-07 6.09069456424367e-07 0.0
5 0.001 -10 2.6567102518049106e-07 2.6567102518049106e-07 2.6567102518049106e-07 2.6567102518049106e-07 2.6567102518049106e-07 0.0
