3 0.001 -10 2.1526745689914978e-05 2.1526745689914978e-05 2.1526745689914978e-05 2.1526745689914978e-05 2.1526745689914978e-05 0.0
3 0.001414 -10 4.386413172925128e-05 4.386413172925128e-05 4.386413172925128e-05 4.386413172925128e-05 4.386413172925128e-05 0.0
3 0.002 -10 6.905795965495881e-05 6.905795965495881e-05 6.905795965495881e-05 6.905795965495881e-05 6.905795965495881e-05 0.0
3 0.002828 -10 0.00020101553045988332 0.00020101553045988332 0.00020101553045988332 0.00020101553045988332 0.00020101553045988332 0.0
3 0.004 -10 0.00036345001290247545 0.00036345001290247545 0.00036345001290247545 0.00036345001290247545 0.00036345001290247545 0.0
3 0.005656 -10 0.0006582671774819964 0.0006582671774819964 0.0006582671774819964 0.0006582671774819964 0.0006582671774819964 0.0
3 0.008 -10 0.0013203586093983126 0.0013203586093983126 0.0013203586093983126 0.0013203586093983126 0.0013203586093983126 0.0
3 0.011312 -10 0.0028726551951969207 0.0028726551951969207 0.0028726551951969207 0.0028726551951969207 0.0028726551951969207 0.0
3 0.016 -10 0.006106497313141182 0.006106497313141182 0.006106497313141182 0.006106497313141182 0.006106497313141182 0.0
3 0.022624 -10 0.012597631645250693 0.012597631645250693 0.012597631645250693 0.012597631645250693 0.012597631645250693 0.0
3 0.032 -10 0.029824038174768863 0.029824038174768863 0.029824038174768863 0.029824038174768863 0.029824038174768863 0.0
3 0.045249 -10 0.0630119722747322 0.0630119722747322 0.0630119722747322 0.0630119722747322 0.0630119722747322 0.0
3 0.064 -10 0.1388888888888889 0.1388888888888889 0.1388888888888889 0.1388888888888889 0.1388888888888889 0.0
3 0.090496 -10 0.2680965147453083 0.2680965147453083 0.2680965147453083 0.2680965147453083 0.2680965147453083 0.0
3 0.128 -10 0.5524861878453039 0.5524861878453039 0.5524861878453039 0.5524861878453039 0.5524861878453039 0.0
3 0.181 -10 0.7751937984496124 0.7751937984496124 0.7751937984496124 0.7751937984496124 0.7751937984496124 0.0
3 0.256 -10 1.0 1.0 1.0 1.0 1.0 0.0
3 0.362 -10 1.0 1.0 1.0 1.0 1.0 0.0
