11 0.181 -10 1.0 1.0 1.0 1.0 1.0 0.0
11 0.128 -10 0.9881422924901185 0.9881422924901185 0.9881422924901185 0.9881422924901185 0.9881422924901185 0.0
11 0.090496 -10 0.7032348804500703 0.7032348804500703 0.7032348804500703 0.7032348804500703 0.7032348804500703 0.0
11 0.064 -10 0.23758612497030174 0.23758612497030174 0.23758612497030174 0.23758612497030174 0.23758612497030174 0.0
11 0.045249 -10 0.06116207951070336 0.06116207951070336 0.06116207951070336 0.06116207951070336 0.06116207951070336 0.0
11 0.032 -10 0.012770250424610826 0.012770250424610826 0.012770250424610826 0.012770250424610826 0.012770250424610826 0.0
11 0.022624 -10 0.002988125190492981 0.002988125190492981 0.002988125190492981 0.002988125190492981 0.002988125190492981 0.0
11 0.016 -10 0.0007053917322445847 0.0007053917322445847 0.0007053917322445847 0.0007053917322445847 0.0007053917322445847 0.0
11 0.011312 -10 0.0001628088035278714 0.0001628088035278714 0.0001628088035278714 0.0001628088035278714 0.0001628088035278714 0.0
11 0.008 -10 3.8554732664760855e-05 3.8554732664760855e-05 3.8554732664760855e-05 3.8554732664760855e-05 3.8554732664760855e-05 0.0
