5 0.001 -10 0.00010177847710900271 0.00010177847710900271 0.00010177847710900271 0.00010177847710900271 0.00010177847710900271 0.0
5 0.001414 -10 0.00020835707735860734 0.00020835707735860734 0.00020835707735860734 0.00020835707735860734 0.00020835707735860734 0.0
5 0.002 -10 0.00039945753666520867 0.00039945753666520867 0.00039945753666520867 0.00039945753666520867 0.00039945753666520867 0.0
5 0.002828 -10 0.0007670205699576451 0.0007670205699576451 0.0007670205699576451 0.0007670205699576451 0.0007670205699576451 0.0
5 0.004 -10 0.0014698122608799177 0.0014698122608799177 0.0014698122608799177 0.0014698122608799177 0.0014698122608799177 0.0
5 0.005656 -10 0.0029218236854715238 0.0029218236854715238 0.0029218236854715238 0.0029218236854715238 0.0029218236854715238 0.0
5 0.008 -10 0.006237797309014241 0.006237797309014241 0.006237797309014241 0.006237797309014241 0.006237797309014241 0.0
5 0.011312 -10 0.011396011396011397 0.011396011396011397 0.011396011396011397 0.011396011396011397 0.011396011396011397 0.0
5 0.016 -10 0.02392401732098854 0.02392401732098854 0.02392401732098854 0.02392401732098854 0.02392401732098854 0.0
5 0.022624 -10 0.04548969658372379 0.04548969658372379 0.04548969658372379 0.04548969658372379 0.04548969658372379 0.0
5 0.032 -10 0.08291873963515754 0.08291873963515754 0.08291873963515754 0.08291873963515754 0.08291873963515754 0.0
5 0.045249 -10 0.16371971185330714 0.16371971185330714 0.16371971185330714 0.16371971185330714 0.16371971185330714 0.0
5 0.064 -10 0.3194888178913738 0.3194888178913738 0.3194888178913738 0.3194888178913738 0.3194888178913738 0.0
5 0.090496 -10 0.5274261603375527 0.5274261603375527 0.5274261603375527 0.5274261603375527 0.5274261603375527 0.0
5 0.128 -10 0.8136696501220505 0.8136696501220505 0.8136696501220505 0.8136696501220505 0.8136696501220505 0.0
5 0.181 -10 0.970873786407767 0.970873786407767 0.970873786407767 0.970873786407767 0.970873786407767 0.0
