5 0.128 -10 0.5770340450086555 0.5770340450086555 0.5770340450086555 0.5770340450086555 0.5770340450086555 0.0
5 0.090496 -10 0.2780094523213789 0.2780094523213789 0.2780094523213789 0.2780094523213789 0.2780094523213789 0.0
5 0.064 -10 0.10450412791305257 0.10450412791305257 0.10450412791305257 0.10450412791305257 0.10450412791305257 0.0
5 0.045249 -10 0.03395585738539898 0.03395585738539898 0.03395585738539898 0.03395585738539898 0.03395585738539898 0.0
5 0.032 -10 0.009713264433910948 0.009713264433910948 0.009713264433910948 0.009713264433910948 0.009713264433910948 0.0
5 0.022624 -10 0.0029400177577072564 0.0029400177577072564 0.0029400177577072564 0.0029400177577072564 0.0029400177577072564 0.0
5 0.016 -10 0.0008855089994279612 0.0008855089994279612 0.0008855089994279612 0.0008855089994279612 0.0008855089994279612 0.0
5 0.01132 -10 0.0002728359606526891 0.0002728359606526891 0.0002728359606526891 0.0002728359606526891 0.0002728359606526891 0.0
5 0.008 -10 9.032972426941996e-05 9.032972426941996e-05 9.032972426941996e-05 9.032972426941996e-05 9.032972426941996e-05 0.0
5 0.005656 -10 3.0866839313130104e-05 3.0866839313130104e-05 3.0866839313130104e-05 3.0866839313130104e-05 3.0866839313130104e-05 0.0
5 0.004 -10 1.0220784062510642e-05 1.0220784062510642e-05 1.0220784062510642e-05 1.0220784062510642e-05 1.0220784062510642e-05 0.0
5 0.002829 -10 3.5919224001372026e-06 3.5919224001372026e-06 3.5919224001372026e-06 3.5919224001372026e-06 3.5919224001372026e-06 0.0
5 0.002 -10 1.3229156565241003e-06 1.3229156565241003e-06 1.3229156565241003e-06 1.3229156565241003e-06 1.3229156565241003e-06 0.0
5 0.001414 -10 4.876537862542062e-07 4.876537862542062e-07 4.876537862542062e-07 4.876537862542062e-07 4.876537862542062e-07 0.0
5 0.001 -10 1.9427282646841482e-07 1.9427282646841482e-07 1.9427282646841482e-07 1.9427282646841482e-07 1.9427282646841482e-07 0.0
