3 0.181 -10 0.5343915343915344 0.5343915343915344 0.5343915343915344 0.5343915343915344 0.5343915343915344 0.0
3 0.128 -10 0.3098159509202454 0.3098159509202454 0.3098159509202454 0.3098159509202454 0.3098159509202454 0.0
3 0.090496 -10 0.20321931589537223 0.20321931589537223 0.20321931589537223 0.20321931589537223 0.20321931589537223 0.0
3 0.064 -10 0.11172566371681415 0.11172566371681415 0.11172566371681415 0.11172566371681415 0.11172566371681415 0.0
3 0.045249 -10 0.05958702064896755 0.05958702064896755 0.05958702064896755 0.05958702064896755 0.05958702064896755 0.0
3 0.032 -10 0.03149360773308388 0.03149360773308388 0.03149360773308388 0.03149360773308388 0.03149360773308388 0.0
3 0.022624 -10 0.012930482652669313 0.012930482652669313 0.012930482652669313 0.012930482652669313 0.012930482652669313 0.0
3 0.016 -10 0.0055512806419698805 0.0055512806419698805 0.0055512806419698805 0.0055512806419698805 0.0055512806419698805 0.0
3 0.011312 -10 0.003107692307692308 0.003107692307692308 0.003107692307692308 0.003107692307692308 0.003107692307692308 0.0
3 0.008 -10 0.0014289554477157935 0.0014289554477157935 0.0014289554477157935 0.0014289554477157935 0.0014289554477157935 0.0
3 0.005656 -10 0.0006908344733242134 0.0006908344733242134 0.0006908344733242134 0.0006908344733242134 0.0006908344733242134 0.0
3 0.004 -10 0.0003169124568559774 0.0003169124568559774 0.0003169124568559774 0.0003169124568559774 0.0003169124568559774 0.0
3 0.002828 -10 0.0002341643462757436 0.0002341643462757436 0.0002341643462757436 0.0002341643462757436 0.0002341643462757436 0.0
3 0.002 -10 0.00013150305386547368 0.00013150305386547368 0.00013150305386547368 0.00013150305386547368 0.00013150305386547368 0.0
3 0.001414 -10 6.015166557579735e-05 6.015166557579735e-05 6.015166557579735e-05 6.015166557579735e-05 6.015166557579735e-05 0.0
3 0.001 -10 3.7430364697755365e-05 3.7430364697755365e-05 3.7430364697755365e-05 3.7430364697755365e-05 3.7430364697755365e-05 0.0
