5 0.001 -10 1.0282055518974424e-07 0.00014910026906393164 1.0282055518974424e-07 1.0282055518974424e-07 1.0282055518974424e-07 0.00014899935933321886
5 0.001414 -10 2.916803878305097e-07 0.00029729252499175834 2.916803878305097e-07 2.916803878305097e-07 2.916803878305097e-07 0.0002970101370764605
5 0.002 -10 8.605809496247578e-07 0.0005930567954288852 8.605809496247578e-07 8.605809496247578e-07 8.605809496247578e-07 0.0005922304854020331
5 0.002828 -10 2.5029843713943804e-06 0.0011768855311863004 2.5029843713943804e-06 2.5029843713943804e-06 2.5029843713943804e-06 0.0011745154486399359
5 0.004 -10 7.608083207330346e-06 0.0023347187518197544 7.608083207330346e-06 7.608083207330346e-06 7.608083207330346e-06 0.002327629095521242
5 0.005656 -10 2.1758204653128775e-05 0.0046365193711948175 2.1758204653128775e-05 2.1758204653128775e-05 2.1758204653128775e-05 0.004616763691571711
5 0.008 -10 6.752443009978557e-05 0.009103189519443571 6.752443009978557e-05 6.752443009978557e-05 6.752443009978557e-05 0.00904450899700287
5 0.011312 -10 0.0002074146516241485 0.017694488864219395 0.0002074146516241485 0.0002074146516241485 0.0002074146516241485 0.017524702534350067
5 0.016 -10 0.0006956920042209419 0.03427483651237901 0.0006956920042209419 0.0006956920042209419 0.0006956920042209419 0.03375830059066098
5 0.022624 -10 0.00219682374280443 0.06501820641977997 0.00219682374280443 0.00219682374280443 0.00219682374280443 0.06354264073766619
5 0.032 -10 0.0070248293525967 0.12146116450534011 0.0070248293525967 0.0070248293525967 0.0070248293525967 0.11742033346181104
5 0.045249 -10 0.023630280217482227 0.2000418235048097 0.023630280217482227 0.023630280217482227 0.023630280217482227 0.18808030112923463
5 0.064 -10 0.06620188646083543 0.3396801218583397 0.06620188646083543 0.06620188646083543 0.06620188646083543 0.3133165387544672
5 0.090496 -10 0.17722710163111668 0.5599121706398996 0.17722710163111668 0.17722710163111668 0.17722710163111668 0.5072145545796738
5 0.128 -10 0.3840924541128484 0.8059143439836846 0.3840924541128484 0.3840924541128484 0.3840924541128484 0.7515295717199184
5 0.181 -10 0.6046013911182451 0.9732477260567148 0.6046013911182451 0.6046013911182451 0.6046013911182451 0.9588014981273408
