11 0.181 -10 1.0 1.0 1.0 1.0 1.0 0.0
11 0.128 -10 0.9891196834817013 0.9891196834817013 0.9891196834817013 0.9891196834817013 0.9891196834817013 0.0
11 0.090496 -10 0.7800312012480499 0.7800312012480499 0.7800312012480499 0.7800312012480499 0.7800312012480499 0.0
11 0.064 -10 0.350754121360926 0.350754121360926 0.350754121360926 0.350754121360926 0.350754121360926 0.0
11 0.045249 -10 0.09761811792268645 0.09761811792268645 0.09761811792268645 0.09761811792268645 0.09761811792268645 0.0
11 0.032 -10 0.022158700613796007 0.022158700613796007 0.022158700613796007 0.022158700613796007 0.022158700613796007 0.0
11 0.022624 -10 0.005565697493209849 0.005565697493209849 0.005565697493209849 0.005565697493209849 0.005565697493209849 0.0
11 0.016 -10 0.0013927363229811242 0.0013927363229811242 0.0013927363229811242 0.0013927363229811242 0.0013927363229811242 0.0
11 0.011312 -10 0.00036247788431808305 0.00036247788431808305 0.00036247788431808305 0.00036247788431808305 0.00036247788431808305 0.0
11 0.008 -10 0.00010795137438292296 0.00010795137438292296 0.00010795137438292296 0.00010795137438292296 0.00010795137438292296 0.0
