5 0.001 -10 0.00014528529600934707 0.00014528529600934707 0.00014528529600934707 0.00014528529600934707 0.00014528529600934707 0.0
5 0.001414 -10 0.00031668830175581497 0.00031668830175581497 0.00031668830175581497 0.00031668830175581497 0.00031668830175581497 0.0
5 0.002 -10 0.0005829632488308672 0.0005829632488308672 0.0005829632488308672 0.0005829632488308672 0.0005829632488308672 0.0
5 0.002828 -10 0.0011254075382047723 0.0011254075382047723 0.0011254075382047723 0.0011254075382047723 0.0011254075382047723 0.0
5 0.004 -10 0.002372102180673535 0.002372102180673535 0.002372102180673535 0.002372102180673535 0.002372102180673535 0.0
5 0.005656 -10 0.004672940868606249 0.004672940868606249 0.004672940868606249 0.004672940868606249 0.004672940868606249 0.0
5 0.008 -10 0.009797006034955718 0.009797006034955718 0.009797006034955718 0.009797006034955718 0.009797006034955718 0.0
5 0.011312 -10 0.018582524993496115 0.018582524993496115 0.018582524993496115 0.018582524993496115 0.018582524993496115 0.0
5 0.016 -10 0.034719811124227486 0.034719811124227486 0.034719811124227486 0.034719811124227486 0.034719811124227486 0.0
5 0.022624 -10 0.06307556452630252 0.06307556452630252 0.06307556452630252 0.06307556452630252 0.06307556452630252 0.0
5 0.032 -10 0.12090436464756378 0.12090436464756378 0.12090436464756378 0.12090436464756378 0.12090436464756378 0.0
5 0.045249 -10 0.19466614755693984 0.19466614755693984 0.19466614755693984 0.19466614755693984 0.19466614755693984 0.0
5 0.064 -10 0.3238341968911917 0.3238341968911917 0.3238341968911917 0.3238341968911917 0.3238341968911917 0.0
5 0.090496 -10 0.5586592178770949 0.5586592178770949 0.5586592178770949 0.5586592178770949 0.5586592178770949 0.0
5 0.128 -10 0.8012820512820513 0.8012820512820513 0.8012820512820513 0.8012820512820513 0.8012820512820513 0.0
5 0.181 -10 0.975609756097561 0.975609756097561 0.975609756097561 0.975609756097561 0.975609756097561 0.0
