5 0.128 -10 0.7283321194464676 0.7283321194464676 0.7283321194464676 0.7283321194464676 0.7283321194464676 0.0
5 0.090496 -10 0.41254125412541254 0.41254125412541254 0.41254125412541254 0.41254125412541254 0.41254125412541254 0.0
5 0.064 -10 0.15810276679841898 0.15810276679841898 0.15810276679841898 0.15810276679841898 0.15810276679841898 0.0
5 0.045249 -10 0.05421229534858506 0.05421229534858506 0.05421229534858506 0.05421229534858506 0.05421229534858506 0.0
5 0.032 -10 0.016195118791196332 0.016195118791196332 0.016195118791196332 0.016195118791196332 0.016195118791196332 0.0
5 0.022624 -10 0.005437235274607568 0.005437235274607568 0.005437235274607568 0.005437235274607568 0.005437235274607568 0.0
5 0.016 -10 0.0017576267820138536 0.0017576267820138536 0.0017576267820138536 0.0017576267820138536 0.0017576267820138536 0.0
5 0.01132 -10 0.0006844725351972889 0.0006844725351972889 0.0006844725351972889 0.0006844725351972889 0.0006844725351972889 0.0
5 0.008 -10 0.0002698782174543737 0.0002698782174543737 0.0002698782174543737 0.0002698782174543737 0.0002698782174543737 0.0
5 0.005656 -10 0.0001287206378571 0.0001287206378571 0.0001287206378571 0.0001287206378571 0.0001287206378571 0.0
5 0.004 -10 6.366420341375098e-05 6.366420341375098e-05 6.366420341375098e-05 6.366420341375098e-05 6.366420341375098e-05 0.0
5 0.002829 -10 2.9750064059325435e-05 2.9750064059325435e-05 2.9750064059325435e-05 2.9750064059325435e-05 2.9750064059325435e-05 0.0
5 0.002 -10 1.5891957825477347e-05 1.5891957825477347e-05 1.5891957825477347e-05 1.5891957825477347e-05 1.5891957825477347e-05 0.0
5 0.001414 -10 8.451220249718683e-06 8.451220249718683e-06 8.451220249718683e-06 8.451220249718683e-06 8.451220249718683e-06 0.0
5 0.001 -10 4.714968574427978e-06 4.714968574427978e-06 4.714968574427978e-06 4.714968574427978e-06 4.714968574427978e-06 0.0
