7 0.001 -10 0.0003090928310863315 0.0003090928310863315 0.0003090928310863315 0.0003090928310863315 0.0003090928310863315 0.0
7 0.001414 -10 0.0005810720430551141 0.0005810720430551141 0.0005810720430551141 0.0005810720430551141 0.0005810720430551141 0.0
7 0.002 -10 0.001134011850423837 0.001134011850423837 0.001134011850423837 0.001134011850423837 0.001134011850423837 0.0
7 0.002828 -10 0.0022799297781628328 0.0022799297781628328 0.0022799297781628328 0.0022799297781628328 0.0022799297781628328 0.0
7 0.004 -10 0.004746963130337367 0.004746963130337367 0.004746963130337367 0.004746963130337367 0.004746963130337367 0.0
7 0.005656 -10 0.009230882841634975 0.009230882841634975 0.009230882841634975 0.009230882841634975 0.009230882841634975 0.0
7 0.008 -10 0.018291902174907167 0.018291902174907167 0.018291902174907167 0.018291902174907167 0.018291902174907167 0.0
7 0.011312 -10 0.034071550255536626 0.034071550255536626 0.034071550255536626 0.034071550255536626 0.034071550255536626 0.0
7 0.016 -10 0.063299151791366 0.063299151791366 0.063299151791366 0.063299151791366 0.063299151791366 0.0
7 0.022624 -10 0.12370113805047006 0.12370113805047006 0.12370113805047006 0.12370113805047006 0.12370113805047006 0.0
7 0.032 -10 0.2181976871045167 0.2181976871045167 0.2181976871045167 0.2181976871045167 0.2181976871045167 0.0
7 0.045249 -10 0.35714285714285715 0.35714285714285715 0.35714285714285715 0.35714285714285715 0.35714285714285715 0.0
7 0.064 -10 0.5668934240362812 0.5668934240362812 0.5668934240362812 0.5668934240362812 0.5668934240362812 0.0
7 0.090496 -10 0.774593338497289 0.774593338497289 0.774593338497289 0.774593338497289 0.774593338497289 0.0
7 0.128 -10 0.9560229445506692 0.9560229445506692 0.9560229445506692 0.9560229445506692 0.9560229445506692 0.0
7 0.181 -10 1.0 1.0 1.0 1.0 1.0 0.0
