7 0.181 -10 0.9950248756218906 0.9950248756218906 0.9950248756218906 0.9950248756218906 0.9950248756218906 0.0
7 0.128 -10 0.8403361344537815 0.8403361344537815 0.8403361344537815 0.8403361344537815 0.8403361344537815 0.0
7 0.090496 -10 0.4716981132075472 0.4716981132075472 0.4716981132075472 0.4716981132075472 0.4716981132075472 0.0
7 0.064 -10 0.1575795776867318 0.1575795776867318 0.1575795776867318 0.1575795776867318 0.1575795776867318 0.0
7 0.045249 -10 0.04150238638721727 0.04150238638721727 0.04150238638721727 0.04150238638721727 0.04150238638721727 0.0
7 0.032 -10 0.010911550967854572 0.010911550967854572 0.010911550967854572 0.010911550967854572 0.010911550967854572 0.0
7 0.022624 -10 0.00250440775765347 0.00250440775765347 0.00250440775765347 0.00250440775765347 0.00250440775765347 0.0
7 0.016 -10 0.0006268177715374586 0.0006268177715374586 0.0006268177715374586 0.0006268177715374586 0.0006268177715374586 0.0
7 0.011312 -10 0.00016560604276577326 0.00016560604276577326 0.00016560604276577326 0.00016560604276577326 0.00016560604276577326 0.0
7 0.008 -10 4.703925077386623e-05 4.703925077386623e-05 4.703925077386623e-05 4.703925077386623e-05 4.703925077386623e-05 0.0
