5 0.362 -10 1.0 1.0 1.0 1.0 1.0 0.0 nan 0.0
5 0.256 -10 1.0 1.0 1.0 1.0 1.0 0.0 nan 0.0
5 0.181 -10 0.9737098344693281 0.9737098344693281 0.9737098344693281 0.9737098344693281 0.9737098344693281 0.0 nan 0.013000000000000001
5 0.128 -10 0.8169934640522876 0.8169934640522876 0.8169934640522876 0.8169934640522876 0.8169934640522876 0.0 nan 0.05299999999999998
5 0.090496 -10 0.5263157894736842 0.5263157894736842 0.5263157894736842 0.5263157894736842 0.5263157894736842 0.0 2.7365452000000006 0.09199999999999996
5 0.064 -10 0.2820874471086037 0.2820874471086037 0.2820874471086037 0.2820874471086037 0.2820874471086037 0.0 3.383995500000002 0.10499999999999991
5 0.045249 -10 0.13995801259622112 0.13995801259622112 0.13995801259622112 0.13995801259622112 0.13995801259622112 0.0 5.888031899999999 0.08699999999999994
5 0.032 -10 0.06978367062107467 0.06978367062107467 0.06978367062107467 0.06978367062107467 0.06978367062107467 0.0 13.622575200000002 0.06399999999999997
5 0.022624 -10 0.03425244048638466 0.03425244048638466 0.03425244048638466 0.03425244048638466 0.03425244048638466 0.0 23.7921938 0.04600000000000001
5 0.016 -10 0.016588424597315993 0.016588424597315993 0.016588424597315993 0.016588424597315993 0.016588424597315993 0.0 38.4238772 0.040000000000000015
5 0.011312 -10 0.008126051307887959 0.008126051307887959 0.008126051307887959 0.008126051307887959 0.008126051307887959 0.0 58.30252170000001 0.021000000000000005
5 0.008 -10 0.0038377845237501295 0.0038377845237501295 0.0038377845237501295 0.0038377845237501295 0.0038377845237501295 0.0 95.5458147 0.014000000000000004
5 0.005656 -10 0.002425041953225791 0.002425041953225791 0.002425041953225791 0.002425041953225791 0.002425041953225791 0.0 44.277997099999986 0.006
5 0.004 -10 0.0013724047825561863 0.0013724047825561863 0.0013724047825561863 0.0013724047825561863 0.0013724047825561863 0.0 28.03025939999999 0.002
