5 0.181 -10 0.8741258741258742 0.8741258741258742 0.8741258741258742 0.8741258741258742 0.8741258741258742 0.0
5 0.128 -10 0.5564830272676683 0.5564830272676683 0.5564830272676683 0.5564830272676683 0.5564830272676683 0.0
5 0.090496 -10 0.24925224327018944 0.24925224327018944 0.24925224327018944 0.24925224327018944 0.24925224327018944 0.0
5 0.064 -10 0.09395847035610261 0.09395847035610261 0.09395847035610261 0.09395847035610261 0.09395847035610261 0.0
5 0.045249 -10 0.030473868657626087 0.030473868657626087 0.030473868657626087 0.030473868657626087 0.030473868657626087 0.0
5 0.032 -10 0.009499833752909324 0.009499833752909324 0.009499833752909324 0.009499833752909324 0.009499833752909324 0.0
5 0.022624 -10 0.002677541053398201 0.002677541053398201 0.002677541053398201 0.002677541053398201 0.002677541053398201 0.0
5 0.016 -10 0.0007901665354990218 0.0007901665354990218 0.0007901665354990218 0.0007901665354990218 0.0007901665354990218 0.0
5 0.011312 -10 0.000247862557237661 0.000247862557237661 0.000247862557237661 0.000247862557237661 0.000247862557237661 0.0
5 0.008 -10 7.292925759911925e-05 7.292925759911925e-05 7.292925759911925e-05 7.292925759911925e-05 7.292925759911925e-05 0.0
5 0.005656 -10 2.3370904243188656e-05 2.3370904243188656e-05 2.3370904243188656e-05 2.3370904243188656e-05 2.3370904243188656e-05 0.0
5 0.004 -10 7.347275508643985e-06 7.347275508643985e-06 7.347275508643985e-06 7.347275508643985e-06 7.347275508643985e-06 0.0
5 0.002828 -10 2.5843332415843347e-06 2.5843332415843347e-06 2.5843332415843347e-06 2.5843332415843347e-06 2.5843332415843347e-06 0.0
5 0.002 -10 8.694148343294039e-07 8.694148343294039e-07 8.694148343294039e-07 8.694148343294039e-07 8.694148343294039e-07 0.0
5 0.001414 -10 2.614534163412512e-07 2.614534163412512e-07 2.614534163412512e-07 2.614534163412512e-07 2.614534163412512e-07 0.0
5 0.001 -10 8.636931053329015e-08 8.636931053329015e-08 8.636931053329015e-08 8.636931053329015e-08 8.636931053329015e-08 0.0
