5 0.001 -10 7.984407984213164e-07 7.984407984213164e-07 7.984407984213164e-07 7.984407984213164e-07 7.984407984213164e-07 0.0
5 0.001414 -10 1.9690608556372795e-06 1.9690608556372795e-06 1.9690608556372795e-06 1.9690608556372795e-06 1.9690608556372795e-06 0.0
5 0.002 -10 5.614851191564068e-06 5.614851191564068e-06 5.614851191564068e-06 5.614851191564068e-06 5.614851191564068e-06 0.0
5 0.002828 -10 1.5665846246298747e-05 1.5665846246298747e-05 1.5665846246298747e-05 1.5665846246298747e-05 1.5665846246298747e-05 0.0
5 0.004 -10 4.457339031001239e-05 4.457339031001239e-05 4.457339031001239e-05 4.457339031001239e-05 4.457339031001239e-05 0.0
5 0.005656 -10 0.00013114513307296654 0.00013114513307296654 0.00013114513307296654 0.00013114513307296654 0.00013114513307296654 0.0
5 0.008 -10 0.0003677795676383403 0.0003677795676383403 0.0003677795676383403 0.0003677795676383403 0.0003677795676383403 0.0
5 0.011312 -10 0.0011485803546816135 0.0011485803546816135 0.0011485803546816135 0.0011485803546816135 0.0011485803546816135 0.0
5 0.016 -10 0.004996003197442046 0.004996003197442046 0.004996003197442046 0.004996003197442046 0.004996003197442046 0.0
5 0.022624 -10 0.011782726522917402 0.011782726522917402 0.011782726522917402 0.011782726522917402 0.011782726522917402 0.0
5 0.032 -10 0.03184713375796178 0.03184713375796178 0.03184713375796178 0.03184713375796178 0.03184713375796178 0.0
5 0.045249 -10 0.09606147934678194 0.09606147934678194 0.09606147934678194 0.09606147934678194 0.09606147934678194 0.0
5 0.064 -10 0.20242914979757085 0.20242914979757085 0.20242914979757085 0.20242914979757085 0.20242914979757085 0.0
5 0.090496 -10 0.5617977528089888 0.5617977528089888 0.5617977528089888 0.5617977528089888 0.5617977528089888 0.0
5 0.128 -10 0.8 0.8 0.8 0.8 0.8 0.0
5 0.181 -10 0.970873786407767 0.970873786407767 0.970873786407767 0.970873786407767 0.970873786407767 0.0
5 0.256 -10 1.0 1.0 1.0 1.0 1.0 0.0
5 0.362 -10 1.0 1.0 1.0 1.0 1.0 0.0
