7 0.001414 -10 2.125665085345461e-09 0.0003969384364318735 2.125665085345461e-09 2.125665085345461e-09 2.125665085345461e-09 0.00039693639842308036
7 0.002 -10 1.112379916115791e-08 0.0007918960318133769 1.112379916115791e-08 1.112379916115791e-08 1.112379916115791e-08 0.0007918861316321234
7 0.002828 -10 3.912793736375058e-08 0.001575948498891683 3.912793736375058e-08 3.912793736375058e-08 3.912793736375058e-08 0.0015759148488655502
7 0.004 -10 1.5472311853109893e-07 0.0031351530035644724 1.5472311853109893e-07 1.5472311853109893e-07 1.5472311853109893e-07 0.003135021488913721
7 0.005656 -10 7.395088559328411e-07 0.006209441405699846 7.395088559328411e-07 7.395088559328411e-07 7.395088559328411e-07 0.00620884240352654
7 0.008 -10 3.2373600675391007e-06 0.012295364042110802 3.2373600675391007e-06 3.2373600675391007e-06 3.2373600675391007e-06 0.012292871274858798
7 0.011312 -10 1.4231978401549577e-05 0.024064994598964197 1.4231978401549577e-05 1.4231978401549577e-05 1.4231978401549577e-05 0.02405474757451508
7 0.016 -10 7.449649680223787e-05 0.04702293374654057 7.449649680223787e-05 7.449649680223787e-05 7.449649680223787e-05 0.04698568549813945
7 0.022624 -10 0.0003925108921772579 0.08948070808964949 0.0003925108921772579 0.0003925108921772579 0.0003925108921772579 0.08928052753463908
7 0.032 -10 0.0018568378052177142 0.16696685544517686 0.0018568378052177142 0.0018568378052177142 0.0018568378052177142 0.1661869835669854
7 0.045249 -10 0.011467889908256881 0.2868119266055046 0.011467889908256881 0.011467889908256881 0.011467889908256881 0.28325688073394495
7 0.064 -10 0.043084877208099955 0.4928909952606635 0.043084877208099955 0.043084877208099955 0.043084877208099955 0.48987505385609653
7 0.090496 -10 0.1724137931034483 0.7793103448275862 0.1724137931034483 0.1724137931034483 0.1724137931034483 0.7655172413793103
7 0.128 -10 0.4 0.948 0.4 0.4 0.4 0.944
7 0.181 -10 0.6711409395973155 0.9932885906040269 0.6711409395973155 0.6711409395973155 0.6711409395973155 0.9932885906040269
