3 0.001 -10 6.277140787479866e-05 6.277140787479866e-05 6.277140787479866e-05 6.277140787479866e-05 6.277140787479866e-05 0.0
3 0.001414 -10 0.00011909639185571233 0.00011909639185571233 0.00011909639185571233 0.00011909639185571233 0.00011909639185571233 0.0
3 0.002 -10 0.00023129409043598937 0.00023129409043598937 0.00023129409043598937 0.00023129409043598937 0.00023129409043598937 0.0
3 0.002828 -10 0.00046378317209138384 0.00046378317209138384 0.00046378317209138384 0.00046378317209138384 0.00046378317209138384 0.0
3 0.004 -10 0.0009297568685788666 0.0009297568685788666 0.0009297568685788666 0.0009297568685788666 0.0009297568685788666 0.0
3 0.005656 -10 0.0017437399734951523 0.0017437399734951523 0.0017437399734951523 0.0017437399734951523 0.0017437399734951523 0.0
3 0.008 -10 0.003330779735536089 0.003330779735536089 0.003330779735536089 0.003330779735536089 0.003330779735536089 0.0
3 0.011312 -10 0.006667111140742716 0.006667111140742716 0.006667111140742716 0.006667111140742716 0.006667111140742716 0.0
3 0.016 -10 0.01201923076923077 0.01201923076923077 0.01201923076923077 0.01201923076923077 0.01201923076923077 0.0
3 0.022624 -10 0.021901007446342532 0.021901007446342532 0.021901007446342532 0.021901007446342532 0.021901007446342532 0.0
3 0.032 -10 0.055741360089186176 0.055741360089186176 0.055741360089186176 0.055741360089186176 0.055741360089186176 0.0
3 0.045249 -10 0.08163265306122448 0.08163265306122448 0.08163265306122448 0.08163265306122448 0.08163265306122448 0.0
3 0.064 -10 0.16051364365971107 0.16051364365971107 0.16051364365971107 0.16051364365971107 0.16051364365971107 0.0
3 0.090496 -10 0.273224043715847 0.273224043715847 0.273224043715847 0.273224043715847 0.273224043715847 0.0
3 0.128 -10 0.5 0.5 0.5 0.5 0.5 0.0
3 0.181 -10 0.78125 0.78125 0.78125 0.78125 0.78125 0.0
3 0.256 -10 1.0 1.0 1.0 1.0 1.0 0.0
3 0.362 -10 1.0 1.0 1.0 1.0 1.0 0.0
