7 0.362 -10 1.0 1.0 1.0 1.0 1.0 0.0 nan 0.0
7 0.256 -10 1.0 1.0 1.0 1.0 1.0 0.0 nan 0.0
7 0.181 -10 1.0 1.0 1.0 1.0 1.0 0.0 nan 0.0
7 0.128 -10 1.0 1.0 1.0 1.0 1.0 0.0 nan 0.0
7 0.090496 -10 0.999000999000999 0.999000999000999 0.999000999000999 0.999000999000999 0.999000999000999 0.0 nan 0.0
7 0.064 -10 0.999000999000999 0.999000999000999 0.999000999000999 0.999000999000999 0.999000999000999 0.0 nan 0.0
7 0.045249 -10 0.9852216748768473 0.9852216748768473 0.9852216748768473 0.9852216748768473 0.9852216748768473 0.0 nan 0.0
7 0.032 -10 0.9505703422053232 0.9505703422053232 0.9505703422053232 0.9505703422053232 0.9505703422053232 0.0 nan 0.0
7 0.022624 -10 0.8771929824561403 0.8771929824561403 0.8771929824561403 0.8771929824561403 0.8771929824561403 0.0 nan 0.0
7 0.016 -10 0.8 0.8 0.8 0.8 0.8 0.0 nan 0.0
7 0.011312 -10 0.6756756756756757 0.6756756756756757 0.6756756756756757 0.6756756756756757 0.6756756756756757 0.0 nan 0.0
7 0.008 -10 0.5417118093174431 0.5417118093174431 0.5417118093174431 0.5417118093174431 0.5417118093174431 0.0 nan 0.0
7 0.005656 -10 0.4046944556859571 0.4046944556859571 0.4046944556859571 0.4046944556859571 0.4046944556859571 0.0 nan 0.0
7 0.004 -10 0.31036623215394166 0.31036623215394166 0.31036623215394166 0.31036623215394166 0.31036623215394166 0.0 nan 0.0
