7 0.181 -10 0.9901960784313726 0.9901960784313726 0.9901960784313726 0.9901960784313726 0.9901960784313726 0.0
7 0.128 -10 0.7062937062937062 0.7062937062937062 0.7062937062937062 0.7062937062937062 0.7062937062937062 0.0
7 0.090496 -10 0.28939828080229224 0.28939828080229224 0.28939828080229224 0.28939828080229224 0.28939828080229224 0.0
7 0.064 -10 0.0892226148409894 0.0892226148409894 0.0892226148409894 0.0892226148409894 0.0892226148409894 0.0
7 0.045249 -10 0.019307971707130566 0.019307971707130566 0.019307971707130566 0.019307971707130566 0.019307971707130566 0.0
7 0.032 -10 0.004727136572123935 0.004727136572123935 0.004727136572123935 0.004727136572123935 0.004727136572123935 0.0
7 0.022624 -10 0.0008474434058834388 0.0008474434058834388 0.0008474434058834388 0.0008474434058834388 0.0008474434058834388 0.0
7 0.016 -10 0.0001675614336622625 0.0001675614336622625 0.0001675614336622625 0.0001675614336622625 0.0001675614336622625 0.0
7 0.011312 -10 3.5830786450286554e-05 3.5830786450286554e-05 3.5830786450286554e-05 3.5830786450286554e-05 3.5830786450286554e-05 0.0
7 0.008 -10 8.251571291165844e-06 8.251571291165844e-06 8.251571291165844e-06 8.251571291165844e-06 8.251571291165844e-06 0.0
7 0.005656 -10 1.7615484631893664e-06 1.7615484631893664e-06 1.7615484631893664e-06 1.7615484631893664e-06 1.7615484631893664e-06 0.0
7 0.004 -10 4.0128829913406116e-07 4.0128829913406116e-07 4.0128829913406116e-07 4.0128829913406116e-07 4.0128829913406116e-07 0.0
7 0.002828 -10 7.531866471315703e-08 7.531866471315703e-08 7.531866471315703e-08 7.531866471315703e-08 7.531866471315703e-08 0.0
7 0.002 -10 4.800638834489519e-09 4.800638834489519e-09 4.800638834489519e-09 4.800638834489519e-09 4.800638834489519e-09 0.0
7 0.001414 -10 1.4250307681405467e-09 1.4250307681405467e-09 1.4250307681405467e-09 1.4250307681405467e-09 1.4250307681405467e-09 0.0
7 0.001 -10 6.107414038417845e-11 6.107414038417845e-11 6.107414038417845e-11 6.107414038417845e-11 6.107414038417845e-11 0.0
