3 0.362 -10 0.7407407407407407 1.0 0.7407407407407407 0.7407407407407407 0.7407407407407407 1.0
3 0.256 -10 0.6097560975609756 0.9878048780487805 0.6219512195121951 0.6097560975609756 0.6097560975609756 0.9878048780487805
3 0.181 -10 0.5649717514124294 0.768361581920904 0.5649717514124294 0.5649717514124294 0.5649717514124294 0.6101694915254238
3 0.128 -10 0.32786885245901637 0.5049180327868853 0.3377049180327869 0.32786885245901637 0.32786885245901637 0.3180327868852459
3 0.090496 -10 0.17953321364452424 0.2836624775583483 0.18312387791741472 0.17953321364452424 0.17953321364452424 0.1561938958707361
3 0.064 -10 0.0847457627118644 0.14661016949152542 0.08559322033898305 0.0847457627118644 0.0847457627118644 0.09661016949152543
3 0.045249 -10 0.048520135856380396 0.09121785540999515 0.049005337214944204 0.048520135856380396 0.048520135856380396 0.053857350800582245
3 0.032 -10 0.023218017181332713 0.040399349895518924 0.023218017181332713 0.023218017181332713 0.023218017181332713 0.022289296494079406
3 0.022624 -10 0.013032712107389547 0.02450149876189235 0.013032712107389547 0.013032712107389547 0.013032712107389547 0.01381467483383292
3 0.016 -10 0.0049987503124218945 0.01139715071232192 0.0050487378155461135 0.0049987503124218945 0.0049987503124218945 0.007248187953011747
3 0.011312 -10 0.002796655200380345 0.006180607992840563 0.002796655200380345 0.002796655200380345 0.002796655200380345 0.003579718656486842
3 0.008 -10 0.0015992579443138385 0.0035503526363767214 0.0016152505237569767 0.0015992579443138385 0.0015992579443138385 0.0021110204864942667
3 0.005656 -10 0.0005662931019837248 0.0017271939610503605 0.0005662931019837248 0.0005662931019837248 0.0005662931019837248 0.0011948784451856593
3 0.004 -10 0.0003194918801138669 0.00088818742671655 0.0003194918801138669 0.0003194918801138669 0.0003194918801138669 0.0005718904654038217
3 0.002828 -10 0.00015489107285301612 0.00043679282544550543 0.00015489107285301612 0.00015489107285301612 0.00015489107285301612 0.0002849995740495497
3 0.002 -10 8.46965238852667e-05 0.00022275185781825142 8.554348912411937e-05 8.46965238852667e-05 8.46965238852667e-05 0.0001389022991718374
3 0.001414 -10 3.796582164871896e-05 0.00011199917386372093 3.796582164871896e-05 3.796582164871896e-05 3.796582164871896e-05 7.441301043148916e-05
3 0.001 -10 1.7706197523257092e-05 5.241034466884099e-05 1.7706197523257092e-05 1.7706197523257092e-05 1.7706197523257092e-05 3.505827109604904e-05
