7 0.001 -10 0.00016590296004061303 0.00016590296004061303 0.00016590296004061303 0.00016590296004061303 0.00016590296004061303 0.0
7 0.001414 -10 0.00041972541563309285 0.00041972541563309285 0.00041972541563309285 0.00041972541563309285 0.00041972541563309285 0.0
7 0.002 -10 0.0007571512939715614 0.0007571512939715614 0.0007571512939715614 0.0007571512939715614 0.0007571512939715614 0.0
7 0.002828 -10 0.0015899009491708667 0.0015899009491708667 0.0015899009491708667 0.0015899009491708667 0.0015899009491708667 0.0
7 0.004 -10 0.004202916824276048 0.004202916824276048 0.004202916824276048 0.004202916824276048 0.004202916824276048 0.0
7 0.005656 -10 0.007678722260615833 0.007678722260615833 0.007678722260615833 0.007678722260615833 0.007678722260615833 0.0
7 0.008 -10 0.011928903733746868 0.011928903733746868 0.011928903733746868 0.011928903733746868 0.011928903733746868 0.0
7 0.011312 -10 0.021654395842355997 0.021654395842355997 0.021654395842355997 0.021654395842355997 0.021654395842355997 0.0
7 0.016 -10 0.045351473922902494 0.045351473922902494 0.045351473922902494 0.045351473922902494 0.045351473922902494 0.0
7 0.022624 -10 0.09363295880149813 0.09363295880149813 0.09363295880149813 0.09363295880149813 0.09363295880149813 0.0
7 0.032 -10 0.1988071570576541 0.1988071570576541 0.1988071570576541 0.1988071570576541 0.1988071570576541 0.0
7 0.045249 -10 0.2976190476190476 0.2976190476190476 0.2976190476190476 0.2976190476190476 0.2976190476190476 0.0
7 0.064 -10 0.5050505050505051 0.5050505050505051 0.5050505050505051 0.5050505050505051 0.5050505050505051 0.0
7 0.090496 -10 0.7518796992481203 0.7518796992481203 0.7518796992481203 0.7518796992481203 0.7518796992481203 0.0
7 0.128 -10 0.970873786407767 0.970873786407767 0.970873786407767 0.970873786407767 0.970873786407767 0.0
7 0.181 -10 1.0 1.0 1.0 1.0 1.0 0.0
7 0.256 -10 1.0 1.0 1.0 1.0 1.0 0.0
7 0.362 -10 1.0 1.0 1.0 1.0 1.0 0.0
