3 0.362 -10 0.998003992015968 0.998003992015968 0.998003992015968 0.998003992015968 0.998003992015968 0.0 nan 0.002
3 0.256 -10 0.9930486593843099 0.9930486593843099 0.9930486593843099 0.9930486593843099 0.9930486593843099 0.0 nan 0.002
3 0.181 -10 0.7757951900698216 0.7757951900698216 0.7757951900698216 0.7757951900698216 0.7757951900698216 0.0 nan 0.18499999999999994
3 0.128 -10 0.4928536224741252 0.4928536224741252 0.4928536224741252 0.4928536224741252 0.4928536224741252 0.0 2.0878583 0.3449999999999998
3 0.090496 -10 0.29832935560859186 0.29832935560859186 0.29832935560859186 0.29832935560859186 0.29832935560859186 0.0 2.0137328999999995 0.431
3 0.064 -10 0.16840687100033683 0.16840687100033683 0.16840687100033683 0.16840687100033683 0.16840687100033683 0.0 1.9954449999999997 0.41600000000000004
3 0.045249 -10 0.07641754546843955 0.07641754546843955 0.07641754546843955 0.07641754546843955 0.07641754546843955 0.0 1.9849071000000003 0.4859999999999999
3 0.032 -10 0.04473272198613286 0.04473272198613286 0.04473272198613286 0.04473272198613286 0.04473272198613286 0.0 2.0173675999999996 0.44300000000000006
3 0.022624 -10 0.02174622159399804 0.02174622159399804 0.02174622159399804 0.02174622159399804 0.02174622159399804 0.0 2.0496635000000003 0.4130000000000001
3 0.016 -10 0.011462500429843767 0.011462500429843767 0.011462500429843767 0.011462500429843767 0.011462500429843767 0.0 2.0924768999999994 0.42100000000000004
3 0.011312 -10 0.006159418058181863 0.006159418058181863 0.006159418058181863 0.006159418058181863 0.006159418058181863 0.0 2.1539092999999987 0.4269999999999998
3 0.008 -10 0.002824037073958707 0.002824037073958707 0.002824037073958707 0.002824037073958707 0.002824037073958707 0.0 2.2572930000000007 0.42100000000000015
3 0.005656 -10 0.0014174545351457852 0.0014174545351457852 0.0014174545351457852 0.0014174545351457852 0.0014174545351457852 0.0 2.2908291 0.4319999999999997
3 0.004 -10 0.0007040379391964675 0.0007040379391964675 0.0007040379391964675 0.0007040379391964675 0.0007040379391964675 0.0 2.2684114999999996 0.4139999999999999
