3 0.362 -10 0.966183574879227 0.966183574879227 0.966183574879227 0.966183574879227 0.966183574879227 0.0 nan 0.09499999999999993
3 0.256 -10 0.9191176470588235 0.9191176470588235 0.9191176470588235 0.9191176470588235 0.9191176470588235 0.0 nan 0.11199999999999986
3 0.181 -10 0.8305647840531561 0.8305647840531561 0.8305647840531561 0.8305647840531561 0.8305647840531561 0.0 nan 0.08599999999999992
3 0.128 -10 0.6451612903225806 0.6451612903225806 0.6451612903225806 0.6451612903225806 0.6451612903225806 0.0 nan 0.09099999999999998
3 0.090496 -10 0.44923629829290207 0.44923629829290207 0.44923629829290207 0.44923629829290207 0.44923629829290207 0.0 2.0 0.10199999999999991
3 0.064 -10 0.3121098626716604 0.3121098626716604 0.3121098626716604 0.3121098626716604 0.3121098626716604 0.0 2.0 0.10899999999999992
3 0.045249 -10 0.17882689556509299 0.17882689556509299 0.17882689556509299 0.17882689556509299 0.17882689556509299 0.0 2.0 0.11499999999999988
3 0.032 -10 0.10290183165260341 0.10290183165260341 0.10290183165260341 0.10290183165260341 0.10290183165260341 0.0 2.0 0.10099999999999991
3 0.022624 -10 0.055598799065940174 0.055598799065940174 0.055598799065940174 0.055598799065940174 0.055598799065940174 0.0 2.0 0.11599999999999987
3 0.016 -10 0.03147029204431017 0.03147029204431017 0.03147029204431017 0.03147029204431017 0.03147029204431017 0.0 2.0 0.11299999999999995
3 0.011312 -10 0.01638511576084285 0.01638511576084285 0.01638511576084285 0.01638511576084285 0.01638511576084285 0.0 2.0 0.11999999999999984
3 0.008 -10 0.00831849867735871 0.00831849867735871 0.00831849867735871 0.00831849867735871 0.00831849867735871 0.0 2.0 0.10999999999999989
3 0.005656 -10 0.004214465732179131 0.004214465732179131 0.004214465732179131 0.004214465732179131 0.004214465732179131 0.0 2.0 0.10499999999999991
3 0.004 -10 0.00230361667818475 0.00230361667818475 0.00230361667818475 0.00230361667818475 0.00230361667818475 0.0 2.0 0.12499999999999989
