5 0.128 -10 0.5208333333333334 0.5208333333333334 0.5208333333333334 0.5208333333333334 0.5208333333333334 0.0
5 0.090496 -10 0.234192037470726 0.234192037470726 0.234192037470726 0.234192037470726 0.234192037470726 0.0
5 0.064 -10 0.08588114050154586 0.08588114050154586 0.08588114050154586 0.08588114050154586 0.08588114050154586 0.0
5 0.045249 -10 0.03009328919650918 0.03009328919650918 0.03009328919650918 0.03009328919650918 0.03009328919650918 0.0
5 0.032 -10 0.00939602360281129 0.00939602360281129 0.00939602360281129 0.00939602360281129 0.00939602360281129 0.0
5 0.022624 -10 0.0027343771362321376 0.0027343771362321376 0.0027343771362321376 0.0027343771362321376 0.0027343771362321376 0.0
5 0.016 -10 0.0008544795664028888 0.0008544795664028888 0.0008544795664028888 0.0008544795664028888 0.0008544795664028888 0.0
5 0.01132 -10 0.00028164222199941193 0.00028164222199941193 0.00028164222199941193 0.00028164222199941193 0.00028164222199941193 0.0
5 0.008 -10 8.716097106037858e-05 8.716097106037858e-05 8.716097106037858e-05 8.716097106037858e-05 8.716097106037858e-05 0.0
5 0.005656 -10 3.0362868155469424e-05 3.0362868155469424e-05 3.0362868155469424e-05 3.0362868155469424e-05 3.0362868155469424e-05 0.0
5 0.004 -10 9.560443047374778e-06 9.560443047374778e-06 9.560443047374778e-06 9.560443047374778e-06 9.560443047374778e-06 0.0
5 0.002829 -10 3.5147917691843558e-06 3.5147917691843558e-06 3.5147917691843558e-06 3.5147917691843558e-06 3.5147917691843558e-06 0.0
5 0.002 -10 1.3213513579788211e-06 1.3213513579788211e-06 1.3213513579788211e-06 1.3213513579788211e-06 1.3213513579788211e-06 0.0
5 0.001414 -10 5.230349038367796e-07 5.230349038367796e-07 5.230349038367796e-07 5.230349038367796e-07 5.230349038367796e-07 0.0
5 0.001 -10 1.876797197184159e-07 1.876797197184159e-07 1.876797197184159e-07 1.876797197184159e-07 1.876797197184159e-07 0.0
