7 0.181 -10 0.9950248756218906 0.9950248756218906 0.9950248756218906 0.9950248756218906 0.9950248756218906 0.0
7 0.128 -10 0.8210180623973727 0.8210180623973727 0.8210180623973727 0.8210180623973727 0.8210180623973727 0.0
7 0.090496 -10 0.4086636697997548 0.4086636697997548 0.4086636697997548 0.4086636697997548 0.4086636697997548 0.0
7 0.064 -10 0.12324377618930243 0.12324377618930243 0.12324377618930243 0.12324377618930243 0.12324377618930243 0.0
7 0.045249 -10 0.03346608212576554 0.03346608212576554 0.03346608212576554 0.03346608212576554 0.03346608212576554 0.0
7 0.032 -10 0.007781192856864958 0.007781192856864958 0.007781192856864958 0.007781192856864958 0.007781192856864958 0.0
7 0.022624 -10 0.0018151521642059253 0.0018151521642059253 0.0018151521642059253 0.0018151521642059253 0.0018151521642059253 0.0
7 0.016 -10 0.0004382218883945259 0.0004382218883945259 0.0004382218883945259 0.0004382218883945259 0.0004382218883945259 0.0
7 0.011312 -10 9.820622403550194e-05 9.820622403550194e-05 9.820622403550194e-05 9.820622403550194e-05 9.820622403550194e-05 0.0
7 0.008 -10 2.4767750941837073e-05 2.4767750941837073e-05 2.4767750941837073e-05 2.4767750941837073e-05 2.4767750941837073e-05 0.0
