7 0.362 -10 1.0 1.0 1.0 1.0 1.0 0.0 nan 0.0
7 0.256 -10 1.0 1.0 1.0 1.0 1.0 0.0 nan 0.0
7 0.181 -10 1.0 1.0 1.0 1.0 1.0 0.0 nan 0.0
7 0.128 -10 0.9950248756218906 0.9950248756218906 0.9950248756218906 0.9950248756218906 0.9950248756218906 0.0 nan 0.0
7 0.090496 -10 0.9803921568627451 0.9803921568627451 0.9803921568627451 0.9803921568627451 0.9803921568627451 0.0 nan 0.0
7 0.064 -10 0.8833922261484098 0.8833922261484098 0.8833922261484098 0.8833922261484098 0.8833922261484098 0.0 nan 0.0
7 0.045249 -10 0.7225433526011561 0.7225433526011561 0.7225433526011561 0.7225433526011561 0.7225433526011561 0.0 nan 0.0
7 0.032 -10 0.5167958656330749 0.5167958656330749 0.5167958656330749 0.5167958656330749 0.5167958656330749 0.0 2.0 0.0
7 0.022624 -10 0.322061191626409 0.322061191626409 0.322061191626409 0.322061191626409 0.322061191626409 0.0 2.0 0.0
7 0.016 -10 0.19193857965451055 0.19193857965451055 0.19193857965451055 0.19193857965451055 0.19193857965451055 0.0 2.0 0.0
7 0.011312 -10 0.10396091069757771 0.10396091069757771 0.10396091069757771 0.10396091069757771 0.10396091069757771 0.0 2.0 0.0
7 0.008 -10 0.06176270767710457 0.06176270767710457 0.06176270767710457 0.06176270767710457 0.06176270767710457 0.0 2.0 0.0
7 0.005656 -10 0.03117401334247771 0.03117401334247771 0.03117401334247771 0.03117401334247771 0.03117401334247771 0.0 2.0 0.0
7 0.004 -10 0.015026973417284024 0.015026973417284024 0.015026973417284024 0.015026973417284024 0.015026973417284024 0.0 2.0 0.0
