9 0.011312 -10 0.040228497867889616 0.040228497867889616 0.040228497867889616 0.040228497867889616 0.040228497867889616 0.0
9 0.016 -10 0.0738061849582995 0.0738061849582995 0.0738061849582995 0.0738061849582995 0.0738061849582995 0.0
9 0.022624 -10 0.14934289127837516 0.14934289127837516 0.14934289127837516 0.14934289127837516 0.14934289127837516 0.0
9 0.032 -10 0.2579979360165119 0.2579979360165119 0.2579979360165119 0.2579979360165119 0.2579979360165119 0.0
9 0.045249 -10 0.43591979075850046 0.43591979075850046 0.43591979075850046 0.43591979075850046 0.43591979075850046 0.0
9 0.064 -10 0.6553079947575361 0.6553079947575361 0.6553079947575361 0.6553079947575361 0.6553079947575361 0.0
9 0.090496 -10 0.9124087591240876 0.9124087591240876 0.9124087591240876 0.9124087591240876 0.9124087591240876 0.0
9 0.128 -10 0.9900990099009901 0.9900990099009901 0.9900990099009901 0.9900990099009901 0.9900990099009901 0.0
9 0.181 -10 1.0 1.0 1.0 1.0 1.0 0.0
9 0.001 -10 0.00034781253738984776 0.00034781253738984776 0.00034781253738984776 0.00034781253738984776 0.00034781253738984776 0.0
9 0.001414 -10 0.0006314733916056979 0.0006314733916056979 0.0006314733916056979 0.0006314733916056979 0.0006314733916056979 0.0
9 0.002 -10 0.0012821334700942367 0.0012821334700942367 0.0012821334700942367 0.0012821334700942367 0.0012821334700942367 0.0
9 0.002828 -10 0.002620936565472306 0.002620936565472306 0.002620936565472306 0.002620936565472306 0.002620936565472306 0.0
9 0.004 -10 0.005195911856551266 0.005195911856551266 0.005195911856551266 0.005195911856551266 0.005195911856551266 0.0
9 0.005656 -10 0.009963434196498849 0.009963434196498849 0.009963434196498849 0.009963434196498849 0.009963434196498849 0.0
9 0.008 -10 0.02001641345903641 0.02001641345903641 0.02001641345903641 0.02001641345903641 0.02001641345903641 0.0
9 0.001 -10 0.00034781253738984776 0.00034781253738984776 0.00034781253738984776 0.00034781253738984776 0.00034781253738984776 0.0
9 0.001414 -10 0.0006314733916056979 0.0006314733916056979 0.0006314733916056979 0.0006314733916056979 0.0006314733916056979 0.0
9 0.002 -10 0.0012821334700942367 0.0012821334700942367 0.0012821334700942367 0.0012821334700942367 0.0012821334700942367 0.0
9 0.002828 -10 0.002620936565472306 0.002620936565472306 0.002620936565472306 0.002620936565472306 0.002620936565472306 0.0
9 0.004 -10 0.005195911856551266 0.005195911856551266 0.005195911856551266 0.005195911856551266 0.005195911856551266 0.0
9 0.005656 -10 0.009963434196498849 0.009963434196498849 0.009963434196498849 0.009963434196498849 0.009963434196498849 0.0
9 0.008 -10 0.02001641345903641 0.02001641345903641 0.02001641345903641 0.02001641345903641 0.02001641345903641 0.0
