5 0.001 -10 7.518520830992755e-07 7.518520830992755e-07 7.518520830992755e-07 7.518520830992755e-07 7.518520830992755e-07 0.0
5 0.001414 -10 2.2885928437912554e-06 2.2885928437912554e-06 2.2885928437912554e-06 2.2885928437912554e-06 2.2885928437912554e-06 0.0
5 0.002 -10 6.1886618516402e-06 6.1886618516402e-06 6.1886618516402e-06 6.1886618516402e-06 6.1886618516402e-06 0.0
5 0.002828 -10 1.728965949208617e-05 1.728965949208617e-05 1.728965949208617e-05 1.728965949208617e-05 1.728965949208617e-05 0.0
5 0.004 -10 5.0717413022426124e-05 5.0717413022426124e-05 5.0717413022426124e-05 5.0717413022426124e-05 5.0717413022426124e-05 0.0
5 0.005656 -10 0.00013917863173765495 0.00013917863173765495 0.00013917863173765495 0.00013917863173765495 0.00013917863173765495 0.0
5 0.008 -10 0.0004098589101687635 0.0004098589101687635 0.0004098589101687635 0.0004098589101687635 0.0004098589101687635 0.0
5 0.011312 -10 0.0012464895737379605 0.0012464895737379605 0.0012464895737379605 0.0012464895737379605 0.0012464895737379605 0.0
5 0.016 -10 0.003771734620752084 0.003771734620752084 0.003771734620752084 0.003771734620752084 0.003771734620752084 0.0
5 0.022624 -10 0.010471533137166613 0.010471533137166613 0.010471533137166613 0.010471533137166613 0.010471533137166613 0.0
5 0.032 -10 0.03094921234254588 0.03094921234254588 0.03094921234254588 0.03094921234254588 0.03094921234254588 0.0
5 0.045249 -10 0.08946144211844695 0.08946144211844695 0.08946144211844695 0.08946144211844695 0.08946144211844695 0.0
5 0.064 -10 0.22763487366264512 0.22763487366264512 0.22763487366264512 0.22763487366264512 0.22763487366264512 0.0
5 0.090496 -10 0.49431537320810676 0.49431537320810676 0.49431537320810676 0.49431537320810676 0.49431537320810676 0.0
5 0.128 -10 0.7892659826361483 0.7892659826361483 0.7892659826361483 0.7892659826361483 0.7892659826361483 0.0
5 0.181 -10 0.966183574879227 0.966183574879227 0.966183574879227 0.966183574879227 0.966183574879227 0.0
