5 0.128 -10 0.999000999000999 0.999000999000999 0.999000999000999 0.999000999000999 0.999000999000999 0.0
5 0.090496 -10 0.9900990099009901 0.9900990099009901 0.9900990099009901 0.9900990099009901 0.9900990099009901 0.0
5 0.064 -10 0.9652509652509652 0.9652509652509652 0.9652509652509652 0.9652509652509652 0.9652509652509652 0.0
5 0.045249 -10 0.8896797153024911 0.8896797153024911 0.8896797153024911 0.8896797153024911 0.8896797153024911 0.0
5 0.032 -10 0.8064516129032258 0.8064516129032258 0.8064516129032258 0.8064516129032258 0.8064516129032258 0.0
5 0.022624 -10 0.6854009595613434 0.6854009595613434 0.6854009595613434 0.6854009595613434 0.6854009595613434 0.0
5 0.016 -10 0.5485463521667581 0.5485463521667581 0.5485463521667581 0.5485463521667581 0.5485463521667581 0.0
5 0.01132 -10 0.4280821917808219 0.4280821917808219 0.4280821917808219 0.4280821917808219 0.4280821917808219 0.0
5 0.008 -10 0.32970656116056707 0.32970656116056707 0.32970656116056707 0.32970656116056707 0.32970656116056707 0.0
5 0.005656 -10 0.25207965717166625 0.25207965717166625 0.25207965717166625 0.25207965717166625 0.25207965717166625 0.0
5 0.004 -10 0.17752529735487307 0.17752529735487307 0.17752529735487307 0.17752529735487307 0.17752529735487307 0.0
5 0.002829 -10 0.13997760358342665 0.13997760358342665 0.13997760358342665 0.13997760358342665 0.13997760358342665 0.0
5 0.002 -10 0.09739943508327652 0.09739943508327652 0.09739943508327652 0.09739943508327652 0.09739943508327652 0.0
5 0.001414 -10 0.06637902422834384 0.06637902422834384 0.06637902422834384 0.06637902422834384 0.06637902422834384 0.0
5 0.001 -10 0.04824159390226253 0.04824159390226253 0.04824159390226253 0.04824159390226253 0.04824159390226253 0.0
