5 0.181 -10 0.7651515151515151 0.7651515151515151 0.7651515151515151 0.7651515151515151 0.7651515151515151 0.0
5 0.128 -10 0.4855769230769231 0.4855769230769231 0.4855769230769231 0.4855769230769231 0.4855769230769231 0.0
5 0.090496 -10 0.23059360730593606 0.23059360730593606 0.23059360730593606 0.23059360730593606 0.23059360730593606 0.0
5 0.064 -10 0.07383040935672515 0.07383040935672515 0.07383040935672515 0.07383040935672515 0.07383040935672515 0.0
5 0.045249 -10 0.029123414071510957 0.029123414071510957 0.029123414071510957 0.029123414071510957 0.029123414071510957 0.0
5 0.032 -10 0.008681450919718068 0.008681450919718068 0.008681450919718068 0.008681450919718068 0.008681450919718068 0.0
5 0.022624 -10 0.0023494928817344375 0.0023494928817344375 0.0023494928817344375 0.0023494928817344375 0.0023494928817344375 0.0
5 0.016 -10 0.0007860044514311507 0.0007860044514311507 0.0007860044514311507 0.0007860044514311507 0.0007860044514311507 0.0
5 0.011312 -10 0.00022046673462571952 0.00022046673462571952 0.00022046673462571952 0.00022046673462571952 0.00022046673462571952 0.0
5 0.008 -10 6.836019460319952e-05 6.836019460319952e-05 6.836019460319952e-05 6.836019460319952e-05 6.836019460319952e-05 0.0
5 0.005656 -10 2.3842910629216774e-05 2.3842910629216774e-05 2.3842910629216774e-05 2.3842910629216774e-05 2.3842910629216774e-05 0.0
5 0.004 -10 7.291591163804368e-06 7.291591163804368e-06 7.291591163804368e-06 7.291591163804368e-06 7.291591163804368e-06 0.0
5 0.002828 -10 2.5582214474498002e-06 2.5582214474498002e-06 2.5582214474498002e-06 2.5582214474498002e-06 2.5582214474498002e-06 0.0
5 0.002 -10 7.239562387806942e-07 7.239562387806942e-07 7.239562387806942e-07 7.239562387806942e-07 7.239562387806942e-07 0.0
5 0.001414 -10 2.3688648432272464e-07 2.3688648432272464e-07 2.3688648432272464e-07 2.3688648432272464e-07 2.3688648432272464e-07 0.0
5 0.001 -10 8.612487987860287e-08 8.612487987860287e-08 8.612487987860287e-08 8.612487987860287e-08 8.612487987860287e-08 0.0
