5 0.128 -10 0.6020469596628537 0.6020469596628537 0.6020469596628537 0.6020469596628537 0.6020469596628537 0.0
5 0.128 -10 0.6020469596628537 0.6020469596628537 0.6020469596628537 0.6020469596628537 0.6020469596628537 0.0
5 0.090496 -10 0.27972027972027974 0.27972027972027974 0.27972027972027974 0.27972027972027974 0.27972027972027974 0.0
5 0.090496 -10 0.27972027972027974 0.27972027972027974 0.27972027972027974 0.27972027972027974 0.27972027972027974 0.0
5 0.064 -10 0.11052166224580018 0.11052166224580018 0.11052166224580018 0.11052166224580018 0.11052166224580018 0.0
5 0.064 -10 0.11052166224580018 0.11052166224580018 0.11052166224580018 0.11052166224580018 0.11052166224580018 0.0
5 0.045249 -10 0.03533319200056533 0.03533319200056533 0.03533319200056533 0.03533319200056533 0.03533319200056533 0.0
5 0.045249 -10 0.03533319200056533 0.03533319200056533 0.03533319200056533 0.03533319200056533 0.03533319200056533 0.0
5 0.032 -10 0.010437596221590168 0.010437596221590168 0.010437596221590168 0.010437596221590168 0.010437596221590168 0.0
5 0.032 -10 0.010437596221590168 0.010437596221590168 0.010437596221590168 0.010437596221590168 0.010437596221590168 0.0
5 0.022624 -10 0.0031404076249097134 0.0031404076249097134 0.0031404076249097134 0.0031404076249097134 0.0031404076249097134 0.0
5 0.022624 -10 0.0031404076249097134 0.0031404076249097134 0.0031404076249097134 0.0031404076249097134 0.0031404076249097134 0.0
5 0.016 -10 0.0009125194936976842 0.0009125194936976842 0.0009125194936976842 0.0009125194936976842 0.0009125194936976842 0.0
5 0.016 -10 0.0009125194936976842 0.0009125194936976842 0.0009125194936976842 0.0009125194936976842 0.0009125194936976842 0.0
5 0.01132 -10 0.0002923143683181503 0.0002923143683181503 0.0002923143683181503 0.0002923143683181503 0.0002923143683181503 0.0
5 0.01132 -10 0.0002923143683181503 0.0002923143683181503 0.0002923143683181503 0.0002923143683181503 0.0002923143683181503 0.0
5 0.008 -10 9.045390629490895e-05 9.045390629490895e-05 9.045390629490895e-05 9.045390629490895e-05 9.045390629490895e-05 0.0
5 0.008 -10 9.045390629490895e-05 9.045390629490895e-05 9.045390629490895e-05 9.045390629490895e-05 9.045390629490895e-05 0.0
5 0.005656 -10 2.9548914689786406e-05 2.9548914689786406e-05 2.9548914689786406e-05 2.9548914689786406e-05 2.9548914689786406e-05 0.0
5 0.005656 -10 2.9548914689786406e-05 2.9548914689786406e-05 2.9548914689786406e-05 2.9548914689786406e-05 2.9548914689786406e-05 0.0
5 0.004 -10 1.0121365752196042e-05 1.0121365752196042e-05 1.0121365752196042e-05 1.0121365752196042e-05 1.0121365752196042e-05 0.0
5 0.004 -10 1.0121365752196042e-05 1.0121365752196042e-05 1.0121365752196042e-05 1.0121365752196042e-05 1.0121365752196042e-05 0.0
5 0.002829 -10 3.852479365378916e-06 3.852479365378916e-06 3.852479365378916e-06 3.852479365378916e-06 3.852479365378916e-06 0.0
5 0.002829 -10 3.852479365378916e-06 3.852479365378916e-06 3.852479365378916e-06 3.852479365378916e-06 3.852479365378916e-06 0.0
5 0.002 -10 1.4462094036230488e-06 1.4462094036230488e-06 1.4462094036230488e-06 1.4462094036230488e-06 1.4462094036230488e-06 0.0
5 0.002 -10 1.4462094036230488e-06 1.4462094036230488e-06 1.4462094036230488e-06 1.4462094036230488e-06 1.4462094036230488e-06 0.0
5 0.001414 -10 5.11491852404085e-07 5.11491852404085e-07 5.11491852404085e-07 5.11491852404085e-07 5.11491852404085e-07 0.0
5 0.001414 -10 5.11491852404085e-07 5.11491852404085e-07 5.11491852404085e-07 5.11491852404085e-07 5.11491852404085e-07 0.0
5 0.001 -10 2.2014835088488443e-07 2.2014835088488443e-07 2.2014835088488443e-07 2.2014835088488443e-07 2.2014835088488443e-07 0.0
5 0.001 -10 2.2014835088488443e-07 2.2014835088488443e-07 2.2014835088488443e-07 2.2014835088488443e-07 2.2014835088488443e-07 0.0
