5 0.362 -10 1.0 1.0 1.0 1.0 1.0 0.0 nan 0.0
5 0.256 -10 1.0 1.0 1.0 1.0 1.0 0.0 nan 0.0
5 0.181 -10 0.970873786407767 0.970873786407767 0.970873786407767 0.970873786407767 0.970873786407767 0.0 nan 0.013000000000000001
5 0.128 -10 0.7987220447284346 0.7987220447284346 0.7987220447284346 0.7987220447284346 0.7987220447284346 0.0 nan 0.04300000000000002
5 0.090496 -10 0.5282620179609087 0.5282620179609087 0.5282620179609087 0.5282620179609087 0.5282620179609087 0.0 2.6765103000000003 0.09199999999999994
5 0.064 -10 0.2987750224081267 0.2987750224081267 0.2987750224081267 0.2987750224081267 0.2987750224081267 0.0 3.6466789999999993 0.10799999999999989
5 0.045249 -10 0.14749262536873156 0.14749262536873156 0.14749262536873156 0.14749262536873156 0.14749262536873156 0.0 5.589206400000003 0.08599999999999997
5 0.032 -10 0.07028394714647175 0.07028394714647175 0.07028394714647175 0.07028394714647175 0.07028394714647175 0.0 13.304660100000008 0.06199999999999995
5 0.022624 -10 0.03476567932137394 0.03476567932137394 0.03476567932137394 0.03476567932137394 0.03476567932137394 0.0 22.591426599999995 0.04300000000000002
5 0.016 -10 0.021056621254553494 0.021056621254553494 0.021056621254553494 0.021056621254553494 0.021056621254553494 0.0 14.3016726 0.03500000000000002
5 0.011312 -10 0.010173664452199038 0.010173664452199038 0.010173664452199038 0.010173664452199038 0.010173664452199038 0.0 9.7995061 0.018000000000000002
5 0.008 -10 0.006382720698524953 0.006382720698524953 0.006382720698524953 0.006382720698524953 0.006382720698524953 0.0 2.1055452 0.006999999999999999
5 0.005656 -10 0.003309044943448422 0.003309044943448422 0.003309044943448422 0.003309044943448422 0.003309044943448422 0.0 1.975856999999999 0.009
5 0.004 -10 0.0016449181077520057 0.0016449181077520057 0.0016449181077520057 0.0016449181077520057 0.0016449181077520057 0.0 1.9542491999999996 0.006
