7 0.362 -10 0.7575757575757576 1.0 0.8257575757575758 0.7651515151515151 0.7575757575757576 1.0
7 0.256 -10 0.7092198581560284 1.0 0.7730496453900709 0.7163120567375887 0.7092198581560284 1.0
7 0.181 -10 0.6944444444444444 1.0 0.7222222222222222 0.6944444444444444 0.6944444444444444 1.0
7 0.128 -10 0.4854368932038835 0.9466019417475728 0.5097087378640777 0.4854368932038835 0.4854368932038835 0.941747572815534
7 0.090496 -10 0.1497005988023952 0.7529940119760479 0.15568862275449102 0.1497005988023952 0.1497005988023952 0.7440119760479041
7 0.064 -10 0.04253509145044662 0.4921310080816674 0.04338579327945555 0.04253509145044662 0.04253509145044662 0.48617609527860484
7 0.045249 -10 0.009239582370876836 0.28938371985586253 0.009239582370876836 0.009239582370876836 0.009239582370876836 0.28550309526009426
7 0.032 -10 0.0020406497428781326 0.16410905232225942 0.002081462737735695 0.0020406497428781326 0.0020406497428781326 0.16329279242510816
7 0.022624 -10 0.00043203636018007273 0.09050729709412345 0.0004449974509854749 0.00043203636018007273 0.00043203636018007273 0.09029127891403341
7 0.016 -10 7.645879559046833e-05 0.046974754834871936 7.645879559046833e-05 7.645879559046833e-05 7.645879559046833e-05 0.04692735038160585
7 0.011312 -10 1.408117714134925e-05 0.024042905909996776 1.4221988912762742e-05 1.408117714134925e-05 1.408117714134925e-05 0.024033471521312074
7 0.008 -10 3.32947935000306e-06 0.012249986898498757 3.32947935000306e-06 3.32947935000306e-06 3.32947935000306e-06 0.012247323315018755
7 0.005656 -10 8.793723680220143e-07 0.006204710729184449 8.969598153824546e-07 8.793723680220143e-07 8.793723680220143e-07 0.00620393688150059
7 0.004 -10 1.8579576339396317e-07 0.0031351530127047794 1.876537210279028e-07 1.8579576339396317e-07 1.8579576339396317e-07 0.0031349932283482604
7 0.002828 -10 4.246385040312984e-08 0.0015749684998274368 4.246385040312984e-08 4.246385040312984e-08 4.246385040312984e-08 0.001574931131639082
7 0.002 -10 9.051696354802504e-09 0.0007917065311558374 9.142213318350529e-09 9.051696354802504e-09 9.051696354802504e-09 0.0007916981130782274
7 0.001414 -10 1.9878784696428176e-09 0.000396845983499927 1.9878784696428176e-09 1.9878784696428176e-09 1.9878784696428176e-09 0.00039684413477295027
7 0.001 -10 5.935757040742748e-10 0.0001989238860410599 5.935757040742748e-10 5.935757040742748e-10 5.935757040742748e-10 0.00019892331027262695
