9 0.181 -10 1.0 1.0 1.0 1.0 1.0 0.0
9 0.128 -10 0.9276437847866419 0.9276437847866419 0.9276437847866419 0.9276437847866419 0.9276437847866419 0.0
9 0.090496 -10 0.5313496280552603 0.5313496280552603 0.5313496280552603 0.5313496280552603 0.5313496280552603 0.0
9 0.064 -10 0.1750393838613688 0.1750393838613688 0.1750393838613688 0.1750393838613688 0.1750393838613688 0.0
9 0.045249 -10 0.0397408894011048 0.0397408894011048 0.0397408894011048 0.0397408894011048 0.0397408894011048 0.0
9 0.032 -10 0.009077293151182317 0.009077293151182317 0.009077293151182317 0.009077293151182317 0.009077293151182317 0.0
9 0.022624 -10 0.0021241299032883653 0.0021241299032883653 0.0021241299032883653 0.0021241299032883653 0.0021241299032883653 0.0
9 0.016 -10 0.0004483583136167765 0.0004483583136167765 0.0004483583136167765 0.0004483583136167765 0.0004483583136167765 0.0
9 0.011312 -10 0.0001103907988827568 0.0001103907988827568 0.0001103907988827568 0.0001103907988827568 0.0001103907988827568 0.0
9 0.008 -10 2.407073541849609e-05 2.407073541849609e-05 2.407073541849609e-05 2.407073541849609e-05 2.407073541849609e-05 0.0
