3 0.001 -10 2.0326538110663323e-05 2.0326538110663323e-05 2.0326538110663323e-05 2.0326538110663323e-05 2.0326538110663323e-05 0.0
3 0.001414 -10 3.918993310944647e-05 3.918993310944647e-05 3.918993310944647e-05 3.918993310944647e-05 3.918993310944647e-05 0.0
3 0.002 -10 7.924766702793036e-05 7.924766702793036e-05 7.924766702793036e-05 7.924766702793036e-05 7.924766702793036e-05 0.0
3 0.002828 -10 0.00015383749161201077 0.00015383749161201077 0.00015383749161201077 0.00015383749161201077 0.00015383749161201077 0.0
3 0.004 -10 0.00032907954148689327 0.00032907954148689327 0.00032907954148689327 0.00032907954148689327 0.00032907954148689327 0.0
3 0.005656 -10 0.000655419665211635 0.000655419665211635 0.000655419665211635 0.000655419665211635 0.000655419665211635 0.0
3 0.008 -10 0.001376780866050236 0.001376780866050236 0.001376780866050236 0.001376780866050236 0.001376780866050236 0.0
3 0.011312 -10 0.002879280410239873 0.002879280410239873 0.002879280410239873 0.002879280410239873 0.002879280410239873 0.0
3 0.016 -10 0.005956884073079054 0.005956884073079054 0.005956884073079054 0.005956884073079054 0.005956884073079054 0.0
3 0.022624 -10 0.011990263905708565 0.011990263905708565 0.011990263905708565 0.011990263905708565 0.011990263905708565 0.0
3 0.032 -10 0.029952674773857307 0.029952674773857307 0.029952674773857307 0.029952674773857307 0.029952674773857307 0.0
3 0.045249 -10 0.06478781988986071 0.06478781988986071 0.06478781988986071 0.06478781988986071 0.06478781988986071 0.0
3 0.064 -10 0.13856172925038104 0.13856172925038104 0.13856172925038104 0.13856172925038104 0.13856172925038104 0.0
3 0.090496 -10 0.2772387025228722 0.2772387025228722 0.2772387025228722 0.2772387025228722 0.2772387025228722 0.0
3 0.128 -10 0.49236829148202854 0.49236829148202854 0.49236829148202854 0.49236829148202854 0.49236829148202854 0.0
3 0.181 -10 0.7662835249042146 0.7662835249042146 0.7662835249042146 0.7662835249042146 0.7662835249042146 0.0
