11 0.011312 -10 0.0050285875200514925 0.0050285875200514925 0.0050285875200514925 0.0050285875200514925 0.0050285875200514925 0.0
11 0.016 -10 0.015222553735614687 0.015222553735614687 0.015222553735614687 0.015222553735614687 0.015222553735614687 0.0
11 0.022624 -10 0.045712196013896506 0.045712196013896506 0.045712196013896506 0.045712196013896506 0.045712196013896506 0.0
11 0.032 -10 0.13585110718652357 0.13585110718652357 0.13585110718652357 0.13585110718652357 0.13585110718652357 0.0
11 0.045249 -10 0.34281796366129585 0.34281796366129585 0.34281796366129585 0.34281796366129585 0.34281796366129585 0.0
11 0.064 -10 0.700770847932726 0.700770847932726 0.700770847932726 0.700770847932726 0.700770847932726 0.0
11 0.090496 -10 0.9523809523809523 0.9523809523809523 0.9523809523809523 0.9523809523809523 0.9523809523809523 0.0
11 0.128 -10 0.999000999000999 0.999000999000999 0.999000999000999 0.999000999000999 0.999000999000999 0.0
11 0.181 -10 1.0 1.0 1.0 1.0 1.0 0.0
11 0.001 -10 3.2374844968198644e-06 3.2374844968198644e-06 3.2374844968198644e-06 3.2374844968198644e-06 3.2374844968198644e-06 0.0
11 0.001414 -10 8.975741917548601e-06 8.975741917548601e-06 8.975741917548601e-06 8.975741917548601e-06 8.975741917548601e-06 0.0
11 0.002 -10 2.5360370870063604e-05 2.5360370870063604e-05 2.5360370870063604e-05 2.5360370870063604e-05 2.5360370870063604e-05 0.0
11 0.002828 -10 7.67418657651237e-05 7.67418657651237e-05 7.67418657651237e-05 7.67418657651237e-05 7.67418657651237e-05 0.0
11 0.004 -10 0.0002077615562171607 0.0002077615562171607 0.0002077615562171607 0.0002077615562171607 0.0002077615562171607 0.0
11 0.005656 -10 0.0006393698370885655 0.0006393698370885655 0.0006393698370885655 0.0006393698370885655 0.0006393698370885655 0.0
11 0.008 -10 0.0018401938828274947 0.0018401938828274947 0.0018401938828274947 0.0018401938828274947 0.0018401938828274947 0.0
