11 0.181 -10 1.0 1.0 1.0 1.0 1.0 0.0
11 0.128 -10 0.984251968503937 0.984251968503937 0.984251968503937 0.984251968503937 0.984251968503937 0.0
11 0.090496 -10 0.6784260515603799 0.6784260515603799 0.6784260515603799 0.6784260515603799 0.6784260515603799 0.0
11 0.064 -10 0.22983222247759136 0.22983222247759136 0.22983222247759136 0.22983222247759136 0.22983222247759136 0.0
11 0.045249 -10 0.05107513151846366 0.05107513151846366 0.05107513151846366 0.05107513151846366 0.05107513151846366 0.0
11 0.032 -10 0.010984906738141793 0.010984906738141793 0.010984906738141793 0.010984906738141793 0.010984906738141793 0.0
11 0.022624 -10 0.00250428232277194 0.00250428232277194 0.00250428232277194 0.00250428232277194 0.00250428232277194 0.0
11 0.016 -10 0.0005532558553833454 0.0005532558553833454 0.0005532558553833454 0.0005532558553833454 0.0005532558553833454 0.0
11 0.011312 -10 0.00013574636064007123 0.00013574636064007123 0.00013574636064007123 0.00013574636064007123 0.00013574636064007123 0.0
11 0.008 -10 3.0410407609243537e-05 3.0410407609243537e-05 3.0410407609243537e-05 3.0410407609243537e-05 3.0410407609243537e-05 0.0
