7 0.001 -10 0.00025413218939963813 0.00025413218939963813 0.00025413218939963813 0.00025413218939963813 0.00025413218939963813 0.0
7 0.001414 -10 0.0005536117631427433 0.0005536117631427433 0.0005536117631427433 0.0005536117631427433 0.0005536117631427433 0.0
7 0.002 -10 0.0009876640756945748 0.0009876640756945748 0.0009876640756945748 0.0009876640756945748 0.0009876640756945748 0.0
7 0.002828 -10 0.00196811651249754 0.00196811651249754 0.00196811651249754 0.00196811651249754 0.00196811651249754 0.0
7 0.004 -10 0.004701015419330576 0.004701015419330576 0.004701015419330576 0.004701015419330576 0.004701015419330576 0.0
7 0.005656 -10 0.00793713786808477 0.00793713786808477 0.00793713786808477 0.00793713786808477 0.00793713786808477 0.0
7 0.008 -10 0.02059308072487644 0.02059308072487644 0.02059308072487644 0.02059308072487644 0.02059308072487644 0.0
7 0.011312 -10 0.03802281368821293 0.03802281368821293 0.03802281368821293 0.03802281368821293 0.03802281368821293 0.0
7 0.016 -10 0.06101281269066504 0.06101281269066504 0.06101281269066504 0.06101281269066504 0.06101281269066504 0.0
7 0.022624 -10 0.14771048744460857 0.14771048744460857 0.14771048744460857 0.14771048744460857 0.14771048744460857 0.0
7 0.032 -10 0.21231422505307856 0.21231422505307856 0.21231422505307856 0.21231422505307856 0.21231422505307856 0.0
7 0.045249 -10 0.33222591362126247 0.33222591362126247 0.33222591362126247 0.33222591362126247 0.33222591362126247 0.0
7 0.064 -10 0.5102040816326531 0.5102040816326531 0.5102040816326531 0.5102040816326531 0.5102040816326531 0.0
7 0.090496 -10 0.7874015748031497 0.7874015748031497 0.7874015748031497 0.7874015748031497 0.7874015748031497 0.0
7 0.128 -10 0.970873786407767 0.970873786407767 0.970873786407767 0.970873786407767 0.970873786407767 0.0
7 0.181 -10 1.0 1.0 1.0 1.0 1.0 0.0
7 0.256 -10 1.0 1.0 1.0 1.0 1.0 0.0
7 0.362 -10 1.0 1.0 1.0 1.0 1.0 0.0
