3 0.001 -10 5.82682671017364e-05 5.82682671017364e-05 5.82682671017364e-05 5.82682671017364e-05 5.82682671017364e-05 0.0
3 0.001414 -10 0.0001161959761333465 0.0001161959761333465 0.0001161959761333465 0.0001161959761333465 0.0001161959761333465 0.0
3 0.002 -10 0.00023407308229775502 0.00023407308229775502 0.00023407308229775502 0.00023407308229775502 0.00023407308229775502 0.0
3 0.002828 -10 0.0004466858145985858 0.0004466858145985858 0.0004466858145985858 0.0004466858145985858 0.0004466858145985858 0.0
3 0.004 -10 0.0010884472211942443 0.0010884472211942443 0.0010884472211942443 0.0010884472211942443 0.0010884472211942443 0.0
3 0.005656 -10 0.0016573578401312627 0.0016573578401312627 0.0016573578401312627 0.0016573578401312627 0.0016573578401312627 0.0
3 0.008 -10 0.004393673110720563 0.004393673110720563 0.004393673110720563 0.004393673110720563 0.004393673110720563 0.0
3 0.011312 -10 0.007128091809822511 0.007128091809822511 0.007128091809822511 0.007128091809822511 0.007128091809822511 0.0
3 0.016 -10 0.014052838673412029 0.014052838673412029 0.014052838673412029 0.014052838673412029 0.014052838673412029 0.0
3 0.022624 -10 0.026609898882384245 0.026609898882384245 0.026609898882384245 0.026609898882384245 0.026609898882384245 0.0
3 0.032 -10 0.045998160073597055 0.045998160073597055 0.045998160073597055 0.045998160073597055 0.045998160073597055 0.0
3 0.045249 -10 0.08904719501335707 0.08904719501335707 0.08904719501335707 0.08904719501335707 0.08904719501335707 0.0
3 0.064 -10 0.21413276231263384 0.21413276231263384 0.21413276231263384 0.21413276231263384 0.21413276231263384 0.0
3 0.090496 -10 0.2994011976047904 0.2994011976047904 0.2994011976047904 0.2994011976047904 0.2994011976047904 0.0
3 0.128 -10 0.5181347150259067 0.5181347150259067 0.5181347150259067 0.5181347150259067 0.5181347150259067 0.0
3 0.181 -10 0.7751937984496124 0.7751937984496124 0.7751937984496124 0.7751937984496124 0.7751937984496124 0.0
3 0.256 -10 0.9900990099009901 0.9900990099009901 0.9900990099009901 0.9900990099009901 0.9900990099009901 0.0
3 0.362 -10 0.9900990099009901 0.9900990099009901 0.9900990099009901 0.9900990099009901 0.9900990099009901 0.0
