3 0.362 -10 0.7457121551081283 0.9992542878448919 0.7546607009694258 0.7457121551081283 0.7457121551081283 0.9977628635346756
3 0.256 -10 0.6816632583503749 0.9959100204498977 0.6918882072256305 0.6816632583503749 0.6816632583503749 0.9925017041581459
3 0.181 -10 0.5050505050505051 0.7565656565656566 0.5111111111111111 0.5050505050505051 0.5050505050505051 0.5994949494949495
3 0.128 -10 0.33288948069241014 0.4833555259653795 0.33921438082556593 0.33288948069241014 0.33288948069241014 0.30825565912117175
3 0.090496 -10 0.19316206297083252 0.28530036700791966 0.1947073594745992 0.19316206297083252 0.19316206297083252 0.17075526366621596
3 0.064 -10 0.1025010250102501 0.17158671586715868 0.1037310373103731 0.1025010250102501 0.1025010250102501 0.10096350963509636
3 0.045249 -10 0.04895721139723881 0.08293351610692255 0.049250954665622244 0.04895721139723881 0.04895721139723881 0.04533437775384314
3 0.032 -10 0.024433747892589244 0.043614239988271804 0.024482615388374422 0.024433747892589244 0.024433747892589244 0.02433601290101889
3 0.022624 -10 0.011614536754201559 0.022520586766396823 0.011672609437972567 0.011614536754201559 0.011614536754201559 0.012694688672342304
3 0.016 -10 0.005362792942564487 0.011331581487638763 0.005400332493162439 0.005362792942564487 0.005362792942564487 0.006628412077009707
3 0.011312 -10 0.0025895196958868067 0.006054297048983355 0.002602467294366241 0.0025895196958868067 0.0025895196958868067 0.003700423645422247
3 0.008 -10 0.0013052666202861927 0.0035594620735204478 0.0013117929533876236 0.0013052666202861927 0.0013052666202861927 0.0023690589158194397
3 0.005656 -10 0.0006102018425654838 0.0017500588844778075 0.0006126426499357458 0.0006102018425654838 0.0006102018425654838 0.0011758589506236873
3 0.004 -10 0.00030018473368510984 0.000869034804018393 0.00030078510315248 0.00030018473368510984 0.00030018473368510984 0.0005844596764849088
3 0.002828 -10 0.00014364086795281742 0.00044097746461514947 0.00014364086795281742 0.00014364086795281742 0.00014364086795281742 0.00030121490009705815
3 0.002 -10 7.407039250123197e-05 0.00022065569926117007 7.407039250123197e-05 7.407039250123197e-05 7.407039250123197e-05 0.00014843706657246888
3 0.001414 -10 3.8919932940955546e-05 0.00011944527419579256 3.899777280683745e-05 3.8919932940955546e-05 3.8919932940955546e-05 8.118698011483327e-05
3 0.001 -10 1.9009542391079933e-05 5.816919971670459e-05 1.9009542391079933e-05 1.9009542391079933e-05 1.9009542391079933e-05 3.944480046149086e-05
