7 0.001 -10 0.0001843919582979147 0.0001843919582979147 0.0001843919582979147 0.0001843919582979147 0.0001843919582979147 0.0
7 0.001414 -10 0.0003941088607495162 0.0003941088607495162 0.0003941088607495162 0.0003941088607495162 0.0003941088607495162 0.0
7 0.002 -10 0.0007557779222153362 0.0007557779222153362 0.0007557779222153362 0.0007557779222153362 0.0007557779222153362 0.0
7 0.002828 -10 0.0012872995031023918 0.0012872995031023918 0.0012872995031023918 0.0012872995031023918 0.0012872995031023918 0.0
7 0.004 -10 0.003413202266366305 0.003413202266366305 0.003413202266366305 0.003413202266366305 0.003413202266366305 0.0
7 0.005656 -10 0.006889424733034792 0.006889424733034792 0.006889424733034792 0.006889424733034792 0.006889424733034792 0.0
7 0.008 -10 0.011848341232227487 0.011848341232227487 0.011848341232227487 0.011848341232227487 0.011848341232227487 0.0
7 0.011312 -10 0.02385496183206107 0.02385496183206107 0.02385496183206107 0.02385496183206107 0.02385496183206107 0.0
7 0.016 -10 0.04636068613815485 0.04636068613815485 0.04636068613815485 0.04636068613815485 0.04636068613815485 0.0
7 0.022624 -10 0.08032128514056225 0.08032128514056225 0.08032128514056225 0.08032128514056225 0.08032128514056225 0.0
7 0.032 -10 0.16129032258064516 0.16129032258064516 0.16129032258064516 0.16129032258064516 0.16129032258064516 0.0
7 0.045249 -10 0.2518891687657431 0.2518891687657431 0.2518891687657431 0.2518891687657431 0.2518891687657431 0.0
7 0.064 -10 0.5025125628140703 0.5025125628140703 0.5025125628140703 0.5025125628140703 0.5025125628140703 0.0
7 0.090496 -10 0.7692307692307693 0.7692307692307693 0.7692307692307693 0.7692307692307693 0.7692307692307693 0.0
7 0.128 -10 0.9433962264150944 0.9433962264150944 0.9433962264150944 0.9433962264150944 0.9433962264150944 0.0
7 0.181 -10 1.0 1.0 1.0 1.0 1.0 0.0
7 0.256 -10 1.0 1.0 1.0 1.0 1.0 0.0
7 0.362 -10 1.0 1.0 1.0 1.0 1.0 0.0
