5 0.001 -10 0.00011378764948852451 0.00011378764948852451 0.00011378764948852451 0.00011378764948852451 0.00011378764948852451 0.0
5 0.001414 -10 0.0002256195512878364 0.0002256195512878364 0.0002256195512878364 0.0002256195512878364 0.0002256195512878364 0.0
5 0.002 -10 0.0004426228056974408 0.0004426228056974408 0.0004426228056974408 0.0004426228056974408 0.0004426228056974408 0.0
5 0.002828 -10 0.0006213765977145769 0.0006213765977145769 0.0006213765977145769 0.0006213765977145769 0.0006213765977145769 0.0
5 0.004 -10 0.001562231491462405 0.001562231491462405 0.001562231491462405 0.001562231491462405 0.001562231491462405 0.0
5 0.005656 -10 0.003186235462800701 0.003186235462800701 0.003186235462800701 0.003186235462800701 0.003186235462800701 0.0
5 0.008 -10 0.006990074094785405 0.006990074094785405 0.006990074094785405 0.006990074094785405 0.006990074094785405 0.0
5 0.011312 -10 0.014427932477276006 0.014427932477276006 0.014427932477276006 0.014427932477276006 0.014427932477276006 0.0
5 0.016 -10 0.0254000508001016 0.0254000508001016 0.0254000508001016 0.0254000508001016 0.0254000508001016 0.0
5 0.022624 -10 0.04083299305839118 0.04083299305839118 0.04083299305839118 0.04083299305839118 0.04083299305839118 0.0
5 0.032 -10 0.09363295880149813 0.09363295880149813 0.09363295880149813 0.09363295880149813 0.09363295880149813 0.0
5 0.045249 -10 0.15408320493066255 0.15408320493066255 0.15408320493066255 0.15408320493066255 0.15408320493066255 0.0
5 0.064 -10 0.2949852507374631 0.2949852507374631 0.2949852507374631 0.2949852507374631 0.2949852507374631 0.0
5 0.090496 -10 0.4784688995215311 0.4784688995215311 0.4784688995215311 0.4784688995215311 0.4784688995215311 0.0
5 0.128 -10 0.8064516129032258 0.8064516129032258 0.8064516129032258 0.8064516129032258 0.8064516129032258 0.0
5 0.181 -10 0.970873786407767 0.970873786407767 0.970873786407767 0.970873786407767 0.970873786407767 0.0
5 0.256 -10 1.0 1.0 1.0 1.0 1.0 0.0
5 0.362 -10 1.0 1.0 1.0 1.0 1.0 0.0
