3 0.181 -10 0.5837711617046117 0.5837711617046117 0.5837711617046117 0.5837711617046117 0.5837711617046117 0.0
3 0.128 -10 0.3671071953010279 0.3671071953010279 0.3671071953010279 0.3671071953010279 0.3671071953010279 0.0
3 0.090496 -10 0.21795989537925023 0.21795989537925023 0.21795989537925023 0.21795989537925023 0.21795989537925023 0.0
3 0.064 -10 0.11142061281337047 0.11142061281337047 0.11142061281337047 0.11142061281337047 0.11142061281337047 0.0
3 0.045249 -10 0.05205351100931758 0.05205351100931758 0.05205351100931758 0.05205351100931758 0.05205351100931758 0.0
3 0.032 -10 0.02504759042180142 0.02504759042180142 0.02504759042180142 0.02504759042180142 0.02504759042180142 0.0
3 0.022624 -10 0.01245407559623887 0.01245407559623887 0.01245407559623887 0.01245407559623887 0.01245407559623887 0.0
3 0.016 -10 0.0058538412906549275 0.0058538412906549275 0.0058538412906549275 0.0058538412906549275 0.0058538412906549275 0.0
3 0.011312 -10 0.002954052664850909 0.002954052664850909 0.002954052664850909 0.002954052664850909 0.002954052664850909 0.0
3 0.008 -10 0.0014604744497297391 0.0014604744497297391 0.0014604744497297391 0.0014604744497297391 0.0014604744497297391 0.0
3 0.005656 -10 0.0007293158725389236 0.0007293158725389236 0.0007293158725389236 0.0007293158725389236 0.0007293158725389236 0.0
3 0.004 -10 0.00036204848480898865 0.00036204848480898865 0.00036204848480898865 0.00036204848480898865 0.00036204848480898865 0.0
3 0.002828 -10 0.00019178989646989597 0.00019178989646989597 0.00019178989646989597 0.00019178989646989597 0.00019178989646989597 0.0
3 0.002 -10 0.00010711169146605808 0.00010711169146605808 0.00010711169146605808 0.00010711169146605808 0.00010711169146605808 0.0
3 0.001414 -10 5.7898723321571015e-05 5.7898723321571015e-05 5.7898723321571015e-05 5.7898723321571015e-05 5.7898723321571015e-05 0.0
3 0.001 -10 3.13736346704013e-05 3.13736346704013e-05 3.13736346704013e-05 3.13736346704013e-05 3.13736346704013e-05 0.0
