5 0.001 -10 0.00010121984078928803 0.00010121984078928803 0.00010121984078928803 0.00010121984078928803 0.00010121984078928803 0.0
5 0.001414 -10 0.00021086027407196702 0.00021086027407196702 0.00021086027407196702 0.00021086027407196702 0.00021086027407196702 0.0
5 0.002 -10 0.0004247424361866964 0.0004247424361866964 0.0004247424361866964 0.0004247424361866964 0.0004247424361866964 0.0
5 0.002828 -10 0.0007927366299021843 0.0007927366299021843 0.0007927366299021843 0.0007927366299021843 0.0007927366299021843 0.0
5 0.004 -10 0.001580895197714658 0.001580895197714658 0.001580895197714658 0.001580895197714658 0.001580895197714658 0.0
5 0.005656 -10 0.003141808676418841 0.003141808676418841 0.003141808676418841 0.003141808676418841 0.003141808676418841 0.0
5 0.008 -10 0.0064223600888854634 0.0064223600888854634 0.0064223600888854634 0.0064223600888854634 0.0064223600888854634 0.0
5 0.011312 -10 0.01249500199920032 0.01249500199920032 0.01249500199920032 0.01249500199920032 0.01249500199920032 0.0
5 0.016 -10 0.024821286735504367 0.024821286735504367 0.024821286735504367 0.024821286735504367 0.024821286735504367 0.0
5 0.022624 -10 0.04644034737379835 0.04644034737379835 0.04644034737379835 0.04644034737379835 0.04644034737379835 0.0
5 0.032 -10 0.08878629139660836 0.08878629139660836 0.08878629139660836 0.08878629139660836 0.08878629139660836 0.0
5 0.045249 -10 0.16742005692281936 0.16742005692281936 0.16742005692281936 0.16742005692281936 0.16742005692281936 0.0
5 0.064 -10 0.2981514609421586 0.2981514609421586 0.2981514609421586 0.2981514609421586 0.2981514609421586 0.0
5 0.090496 -10 0.5211047420531527 0.5211047420531527 0.5211047420531527 0.5211047420531527 0.5211047420531527 0.0
5 0.128 -10 0.8071025020177562 0.8071025020177562 0.8071025020177562 0.8071025020177562 0.8071025020177562 0.0
5 0.181 -10 0.9737098344693281 0.9737098344693281 0.9737098344693281 0.9737098344693281 0.9737098344693281 0.0
