3 0.001 -10 1.9369561235042307e-05 1.9609538099901237e-05 1.9369561235042307e-05 1.9369561235042307e-05 1.9369561235042307e-05 2.742592741244928e-07
3 0.001414 -10 3.839069338926189e-05 3.920607094797188e-05 3.839069338926189e-05 3.839069338926189e-05 3.839069338926189e-05 1.0192219483874838e-06
3 0.002 -10 7.830803094594784e-05 7.95554155096886e-05 7.830803094594784e-05 7.830803094594784e-05 7.830803094594784e-05 1.801777703181101e-06
3 0.002828 -10 0.00015798594484333177 0.00016204045139240844 0.00015798594484333177 0.00015798594484333177 0.00015798594484333177 6.011854538286076e-06
3 0.004 -10 0.0003261880823575835 0.0003345592809313622 0.0003261880823575835 0.0003261880823575835 0.0003261880823575835 1.183514281120436e-05
3 0.005656 -10 0.0006479372659111604 0.0006685795150906309 0.0006479372659111604 0.0006479372659111604 0.0006479372659111604 3.8417519306236944e-05
3 0.008 -10 0.0013311312731033736 0.0013853189178491747 0.0013311312731033736 0.0013311312731033736 0.0013311312731033736 9.423938216661052e-05
3 0.011312 -10 0.0028876106172076037 0.0030434904823842977 0.0028876106172076037 0.0028876106172076037 0.0028876106172076037 0.00026320698546228603
3 0.016 -10 0.005723750525521342 0.006194820259037701 0.005723750525521342 0.005723750525521342 0.005723750525521342 0.0008661604777558846
3 0.022624 -10 0.012039592145497938 0.013232896853724283 0.012039592145497938 0.012039592145497938 0.012039592145497938 0.0023013733658650928
3 0.032 -10 0.023765957894294067 0.02795129030222727 0.023765957894294067 0.023765957894294067 0.023765957894294067 0.007150819189433613
3 0.045249 -10 0.050019919436943915 0.06303395157363552 0.050019919436943915 0.050019919436943915 0.050019919436943915 0.020804745252534194
3 0.064 -10 0.10049804340092494 0.13874066168623267 0.10049804340092494 0.10049804340092494 0.10049804340092494 0.06465670579864817
3 0.090496 -10 0.19618055555555555 0.2791666666666667 0.19618055555555555 0.19618055555555555 0.19618055555555555 0.1484375
3 0.128 -10 0.33225521905321964 0.4872096442222876 0.33225521905321964 0.33225521905321964 0.33225521905321964 0.31226109967656573
3 0.181 -10 0.4969217238346526 0.7568161829375549 0.4969217238346526 0.4969217238346526 0.4969217238346526 0.613896218117854
