5 0.181 -10 0.8583690987124464 0.8583690987124464 0.8583690987124464 0.8583690987124464 0.8583690987124464 0.0
5 0.128 -10 0.5238344683080147 0.5238344683080147 0.5238344683080147 0.5238344683080147 0.5238344683080147 0.0
5 0.090496 -10 0.24324981756263683 0.24324981756263683 0.24324981756263683 0.24324981756263683 0.24324981756263683 0.0
5 0.064 -10 0.0924898261191269 0.0924898261191269 0.0924898261191269 0.0924898261191269 0.0924898261191269 0.0
5 0.045249 -10 0.03006253006253006 0.03006253006253006 0.03006253006253006 0.03006253006253006 0.03006253006253006 0.0
5 0.032 -10 0.008799873281824742 0.008799873281824742 0.008799873281824742 0.008799873281824742 0.008799873281824742 0.0
5 0.022624 -10 0.002500700196054895 0.002500700196054895 0.002500700196054895 0.002500700196054895 0.002500700196054895 0.0
5 0.016 -10 0.0007603944013681016 0.0007603944013681016 0.0007603944013681016 0.0007603944013681016 0.0007603944013681016 0.0
5 0.011312 -10 0.00023506624166690174 0.00023506624166690174 0.00023506624166690174 0.00023506624166690174 0.00023506624166690174 0.0
5 0.008 -10 7.538842377582016e-05 7.538842377582016e-05 7.538842377582016e-05 7.538842377582016e-05 7.538842377582016e-05 0.0
5 0.005656 -10 2.3547806757278627e-05 2.3547806757278627e-05 2.3547806757278627e-05 2.3547806757278627e-05 2.3547806757278627e-05 0.0
5 0.004 -10 7.5896095331081685e-06 7.5896095331081685e-06 7.5896095331081685e-06 7.5896095331081685e-06 7.5896095331081685e-06 0.0
5 0.002828 -10 2.6584330882214606e-06 2.6584330882214606e-06 2.6584330882214606e-06 2.6584330882214606e-06 2.6584330882214606e-06 0.0
5 0.002 -10 8.714576376655857e-07 8.714576376655857e-07 8.714576376655857e-07 8.714576376655857e-07 8.714576376655857e-07 0.0
5 0.001414 -10 2.7559638052196145e-07 2.7559638052196145e-07 2.7559638052196145e-07 2.7559638052196145e-07 2.7559638052196145e-07 0.0
5 0.001 -10 8.645778561227413e-08 8.645778561227413e-08 8.645778561227413e-08 8.645778561227413e-08 8.645778561227413e-08 0.0
