3 0.001 -10 7.384608658941036e-05 7.384608658941036e-05 7.384608658941036e-05 7.384608658941036e-05 7.384608658941036e-05 0.0
3 0.001414 -10 0.0001442595517855726 0.0001442595517855726 0.0001442595517855726 0.0001442595517855726 0.0001442595517855726 0.0
3 0.002 -10 0.0003038892044271795 0.0003038892044271795 0.0003038892044271795 0.0003038892044271795 0.0003038892044271795 0.0
3 0.002828 -10 0.0005508512855767303 0.0005508512855767303 0.0005508512855767303 0.0005508512855767303 0.0005508512855767303 0.0
3 0.004 -10 0.0011709972095136497 0.0011709972095136497 0.0011709972095136497 0.0011709972095136497 0.0011709972095136497 0.0
3 0.005656 -10 0.002248009387687203 0.002248009387687203 0.002248009387687203 0.002248009387687203 0.002248009387687203 0.0
3 0.008 -10 0.004304481826477729 0.004304481826477729 0.004304481826477729 0.004304481826477729 0.004304481826477729 0.0
3 0.011312 -10 0.008634460130380347 0.008634460130380347 0.008634460130380347 0.008634460130380347 0.008634460130380347 0.0
3 0.016 -10 0.016451156516303096 0.016451156516303096 0.016451156516303096 0.016451156516303096 0.016451156516303096 0.0
3 0.022624 -10 0.03203177552131715 0.03203177552131715 0.03203177552131715 0.03203177552131715 0.03203177552131715 0.0
3 0.032 -10 0.06377144314775843 0.06377144314775843 0.06377144314775843 0.06377144314775843 0.06377144314775843 0.0
3 0.045249 -10 0.10895619960775768 0.10895619960775768 0.10895619960775768 0.10895619960775768 0.10895619960775768 0.0
3 0.064 -10 0.2047082906857728 0.2047082906857728 0.2047082906857728 0.2047082906857728 0.2047082906857728 0.0
3 0.090496 -10 0.3194888178913738 0.3194888178913738 0.3194888178913738 0.3194888178913738 0.3194888178913738 0.0
3 0.128 -10 0.514668039114771 0.514668039114771 0.514668039114771 0.514668039114771 0.514668039114771 0.0
3 0.181 -10 0.757002271006813 0.757002271006813 0.757002271006813 0.757002271006813 0.757002271006813 0.0
