3 0.181 -10 0.6097560975609756 0.6097560975609756 0.6097560975609756 0.6097560975609756 0.6097560975609756 0.0
3 0.128 -10 0.3756574004507889 0.3756574004507889 0.3756574004507889 0.3756574004507889 0.3756574004507889 0.0
3 0.090496 -10 0.19984012789768185 0.19984012789768185 0.19984012789768185 0.19984012789768185 0.19984012789768185 0.0
3 0.064 -10 0.1080613788631943 0.1080613788631943 0.1080613788631943 0.1080613788631943 0.1080613788631943 0.0
3 0.045249 -10 0.05381552039608223 0.05381552039608223 0.05381552039608223 0.05381552039608223 0.05381552039608223 0.0
3 0.032 -10 0.027289597205545246 0.027289597205545246 0.027289597205545246 0.027289597205545246 0.027289597205545246 0.0
3 0.022624 -10 0.012383594214384784 0.012383594214384784 0.012383594214384784 0.012383594214384784 0.012383594214384784 0.0
3 0.016 -10 0.005882872018119246 0.005882872018119246 0.005882872018119246 0.005882872018119246 0.005882872018119246 0.0
3 0.011312 -10 0.0028327729164247008 0.0028327729164247008 0.0028327729164247008 0.0028327729164247008 0.0028327729164247008 0.0
3 0.008 -10 0.0014862020997063264 0.0014862020997063264 0.0014862020997063264 0.0014862020997063264 0.0014862020997063264 0.0
3 0.005656 -10 0.0007255140811400438 0.0007255140811400438 0.0007255140811400438 0.0007255140811400438 0.0007255140811400438 0.0
3 0.004 -10 0.00038535422723953423 0.00038535422723953423 0.00038535422723953423 0.00038535422723953423 0.00038535422723953423 0.0
3 0.002828 -10 0.00020396420754500318 0.00020396420754500318 0.00020396420754500318 0.00020396420754500318 0.00020396420754500318 0.0
3 0.002 -10 0.00010327738384341 0.00010327738384341 0.00010327738384341 0.00010327738384341 0.00010327738384341 0.0
3 0.001414 -10 5.984920036381132e-05 5.984920036381132e-05 5.984920036381132e-05 5.984920036381132e-05 5.984920036381132e-05 0.0
3 0.001 -10 3.3914455263306404e-05 3.3914455263306404e-05 3.3914455263306404e-05 3.3914455263306404e-05 3.3914455263306404e-05 0.0
