3 0.181 -10 0.7633587786259542 0.7633587786259542 0.7633587786259542 0.7633587786259542 0.7633587786259542 0.0
3 0.128 -10 0.4873294346978557 0.4873294346978557 0.4873294346978557 0.4873294346978557 0.4873294346978557 0.0
3 0.090496 -10 0.2707092582566324 0.2707092582566324 0.2707092582566324 0.2707092582566324 0.2707092582566324 0.0
3 0.064 -10 0.12913223140495866 0.12913223140495866 0.12913223140495866 0.12913223140495866 0.12913223140495866 0.0
3 0.045249 -10 0.06136098668466589 0.06136098668466589 0.06136098668466589 0.06136098668466589 0.06136098668466589 0.0
3 0.032 -10 0.028400215841640396 0.028400215841640396 0.028400215841640396 0.028400215841640396 0.028400215841640396 0.0
3 0.022624 -10 0.01313076933177515 0.01313076933177515 0.01313076933177515 0.01313076933177515 0.01313076933177515 0.0
3 0.016 -10 0.006468932949509979 0.006468932949509979 0.006468932949509979 0.006468932949509979 0.006468932949509979 0.0
3 0.011312 -10 0.0031199106457591055 0.0031199106457591055 0.0031199106457591055 0.0031199106457591055 0.0031199106457591055 0.0
3 0.008 -10 0.0015006723011909335 0.0015006723011909335 0.0015006723011909335 0.0015006723011909335 0.0015006723011909335 0.0
3 0.005656 -10 0.0007192992299182444 0.0007192992299182444 0.0007192992299182444 0.0007192992299182444 0.0007192992299182444 0.0
3 0.004 -10 0.00038957770555872847 0.00038957770555872847 0.00038957770555872847 0.00038957770555872847 0.00038957770555872847 0.0
3 0.002828 -10 0.00020361402680741555 0.00020361402680741555 0.00020361402680741555 0.00020361402680741555 0.00020361402680741555 0.0
3 0.002 -10 0.00010549335550100377 0.00010549335550100377 0.00010549335550100377 0.00010549335550100377 0.00010549335550100377 0.0
3 0.001414 -10 6.144642802389701e-05 6.144642802389701e-05 6.144642802389701e-05 6.144642802389701e-05 6.144642802389701e-05 0.0
3 0.001 -10 3.2005335929606184e-05 3.2005335929606184e-05 3.2005335929606184e-05 3.2005335929606184e-05 3.2005335929606184e-05 0.0
