5 0.128 -10 0.5401026194977046 0.5401026194977046 0.5401026194977046 0.5401026194977046 0.5401026194977046 0.0
5 0.128 -10 0.5401026194977046 0.5401026194977046 0.5401026194977046 0.5401026194977046 0.5401026194977046 0.0
5 0.090496 -10 0.2527805864509606 0.2527805864509606 0.2527805864509606 0.2527805864509606 0.2527805864509606 0.0
5 0.090496 -10 0.2527805864509606 0.2527805864509606 0.2527805864509606 0.2527805864509606 0.2527805864509606 0.0
5 0.064 -10 0.0879855703664599 0.0879855703664599 0.0879855703664599 0.0879855703664599 0.0879855703664599 0.0
5 0.064 -10 0.0879855703664599 0.0879855703664599 0.0879855703664599 0.0879855703664599 0.0879855703664599 0.0
5 0.045249 -10 0.029117591392839984 0.029117591392839984 0.029117591392839984 0.029117591392839984 0.029117591392839984 0.0
5 0.045249 -10 0.029117591392839984 0.029117591392839984 0.029117591392839984 0.029117591392839984 0.029117591392839984 0.0
5 0.032 -10 0.009257802012646157 0.009257802012646157 0.009257802012646157 0.009257802012646157 0.009257802012646157 0.0
5 0.032 -10 0.009257802012646157 0.009257802012646157 0.009257802012646157 0.009257802012646157 0.009257802012646157 0.0
5 0.022624 -10 0.002742562513284287 0.002742562513284287 0.002742562513284287 0.002742562513284287 0.002742562513284287 0.0
5 0.022624 -10 0.002742562513284287 0.002742562513284287 0.002742562513284287 0.002742562513284287 0.002742562513284287 0.0
5 0.016 -10 0.0008187208714464956 0.0008187208714464956 0.0008187208714464956 0.0008187208714464956 0.0008187208714464956 0.0
5 0.016 -10 0.0008187208714464956 0.0008187208714464956 0.0008187208714464956 0.0008187208714464956 0.0008187208714464956 0.0
5 0.01132 -10 0.00026237670262801755 0.00026237670262801755 0.00026237670262801755 0.00026237670262801755 0.00026237670262801755 0.0
5 0.01132 -10 0.00026237670262801755 0.00026237670262801755 0.00026237670262801755 0.00026237670262801755 0.00026237670262801755 0.0
5 0.008 -10 8.276893541146818e-05 8.276893541146818e-05 8.276893541146818e-05 8.276893541146818e-05 8.276893541146818e-05 0.0
5 0.008 -10 8.276893541146818e-05 8.276893541146818e-05 8.276893541146818e-05 8.276893541146818e-05 8.276893541146818e-05 0.0
5 0.005656 -10 2.7872496650875645e-05 2.7872496650875645e-05 2.7872496650875645e-05 2.7872496650875645e-05 2.7872496650875645e-05 0.0
5 0.005656 -10 2.7872496650875645e-05 2.7872496650875645e-05 2.7872496650875645e-05 2.7872496650875645e-05 2.7872496650875645e-05 0.0
5 0.004 -10 9.319701796942422e-06 9.319701796942422e-06 9.319701796942422e-06 9.319701796942422e-06 9.319701796942422e-06 0.0
5 0.004 -10 9.319701796942422e-06 9.319701796942422e-06 9.319701796942422e-06 9.319701796942422e-06 9.319701796942422e-06 0.0
5 0.002829 -10 3.190236554110394e-06 3.190236554110394e-06 3.190236554110394e-06 3.190236554110394e-06 3.190236554110394e-06 0.0
5 0.002829 -10 3.190236554110394e-06 3.190236554110394e-06 3.190236554110394e-06 3.190236554110394e-06 3.190236554110394e-06 0.0
5 0.002 -10 1.2316957547620934e-06 1.2316957547620934e-06 1.2316957547620934e-06 1.2316957547620934e-06 1.2316957547620934e-06 0.0
5 0.002 -10 1.2316957547620934e-06 1.2316957547620934e-06 1.2316957547620934e-06 1.2316957547620934e-06 1.2316957547620934e-06 0.0
5 0.001414 -10 4.5499354418305035e-07 4.5499354418305035e-07 4.5499354418305035e-07 4.5499354418305035e-07 4.5499354418305035e-07 0.0
5 0.001414 -10 4.5499354418305035e-07 4.5499354418305035e-07 4.5499354418305035e-07 4.5499354418305035e-07 4.5499354418305035e-07 0.0
5 0.001 -10 1.7492116910103725e-07 1.7492116910103725e-07 1.7492116910103725e-07 1.7492116910103725e-07 1.7492116910103725e-07 0.0
5 0.001 -10 1.7492116910103725e-07 1.7492116910103725e-07 1.7492116910103725e-07 1.7492116910103725e-07 1.7492116910103725e-07 0.0
