5 0.181 -10 0.9149130832570905 0.9149130832570905 0.9149130832570905 0.9149130832570905 0.9149130832570905 0.0
5 0.128 -10 0.6435006435006435 0.6435006435006435 0.6435006435006435 0.6435006435006435 0.6435006435006435 0.0
5 0.090496 -10 0.2909514111143439 0.2909514111143439 0.2909514111143439 0.2909514111143439 0.2909514111143439 0.0
5 0.064 -10 0.11059500110595001 0.11059500110595001 0.11059500110595001 0.11059500110595001 0.11059500110595001 0.0
5 0.045249 -10 0.037758646730101195 0.037758646730101195 0.037758646730101195 0.037758646730101195 0.037758646730101195 0.0
5 0.032 -10 0.011459216647949947 0.011459216647949947 0.011459216647949947 0.011459216647949947 0.011459216647949947 0.0
5 0.022624 -10 0.003335835209740639 0.003335835209740639 0.003335835209740639 0.003335835209740639 0.003335835209740639 0.0
5 0.016 -10 0.0009158733676846904 0.0009158733676846904 0.0009158733676846904 0.0009158733676846904 0.0009158733676846904 0.0
5 0.011312 -10 0.0002655835108759104 0.0002655835108759104 0.0002655835108759104 0.0002655835108759104 0.0002655835108759104 0.0
5 0.008 -10 8.343403821746182e-05 8.343403821746182e-05 8.343403821746182e-05 8.343403821746182e-05 8.343403821746182e-05 0.0
5 0.005656 -10 2.846299189137748e-05 2.846299189137748e-05 2.846299189137748e-05 2.846299189137748e-05 2.846299189137748e-05 0.0
5 0.004 -10 1.1014393719857047e-05 1.1014393719857047e-05 1.1014393719857047e-05 1.1014393719857047e-05 1.1014393719857047e-05 0.0
5 0.002828 -10 4.092088105193999e-06 4.092088105193999e-06 4.092088105193999e-06 4.092088105193999e-06 4.092088105193999e-06 0.0
5 0.002 -10 1.7152172370056424e-06 1.7152172370056424e-06 1.7152172370056424e-06 1.7152172370056424e-06 1.7152172370056424e-06 0.0
5 0.001414 -10 7.446033707263839e-07 7.446033707263839e-07 7.446033707263839e-07 7.446033707263839e-07 7.446033707263839e-07 0.0
5 0.001 -10 3.474104137195624e-07 3.474104137195624e-07 3.474104137195624e-07 3.474104137195624e-07 3.474104137195624e-07 0.0
