5 0.001 -10 1.1100318506095135e-07 9.93122903171691e-05 1.1100318506095135e-07 1.1100318506095135e-07 1.1100318506095135e-07 9.920246592699375e-05
5 0.001414 -10 3.2820411851312234e-07 0.00019788791401932263 3.2820411851312234e-07 3.2820411851312234e-07 3.2820411851312234e-07 0.0001975637761465256
5 0.002 -10 9.327897689438881e-07 0.00039427042386846236 9.327897689438881e-07 9.327897689438881e-07 9.327897689438881e-07 0.0003933508417422646
5 0.002828 -10 2.8863223574259054e-06 0.0007808600311893439 2.8863223574259054e-06 2.8863223574259054e-06 2.8863223574259054e-06 0.0007780477825915334
5 0.004 -10 7.994806913031713e-06 0.0015445117949933406 7.994806913031713e-06 7.994806913031713e-06 7.994806913031713e-06 0.0015368141401956605
5 0.005656 -10 2.4775874805443606e-05 0.0030612676249653467 2.4775874805443606e-05 2.4775874805443606e-05 2.4775874805443606e-05 0.003037785357782488
5 0.008 -10 6.71432809689025e-05 0.006035883864940756 6.71432809689025e-05 6.71432809689025e-05 6.71432809689025e-05 0.005974266535414426
5 0.011312 -10 0.00020527890136185292 0.011858035651676946 0.00020527890136185292 0.00020527890136185292 0.00020527890136185292 0.011680006162000297
5 0.016 -10 0.000683155501306157 0.023056800450278067 0.000683155501306157 0.000683155501306157 0.000683155501306157 0.02249516198946973
5 0.022624 -10 0.0022132516976423973 0.04416710246180182 0.0022132516976423973 0.0022132516976423973 0.0022132516976423973 0.0424748462965248
5 0.032 -10 0.0067654542733123785 0.08508307139649753 0.0067654542733123785 0.0067654542733123785 0.0067654542733123785 0.08056877712917228
5 0.045249 -10 0.023325902072496078 0.16427214928577327 0.023325902072496078 0.023325902072496078 0.023325902072496078 0.15141193955907853
5 0.064 -10 0.06777424578660109 0.3114616445750615 0.06777424578660109 0.06777424578660109 0.06777424578660109 0.28255263000059977
5 0.090496 -10 0.1800223036482396 0.5348096224310976 0.1800223036482396 0.1800223036482396 0.1800223036482396 0.48972439063246775
5 0.128 -10 0.38685381718589523 0.8086271824717562 0.38685381718589523 0.38685381718589523 0.38685381718589523 0.7678877096884629
5 0.181 -10 0.6114718614718615 0.9729437229437229 0.6114718614718615 0.6114718614718615 0.6114718614718615 0.9621212121212122
