5 0.128 -10 0.7220216606498195 0.7220216606498195 0.7220216606498195 0.7220216606498195 0.7220216606498195 0.0
5 0.090496 -10 0.3862495171881035 0.3862495171881035 0.3862495171881035 0.3862495171881035 0.3862495171881035 0.0
5 0.064 -10 0.16139444803098774 0.16139444803098774 0.16139444803098774 0.16139444803098774 0.16139444803098774 0.0
5 0.045249 -10 0.050653429237159354 0.050653429237159354 0.050653429237159354 0.050653429237159354 0.050653429237159354 0.0
5 0.032 -10 0.016158743496105743 0.016158743496105743 0.016158743496105743 0.016158743496105743 0.016158743496105743 0.0
5 0.022624 -10 0.004543451296473828 0.004543451296473828 0.004543451296473828 0.004543451296473828 0.004543451296473828 0.0
5 0.016 -10 0.001364215535140828 0.001364215535140828 0.001364215535140828 0.001364215535140828 0.001364215535140828 0.0
5 0.01132 -10 0.00041460744966665563 0.00041460744966665563 0.00041460744966665563 0.00041460744966665563 0.00041460744966665563 0.0
5 0.008 -10 0.00012398424358638806 0.00012398424358638806 0.00012398424358638806 0.00012398424358638806 0.00012398424358638806 0.0
5 0.005656 -10 3.9978788853785736e-05 3.9978788853785736e-05 3.9978788853785736e-05 3.9978788853785736e-05 3.9978788853785736e-05 0.0
5 0.004 -10 1.3312291924717126e-05 1.3312291924717126e-05 1.3312291924717126e-05 1.3312291924717126e-05 1.3312291924717126e-05 0.0
5 0.002829 -10 4.459569063011495e-06 4.459569063011495e-06 4.459569063011495e-06 4.459569063011495e-06 4.459569063011495e-06 0.0
5 0.002 -10 1.612354237392619e-06 1.612354237392619e-06 1.612354237392619e-06 1.612354237392619e-06 1.612354237392619e-06 0.0
5 0.001414 -10 5.904617398642227e-07 5.904617398642227e-07 5.904617398642227e-07 5.904617398642227e-07 5.904617398642227e-07 0.0
5 0.001 -10 2.451230911560776e-07 2.451230911560776e-07 2.451230911560776e-07 2.451230911560776e-07 2.451230911560776e-07 0.0
