5 0.362 -10 1.0 1.0 1.0 1.0 1.0 0.0 nan 0.0
5 0.256 -10 1.0 1.0 1.0 1.0 1.0 0.0 nan 0.0
5 0.181 -10 1.0 1.0 1.0 1.0 1.0 0.0 nan 0.0
5 0.128 -10 1.0 1.0 1.0 1.0 1.0 0.0 nan 0.0
5 0.090496 -10 0.9930486593843099 0.9930486593843099 0.9930486593843099 0.9930486593843099 0.9930486593843099 0.0 nan 0.0
5 0.064 -10 0.9578544061302682 0.9578544061302682 0.9578544061302682 0.9578544061302682 0.9578544061302682 0.0 nan 0.0
5 0.045249 -10 0.8944543828264758 0.8944543828264758 0.8944543828264758 0.8944543828264758 0.8944543828264758 0.0 nan 0.0
5 0.032 -10 0.7880220646178093 0.7880220646178093 0.7880220646178093 0.7880220646178093 0.7880220646178093 0.0 nan 0.0
5 0.022624 -10 0.6775067750677507 0.6775067750677507 0.6775067750677507 0.6775067750677507 0.6775067750677507 0.0 nan 0.0
5 0.016 -10 0.5296610169491526 0.5296610169491526 0.5296610169491526 0.5296610169491526 0.5296610169491526 0.0 nan 0.0
5 0.011312 -10 0.4185851820845542 0.4185851820845542 0.4185851820845542 0.4185851820845542 0.4185851820845542 0.0 nan 0.0
5 0.008 -10 0.3386386725364037 0.3386386725364037 0.3386386725364037 0.3386386725364037 0.3386386725364037 0.0 nan 0.0
5 0.005656 -10 0.23668639053254437 0.23668639053254437 0.23668639053254437 0.23668639053254437 0.23668639053254437 0.0 nan 0.0
5 0.004 -10 0.17562346329469616 0.17562346329469616 0.17562346329469616 0.17562346329469616 0.17562346329469616 0.0 nan 0.0
