5 0.181 -10 0.8952551477170994 0.8952551477170994 0.8952551477170994 0.8952551477170994 0.8952551477170994 0.0
5 0.128 -10 0.5938242280285035 0.5938242280285035 0.5938242280285035 0.5938242280285035 0.5938242280285035 0.0
5 0.090496 -10 0.2602811035918792 0.2602811035918792 0.2602811035918792 0.2602811035918792 0.2602811035918792 0.0
5 0.064 -10 0.10156408693885842 0.10156408693885842 0.10156408693885842 0.10156408693885842 0.10156408693885842 0.0
5 0.045249 -10 0.03218124477054773 0.03218124477054773 0.03218124477054773 0.03218124477054773 0.03218124477054773 0.0
5 0.032 -10 0.009765148186123724 0.009765148186123724 0.009765148186123724 0.009765148186123724 0.009765148186123724 0.0
5 0.022624 -10 0.002693073146559734 0.002693073146559734 0.002693073146559734 0.002693073146559734 0.002693073146559734 0.0
5 0.016 -10 0.000875969698456191 0.000875969698456191 0.000875969698456191 0.000875969698456191 0.000875969698456191 0.0
5 0.011312 -10 0.00025624304139990696 0.00025624304139990696 0.00025624304139990696 0.00025624304139990696 0.00025624304139990696 0.0
5 0.008 -10 8.194246246113366e-05 8.194246246113366e-05 8.194246246113366e-05 8.194246246113366e-05 8.194246246113366e-05 0.0
5 0.005656 -10 2.5768136555044424e-05 2.5768136555044424e-05 2.5768136555044424e-05 2.5768136555044424e-05 2.5768136555044424e-05 0.0
5 0.004 -10 7.731862831990532e-06 7.731862831990532e-06 7.731862831990532e-06 7.731862831990532e-06 7.731862831990532e-06 0.0
5 0.002828 -10 2.5398476313911817e-06 2.5398476313911817e-06 2.5398476313911817e-06 2.5398476313911817e-06 2.5398476313911817e-06 0.0
5 0.002 -10 9.015623918477303e-07 9.015623918477303e-07 9.015623918477303e-07 9.015623918477303e-07 9.015623918477303e-07 0.0
5 0.001414 -10 3.050957614882228e-07 3.050957614882228e-07 3.050957614882228e-07 3.050957614882228e-07 3.050957614882228e-07 0.0
5 0.001 -10 1.0035074390303995e-07 1.0035074390303995e-07 1.0035074390303995e-07 1.0035074390303995e-07 1.0035074390303995e-07 0.0
