5 0.001 -10 0.0001571766052053748 0.0001571766052053748 0.0001571766052053748 0.0001571766052053748 0.0001571766052053748 0.0
5 0.001414 -10 0.0003044492209144437 0.0003044492209144437 0.0003044492209144437 0.0003044492209144437 0.0003044492209144437 0.0
5 0.002 -10 0.0005569882531177417 0.0005569882531177417 0.0005569882531177417 0.0005569882531177417 0.0005569882531177417 0.0
5 0.002828 -10 0.0010267362109326872 0.0010267362109326872 0.0010267362109326872 0.0010267362109326872 0.0010267362109326872 0.0
5 0.004 -10 0.002824539600045193 0.002824539600045193 0.002824539600045193 0.002824539600045193 0.002824539600045193 0.0
5 0.005656 -10 0.004314249967643125 0.004314249967643125 0.004314249967643125 0.004314249967643125 0.004314249967643125 0.0
5 0.008 -10 0.011054609772275039 0.011054609772275039 0.011054609772275039 0.011054609772275039 0.011054609772275039 0.0
5 0.011312 -10 0.014011489421325487 0.014011489421325487 0.014011489421325487 0.014011489421325487 0.014011489421325487 0.0
5 0.016 -10 0.03211303789338472 0.03211303789338472 0.03211303789338472 0.03211303789338472 0.03211303789338472 0.0
5 0.022624 -10 0.07342143906020558 0.07342143906020558 0.07342143906020558 0.07342143906020558 0.07342143906020558 0.0
5 0.032 -10 0.10101010101010101 0.10101010101010101 0.10101010101010101 0.10101010101010101 0.10101010101010101 0.0
5 0.045249 -10 0.18832391713747645 0.18832391713747645 0.18832391713747645 0.18832391713747645 0.18832391713747645 0.0
5 0.064 -10 0.28328611898017 0.28328611898017 0.28328611898017 0.28328611898017 0.28328611898017 0.0
5 0.090496 -10 0.5714285714285714 0.5714285714285714 0.5714285714285714 0.5714285714285714 0.5714285714285714 0.0
5 0.128 -10 0.8403361344537815 0.8403361344537815 0.8403361344537815 0.8403361344537815 0.8403361344537815 0.0
5 0.181 -10 0.9803921568627451 0.9803921568627451 0.9803921568627451 0.9803921568627451 0.9803921568627451 0.0
5 0.256 -10 1.0 1.0 1.0 1.0 1.0 0.0
5 0.362 -10 1.0 1.0 1.0 1.0 1.0 0.0
