5 0.181 -10 0.9652509652509652 0.9652509652509652 0.9652509652509652 0.9652509652509652 0.9652509652509652 0.0
5 0.128 -10 0.7178750897343862 0.7178750897343862 0.7178750897343862 0.7178750897343862 0.7178750897343862 0.0
5 0.090496 -10 0.40192926045016075 0.40192926045016075 0.40192926045016075 0.40192926045016075 0.40192926045016075 0.0
5 0.064 -10 0.16144656118824668 0.16144656118824668 0.16144656118824668 0.16144656118824668 0.16144656118824668 0.0
5 0.045249 -10 0.05181078700585462 0.05181078700585462 0.05181078700585462 0.05181078700585462 0.05181078700585462 0.0
5 0.032 -10 0.017011431682090364 0.017011431682090364 0.017011431682090364 0.017011431682090364 0.017011431682090364 0.0
5 0.022624 -10 0.005450720040117299 0.005450720040117299 0.005450720040117299 0.005450720040117299 0.005450720040117299 0.0
5 0.016 -10 0.0017711403309907052 0.0017711403309907052 0.0017711403309907052 0.0017711403309907052 0.0017711403309907052 0.0
5 0.011312 -10 0.0006525068333778126 0.0006525068333778126 0.0006525068333778126 0.0006525068333778126 0.0006525068333778126 0.0
5 0.008 -10 0.00028913600379346435 0.00028913600379346435 0.00028913600379346435 0.00028913600379346435 0.00028913600379346435 0.0
5 0.005656 -10 0.0001314809594533758 0.0001314809594533758 0.0001314809594533758 0.0001314809594533758 0.0001314809594533758 0.0
5 0.004 -10 6.72545928665878e-05 6.72545928665878e-05 6.72545928665878e-05 6.72545928665878e-05 6.72545928665878e-05 0.0
5 0.002828 -10 3.695240781150252e-05 3.695240781150252e-05 3.695240781150252e-05 3.695240781150252e-05 3.695240781150252e-05 0.0
5 0.002 -10 1.8262316480612014e-05 1.8262316480612014e-05 1.8262316480612014e-05 1.8262316480612014e-05 1.8262316480612014e-05 0.0
5 0.001414 -10 9.098126634768452e-06 9.098126634768452e-06 9.098126634768452e-06 9.098126634768452e-06 9.098126634768452e-06 0.0
5 0.001 -10 5.218940422011351e-06 5.218940422011351e-06 5.218940422011351e-06 5.218940422011351e-06 5.218940422011351e-06 0.0
