7 0.181 -10 0.9891196834817013 0.9891196834817013 0.9891196834817013 0.9891196834817013 0.9891196834817013 0.0
7 0.128 -10 0.7800312012480499 0.7800312012480499 0.7800312012480499 0.7800312012480499 0.7800312012480499 0.0
7 0.090496 -10 0.37174721189591076 0.37174721189591076 0.37174721189591076 0.37174721189591076 0.37174721189591076 0.0
7 0.064 -10 0.11461318051575932 0.11461318051575932 0.11461318051575932 0.11461318051575932 0.11461318051575932 0.0
7 0.045249 -10 0.028239015023155994 0.028239015023155994 0.028239015023155994 0.028239015023155994 0.028239015023155994 0.0
7 0.032 -10 0.006651633973885685 0.006651633973885685 0.006651633973885685 0.006651633973885685 0.006651633973885685 0.0
7 0.022624 -10 0.0015595247192465623 0.0015595247192465623 0.0015595247192465623 0.0015595247192465623 0.0015595247192465623 0.0
7 0.016 -10 0.00035060372207923435 0.00035060372207923435 0.00035060372207923435 0.00035060372207923435 0.00035060372207923435 0.0
7 0.011312 -10 7.925899183354977e-05 7.925899183354977e-05 7.925899183354977e-05 7.925899183354977e-05 7.925899183354977e-05 0.0
7 0.008 -10 1.8531413637015267e-05 1.8531413637015267e-05 1.8531413637015267e-05 1.8531413637015267e-05 1.8531413637015267e-05 0.0
