3 0.001 -10 5.997097524739976e-05 5.997097524739976e-05 5.997097524739976e-05 5.997097524739976e-05 5.997097524739976e-05 0.0
3 0.001414 -10 0.00012068109513749319 0.00012068109513749319 0.00012068109513749319 0.00012068109513749319 0.00012068109513749319 0.0
3 0.002 -10 0.00024124352351605682 0.00024124352351605682 0.00024124352351605682 0.00024124352351605682 0.00024124352351605682 0.0
3 0.002828 -10 0.0004769097014402196 0.0004769097014402196 0.0004769097014402196 0.0004769097014402196 0.0004769097014402196 0.0
3 0.004 -10 0.0009628633244396857 0.0009628633244396857 0.0009628633244396857 0.0009628633244396857 0.0009628633244396857 0.0
3 0.005656 -10 0.0018606001179620475 0.0018606001179620475 0.0018606001179620475 0.0018606001179620475 0.0018606001179620475 0.0
3 0.008 -10 0.0037059409940074935 0.0037059409940074935 0.0037059409940074935 0.0037059409940074935 0.0037059409940074935 0.0
3 0.011312 -10 0.006958167497007988 0.006958167497007988 0.006958167497007988 0.006958167497007988 0.006958167497007988 0.0
3 0.016 -10 0.01314647805852812 0.01314647805852812 0.01314647805852812 0.01314647805852812 0.01314647805852812 0.0
3 0.022624 -10 0.0264298551643937 0.0264298551643937 0.0264298551643937 0.0264298551643937 0.0264298551643937 0.0
3 0.032 -10 0.05000500050005 0.05000500050005 0.05000500050005 0.05000500050005 0.05000500050005 0.0
3 0.045249 -10 0.0893814801573114 0.0893814801573114 0.0893814801573114 0.0893814801573114 0.0893814801573114 0.0
3 0.064 -10 0.17774617845716317 0.17774617845716317 0.17774617845716317 0.17774617845716317 0.17774617845716317 0.0
3 0.090496 -10 0.2832058906825262 0.2832058906825262 0.2832058906825262 0.2832058906825262 0.2832058906825262 0.0
3 0.128 -10 0.4972650422675286 0.4972650422675286 0.4972650422675286 0.4972650422675286 0.4972650422675286 0.0
3 0.181 -10 0.746268656716418 0.746268656716418 0.746268656716418 0.746268656716418 0.746268656716418 0.0
