7 0.362 -10 1.0 1.0 1.0 1.0 1.0 0.0 nan 0.0
7 0.256 -10 1.0 1.0 1.0 1.0 1.0 0.0 nan 0.0
7 0.181 -10 1.0 1.0 1.0 1.0 1.0 0.0 nan 0.0
7 0.128 -10 0.999000999000999 0.999000999000999 0.999000999000999 0.999000999000999 0.999000999000999 0.0 nan 0.0
7 0.090496 -10 0.984251968503937 0.984251968503937 0.984251968503937 0.984251968503937 0.984251968503937 0.0 nan 0.0
7 0.064 -10 0.8952551477170994 0.8952551477170994 0.8952551477170994 0.8952551477170994 0.8952551477170994 0.0 nan 0.0
7 0.045249 -10 0.6925207756232687 0.6925207756232687 0.6925207756232687 0.6925207756232687 0.6925207756232687 0.0 nan 0.0
7 0.032 -10 0.5120327700972862 0.5120327700972862 0.5120327700972862 0.5120327700972862 0.5120327700972862 0.0 2.0 0.0
7 0.022624 -10 0.3389830508474576 0.3389830508474576 0.3389830508474576 0.3389830508474576 0.3389830508474576 0.0 2.0 0.0
7 0.016 -10 0.20644095788604458 0.20644095788604458 0.20644095788604458 0.20644095788604458 0.20644095788604458 0.0 2.0 0.0
7 0.011312 -10 0.11031439602868175 0.11031439602868175 0.11031439602868175 0.11031439602868175 0.11031439602868175 0.0 2.0 0.0
7 0.008 -10 0.0584385226741468 0.0584385226741468 0.0584385226741468 0.0584385226741468 0.0584385226741468 0.0 2.0 0.0
7 0.005656 -10 0.03097509602279767 0.03097509602279767 0.03097509602279767 0.03097509602279767 0.03097509602279767 0.0 2.0 0.0
7 0.004 -10 0.015590651845153645 0.015590651845153645 0.015590651845153645 0.015590651845153645 0.015590651845153645 0.0 2.0 0.0
