7 0.181 -10 0.9891196834817013 0.9891196834817013 0.9891196834817013 0.9891196834817013 0.9891196834817013 0.0
7 0.128 -10 0.75642965204236 0.75642965204236 0.75642965204236 0.75642965204236 0.75642965204236 0.0
7 0.090496 -10 0.3526093088857546 0.3526093088857546 0.3526093088857546 0.3526093088857546 0.3526093088857546 0.0
7 0.064 -10 0.10359473738734072 0.10359473738734072 0.10359473738734072 0.10359473738734072 0.10359473738734072 0.0
7 0.045249 -10 0.025510204081632654 0.025510204081632654 0.025510204081632654 0.025510204081632654 0.025510204081632654 0.0
7 0.032 -10 0.005939935373503136 0.005939935373503136 0.005939935373503136 0.005939935373503136 0.005939935373503136 0.0
7 0.022624 -10 0.0013135081174801661 0.0013135081174801661 0.0013135081174801661 0.0013135081174801661 0.0013135081174801661 0.0
7 0.016 -10 0.0003061308519590997 0.0003061308519590997 0.0003061308519590997 0.0003061308519590997 0.0003061308519590997 0.0
7 0.011312 -10 6.363006599519555e-05 6.363006599519555e-05 6.363006599519555e-05 6.363006599519555e-05 6.363006599519555e-05 0.0
7 0.008 -10 1.5021669434133863e-05 1.5021669434133863e-05 1.5021669434133863e-05 1.5021669434133863e-05 1.5021669434133863e-05 0.0
