9 0.181 -10 1.0 1.0 1.0 1.0 1.0 0.0
9 0.128 -10 0.9380863039399625 0.9380863039399625 0.9380863039399625 0.9380863039399625 0.9380863039399625 0.0
9 0.090496 -10 0.5698005698005698 0.5698005698005698 0.5698005698005698 0.5698005698005698 0.5698005698005698 0.0
9 0.064 -10 0.19677292404565133 0.19677292404565133 0.19677292404565133 0.19677292404565133 0.19677292404565133 0.0
9 0.045249 -10 0.047472110135295516 0.047472110135295516 0.047472110135295516 0.047472110135295516 0.047472110135295516 0.0
9 0.032 -10 0.01106084571226316 0.01106084571226316 0.01106084571226316 0.01106084571226316 0.01106084571226316 0.0
9 0.022624 -10 0.0026450268205719606 0.0026450268205719606 0.0026450268205719606 0.0026450268205719606 0.0026450268205719606 0.0
9 0.016 -10 0.0006228620260954274 0.0006228620260954274 0.0006228620260954274 0.0006228620260954274 0.0006228620260954274 0.0
9 0.011312 -10 0.00014327205873925172 0.00014327205873925172 0.00014327205873925172 0.00014327205873925172 0.00014327205873925172 0.0
9 0.008 -10 3.554749559539869e-05 3.554749559539869e-05 3.554749559539869e-05 3.554749559539869e-05 3.554749559539869e-05 0.0
