5 0.001 -10 0.00010681752149168533 0.00010681752149168533 0.00010681752149168533 0.00010681752149168533 0.00010681752149168533 0.0
5 0.001414 -10 0.00019453019984087429 0.00019453019984087429 0.00019453019984087429 0.00019453019984087429 0.00019453019984087429 0.0
5 0.002 -10 0.00041157005745518004 0.00041157005745518004 0.00041157005745518004 0.00041157005745518004 0.00041157005745518004 0.0
5 0.002828 -10 0.0007338749330339123 0.0007338749330339123 0.0007338749330339123 0.0007338749330339123 0.0007338749330339123 0.0
5 0.004 -10 0.0018034915596595008 0.0018034915596595008 0.0018034915596595008 0.0018034915596595008 0.0018034915596595008 0.0
5 0.005656 -10 0.003444119166523162 0.003444119166523162 0.003444119166523162 0.003444119166523162 0.003444119166523162 0.0
5 0.008 -10 0.006118827632625589 0.006118827632625589 0.006118827632625589 0.006118827632625589 0.006118827632625589 0.0
5 0.011312 -10 0.013007284079084287 0.013007284079084287 0.013007284079084287 0.013007284079084287 0.013007284079084287 0.0
5 0.016 -10 0.024125452352231604 0.024125452352231604 0.024125452352231604 0.024125452352231604 0.024125452352231604 0.0
5 0.022624 -10 0.035984166966534725 0.035984166966534725 0.035984166966534725 0.035984166966534725 0.035984166966534725 0.0
5 0.032 -10 0.08818342151675485 0.08818342151675485 0.08818342151675485 0.08818342151675485 0.08818342151675485 0.0
5 0.045249 -10 0.17543859649122806 0.17543859649122806 0.17543859649122806 0.17543859649122806 0.17543859649122806 0.0
5 0.064 -10 0.32679738562091504 0.32679738562091504 0.32679738562091504 0.32679738562091504 0.32679738562091504 0.0
5 0.090496 -10 0.546448087431694 0.546448087431694 0.546448087431694 0.546448087431694 0.546448087431694 0.0
5 0.128 -10 0.8771929824561403 0.8771929824561403 0.8771929824561403 0.8771929824561403 0.8771929824561403 0.0
5 0.181 -10 1.0 1.0 1.0 1.0 1.0 0.0
5 0.256 -10 1.0 1.0 1.0 1.0 1.0 0.0
5 0.362 -10 1.0 1.0 1.0 1.0 1.0 0.0
