5 0.362 -10 1.0 1.0 1.0 1.0 1.0 0.0 nan 0.001
5 0.256 -10 1.0 1.0 1.0 1.0 1.0 0.0 nan 0.001
5 0.181 -10 0.9910802775024777 0.9910802775024777 0.9910802775024777 0.9910802775024777 0.9910802775024777 0.0 nan 0.002
5 0.128 -10 0.9551098376313276 0.9551098376313276 0.9551098376313276 0.9551098376313276 0.9551098376313276 0.0 nan 0.004
5 0.090496 -10 0.8517887563884157 0.8517887563884157 0.8517887563884157 0.8517887563884157 0.8517887563884157 0.0 nan 0.002
5 0.064 -10 0.6882312456985548 0.6882312456985548 0.6882312456985548 0.6882312456985548 0.6882312456985548 0.0 nan 0.0
5 0.045249 -10 0.485201358563804 0.485201358563804 0.485201358563804 0.485201358563804 0.485201358563804 0.0 2.0 0.001
5 0.032 -10 0.3235198964736331 0.3235198964736331 0.3235198964736331 0.3235198964736331 0.3235198964736331 0.0 2.0 0.0
5 0.022624 -10 0.18649757553151808 0.18649757553151808 0.18649757553151808 0.18649757553151808 0.18649757553151808 0.0 2.0 0.001
5 0.016 -10 0.10241704219582139 0.10241704219582139 0.10241704219582139 0.10241704219582139 0.10241704219582139 0.0 2.0 0.0
5 0.011312 -10 0.056577086280056574 0.056577086280056574 0.056577086280056574 0.056577086280056574 0.056577086280056574 0.0 2.0 0.0
5 0.008 -10 0.0289544546428468 0.0289544546428468 0.0289544546428468 0.0289544546428468 0.0289544546428468 0.0 2.0 0.0
5 0.005656 -10 0.015146925174189639 0.015146925174189639 0.015146925174189639 0.015146925174189639 0.015146925174189639 0.0 2.0 0.0
5 0.004 -10 0.007978553647794727 0.007978553647794727 0.007978553647794727 0.007978553647794727 0.007978553647794727 0.0 2.0 0.0
