3 0.362 -10 0.999000999000999 0.999000999000999 0.999000999000999 0.999000999000999 0.999000999000999 0.0 nan 0.006
3 0.256 -10 0.9960159362549801 0.9960159362549801 0.9960159362549801 0.9960159362549801 0.9960159362549801 0.0 nan 0.0030000000000000005
3 0.181 -10 0.9643201542912246 0.9643201542912246 0.9643201542912246 0.9643201542912246 0.9643201542912246 0.0 nan 0.002
3 0.128 -10 0.9057971014492754 0.9057971014492754 0.9057971014492754 0.9057971014492754 0.9057971014492754 0.0 nan 0.001
3 0.090496 -10 0.8 0.8 0.8 0.8 0.8 0.0 nan 0.004
3 0.064 -10 0.6825938566552902 0.6825938566552902 0.6825938566552902 0.6825938566552902 0.6825938566552902 0.0 nan 0.002
3 0.045249 -10 0.5530973451327433 0.5530973451327433 0.5530973451327433 0.5530973451327433 0.5530973451327433 0.0 nan 0.0
3 0.032 -10 0.4361098996947231 0.4361098996947231 0.4361098996947231 0.4361098996947231 0.4361098996947231 0.0 nan 0.001
3 0.022624 -10 0.34281796366129585 0.34281796366129585 0.34281796366129585 0.34281796366129585 0.34281796366129585 0.0 nan 0.001
3 0.016 -10 0.2506265664160401 0.2506265664160401 0.2506265664160401 0.2506265664160401 0.2506265664160401 0.0 nan 0.0030000000000000005
3 0.011312 -10 0.18115942028985507 0.18115942028985507 0.18115942028985507 0.18115942028985507 0.18115942028985507 0.0 nan 0.002
3 0.008 -10 0.13078733978550877 0.13078733978550877 0.13078733978550877 0.13078733978550877 0.13078733978550877 0.0 nan 0.0
3 0.005656 -10 0.0977230528681716 0.0977230528681716 0.0977230528681716 0.0977230528681716 0.0977230528681716 0.0 nan 0.002
3 0.004 -10 0.06700167504187604 0.06700167504187604 0.06700167504187604 0.06700167504187604 0.06700167504187604 0.0 nan 0.0
