7 0.001 -10 1.1298059856488429e-06 1.1298059856488429e-06 1.1298059856488429e-06 1.1298059856488429e-06 1.1298059856488429e-06 0.0
7 0.001414 -10 4.9085488268077446e-06 4.9085488268077446e-06 4.9085488268077446e-06 4.9085488268077446e-06 4.9085488268077446e-06 0.0
7 0.002 -10 9.81666976546209e-06 9.81666976546209e-06 9.81666976546209e-06 9.81666976546209e-06 9.81666976546209e-06 0.0
7 0.002828 -10 3.278354239944714e-05 3.278354239944714e-05 3.278354239944714e-05 3.278354239944714e-05 3.278354239944714e-05 0.0
7 0.004 -10 8.945527996371694e-05 8.945527996371694e-05 8.945527996371694e-05 8.945527996371694e-05 8.945527996371694e-05 0.0
7 0.005656 -10 0.0002508138910765434 0.0002508138910765434 0.0002508138910765434 0.0002508138910765434 0.0002508138910765434 0.0
7 0.008 -10 0.0007606645165216333 0.0007606645165216333 0.0007606645165216333 0.0007606645165216333 0.0007606645165216333 0.0
7 0.011312 -10 0.002218032605079295 0.002218032605079295 0.002218032605079295 0.002218032605079295 0.002218032605079295 0.0
7 0.016 -10 0.005593466830741693 0.005593466830741693 0.005593466830741693 0.005593466830741693 0.005593466830741693 0.0
7 0.022624 -10 0.020420665713702265 0.020420665713702265 0.020420665713702265 0.020420665713702265 0.020420665713702265 0.0
7 0.032 -10 0.06414368184733804 0.06414368184733804 0.06414368184733804 0.06414368184733804 0.06414368184733804 0.0
7 0.045249 -10 0.17035775127768313 0.17035775127768313 0.17035775127768313 0.17035775127768313 0.17035775127768313 0.0
7 0.064 -10 0.4484304932735426 0.4484304932735426 0.4484304932735426 0.4484304932735426 0.4484304932735426 0.0
7 0.090496 -10 0.6993006993006993 0.6993006993006993 0.6993006993006993 0.6993006993006993 0.6993006993006993 0.0
7 0.128 -10 0.9803921568627451 0.9803921568627451 0.9803921568627451 0.9803921568627451 0.9803921568627451 0.0
7 0.181 -10 1.0 1.0 1.0 1.0 1.0 0.0
7 0.256 -10 1.0 1.0 1.0 1.0 1.0 0.0
7 0.362 -10 1.0 1.0 1.0 1.0 1.0 0.0
