9 0.181 -10 0.998003992015968 0.998003992015968 0.998003992015968 0.998003992015968 0.998003992015968 0.0
9 0.128 -10 0.9337068160597572 0.9337068160597572 0.9337068160597572 0.9337068160597572 0.9337068160597572 0.0
9 0.090496 -10 0.532197977647685 0.532197977647685 0.532197977647685 0.532197977647685 0.532197977647685 0.0
9 0.064 -10 0.15082956259426847 0.15082956259426847 0.15082956259426847 0.15082956259426847 0.15082956259426847 0.0
9 0.045249 -10 0.03479350057409276 0.03479350057409276 0.03479350057409276 0.03479350057409276 0.03479350057409276 0.0
9 0.032 -10 0.00766083932155607 0.00766083932155607 0.00766083932155607 0.00766083932155607 0.00766083932155607 0.0
9 0.022624 -10 0.0016136944566368025 0.0016136944566368025 0.0016136944566368025 0.0016136944566368025 0.0016136944566368025 0.0
9 0.016 -10 0.0003611687275556209 0.0003611687275556209 0.0003611687275556209 0.0003611687275556209 0.0003611687275556209 0.0
9 0.011312 -10 8.354401742126686e-05 8.354401742126686e-05 8.354401742126686e-05 8.354401742126686e-05 8.354401742126686e-05 0.0
9 0.008 -10 1.913157349386305e-05 1.913157349386305e-05 1.913157349386305e-05 1.913157349386305e-05 1.913157349386305e-05 0.0
