3 0.362 -10 1.0 1.0 1.0 1.0 1.0 0.0 nan 0.006
3 0.256 -10 0.9970089730807578 0.9970089730807578 0.9970089730807578 0.9970089730807578 0.9970089730807578 0.0 nan 0.0030000000000000005
3 0.181 -10 0.7698229407236336 0.7698229407236336 0.7698229407236336 0.7698229407236336 0.7698229407236336 0.0 nan 0.20400000000000001
3 0.128 -10 0.49925112331502747 0.49925112331502747 0.49925112331502747 0.49925112331502747 0.49925112331502747 0.0 2.0797356000000002 0.3549999999999999
3 0.090496 -10 0.2946375957572186 0.2946375957572186 0.2946375957572186 0.2946375957572186 0.2946375957572186 0.0 2.027129200000001 0.41800000000000004
3 0.064 -10 0.16798252981689904 0.16798252981689904 0.16798252981689904 0.16798252981689904 0.16798252981689904 0.0 2.0034501000000002 0.408
3 0.045249 -10 0.08188666885031116 0.08188666885031116 0.08188666885031116 0.08188666885031116 0.08188666885031116 0.0 2.0036833 0.462
3 0.032 -10 0.04248088360237893 0.04248088360237893 0.04248088360237893 0.04248088360237893 0.04248088360237893 0.0 2.0132285999999993 0.439
3 0.022624 -10 0.022597848684805206 0.022597848684805206 0.022597848684805206 0.022597848684805206 0.022597848684805206 0.0 2.049426500000001 0.395
3 0.016 -10 0.012006099098341957 0.012006099098341957 0.012006099098341957 0.012006099098341957 0.012006099098341957 0.0 2.1063202999999984 0.4379999999999999
3 0.011312 -10 0.005541209978610929 0.005541209978610929 0.005541209978610929 0.005541209978610929 0.005541209978610929 0.0 2.206601000000001 0.4259999999999997
3 0.008 -10 0.0027413483047502084 0.0027413483047502084 0.0027413483047502084 0.0027413483047502084 0.0027413483047502084 0.0 2.2051969999999996 0.43999999999999995
3 0.005656 -10 0.0014179670606251818 0.0014179670606251818 0.0014179670606251818 0.0014179670606251818 0.0014179670606251818 0.0 2.2691405 0.41999999999999976
3 0.004 -10 0.0007028938138315445 0.0007028938138315445 0.0007028938138315445 0.0007028938138315445 0.0007028938138315445 0.0 2.3524025 0.43999999999999984
